num_episodes,num_steps,num_updates,episode_steps,train_reward
1.0,50.0,0.0,50.0,-16.991131899759964
2.0,100.0,0.0,50.0,-18.24893857695791
3.0,150.0,0.0,50.0,-21.197057090676196
4.0,200.0,0.0,50.0,-21.817479151081734
5.0,250.0,0.0,50.0,-23.546606377314987
6.0,300.0,43.0,50.0,-16.752102892645283
7.0,350.0,93.0,50.0,-13.562751077708135
8.0,400.0,143.0,50.0,-26.648526246807947
9.0,450.0,193.0,50.0,-15.278348903201843
10.0,500.0,243.0,50.0,-16.996746913276052
11.0,550.0,293.0,50.0,-13.563146033202205
12.0,600.0,343.0,50.0,-21.423841523405933
13.0,650.0,393.0,50.0,-24.305779903010905
14.0,700.0,443.0,50.0,-20.013568981731176
15.0,750.0,493.0,50.0,-24.615612619295877
16.0,800.0,543.0,50.0,-17.928675909738157
17.0,850.0,593.0,50.0,-22.297763237081814
18.0,900.0,643.0,50.0,-20.45445209351235
19.0,950.0,693.0,50.0,-17.202966413723072
20.0,1000.0,743.0,50.0,-25.351296191951047
21.0,1050.0,793.0,50.0,-16.64096150262691
22.0,1100.0,843.0,50.0,-26.38746809797585
23.0,1150.0,893.0,50.0,-21.40947144513725
24.0,1200.0,943.0,50.0,-17.04211760759777
25.0,1250.0,993.0,50.0,-24.662421199710273
26.0,1300.0,1043.0,50.0,-18.322767768007427
27.0,1350.0,1093.0,50.0,-24.06992864357243
28.0,1400.0,1143.0,50.0,-23.44160874775653
29.0,1450.0,1193.0,50.0,-15.51475429680471
30.0,1500.0,1243.0,50.0,-24.084379797480356
31.0,1550.0,1293.0,50.0,-21.74068476037386
32.0,1600.0,1343.0,50.0,-26.07829272705881
33.0,1650.0,1393.0,50.0,-26.845948041420158
34.0,1700.0,1443.0,50.0,-21.001766772599403
35.0,1750.0,1493.0,50.0,-23.621800977464062
36.0,1800.0,1543.0,50.0,-22.168018722426734
37.0,1850.0,1593.0,50.0,-23.488154581334193
38.0,1900.0,1643.0,50.0,-19.94525646475037
39.0,1950.0,1693.0,50.0,-22.736337439730665
40.0,2000.0,1743.0,50.0,-19.733133164039607
41.0,2050.0,1793.0,50.0,-18.4370677755776
42.0,2100.0,1843.0,50.0,-19.528240826334187
43.0,2150.0,1893.0,50.0,-18.61511979196107
44.0,2200.0,1943.0,50.0,-15.477469341806694
45.0,2250.0,1993.0,50.0,-19.604134247935793
46.0,2300.0,2043.0,50.0,-25.931887129425938
47.0,2350.0,2093.0,50.0,-22.894600529789507
48.0,2400.0,2143.0,50.0,-27.821946853862386
49.0,2450.0,2193.0,50.0,-26.648481100976483
50.0,2500.0,2243.0,50.0,-24.00275888064714
51.0,2550.0,2293.0,50.0,-20.71284816061936
52.0,2600.0,2343.0,50.0,-28.75340145206594
53.0,2650.0,2393.0,50.0,-18.010258613269063
54.0,2700.0,2443.0,50.0,-17.656382448785926
55.0,2750.0,2493.0,50.0,-17.249894147191508
56.0,2800.0,2543.0,50.0,-25.722666731267843
57.0,2850.0,2593.0,50.0,-23.597714619661218
58.0,2900.0,2643.0,50.0,-27.56134106786816
59.0,2950.0,2693.0,50.0,-23.53614105092725
60.0,3000.0,2743.0,50.0,-22.059958160469517
61.0,3050.0,2793.0,50.0,-24.33525119026586
62.0,3100.0,2843.0,50.0,-22.178514062509436
63.0,3150.0,2893.0,50.0,-23.429474973722684
64.0,3200.0,2943.0,50.0,-27.050936986370697
65.0,3250.0,2993.0,50.0,-24.315351026597064
66.0,3300.0,3043.0,50.0,-22.67814146178971
67.0,3350.0,3093.0,50.0,-19.763863167016915
68.0,3400.0,3143.0,50.0,-20.095632306032723
69.0,3450.0,3193.0,50.0,-24.620688343406613
70.0,3500.0,3243.0,50.0,-15.24370473897068
71.0,3550.0,3293.0,50.0,-26.3133663618875
72.0,3600.0,3343.0,50.0,-17.820285951990616
73.0,3650.0,3393.0,50.0,-22.99833203172426
74.0,3700.0,3443.0,50.0,-27.362533920485813
75.0,3750.0,3493.0,50.0,-27.92085343756508
76.0,3800.0,3543.0,50.0,-22.017456241510985
77.0,3850.0,3593.0,50.0,-20.13910910327072
78.0,3900.0,3643.0,50.0,-20.496597340710384
79.0,3950.0,3693.0,50.0,-14.299479648530246
80.0,4000.0,3743.0,50.0,-14.784392130596265
81.0,4050.0,3793.0,50.0,-25.049599228774028
82.0,4100.0,3843.0,50.0,-21.430303805663698
83.0,4150.0,3893.0,50.0,-19.439474379154937
84.0,4200.0,3943.0,50.0,-25.902707075750968
85.0,4250.0,3993.0,50.0,-21.466458320826188
86.0,4300.0,4043.0,50.0,-20.30075630491768
87.0,4350.0,4093.0,50.0,-18.61776756819592
88.0,4400.0,4143.0,50.0,-18.80424802433532
89.0,4450.0,4193.0,50.0,-18.650973605676096
90.0,4500.0,4243.0,50.0,-16.612140234584235
91.0,4550.0,4293.0,50.0,-19.540412792200634
92.0,4600.0,4343.0,50.0,-17.716632416322746
93.0,4650.0,4393.0,50.0,-19.826010909292915
94.0,4700.0,4443.0,50.0,-26.32518957137237
95.0,4750.0,4493.0,50.0,-13.814709570708299
96.0,4800.0,4543.0,50.0,-18.51416362699856
97.0,4850.0,4593.0,50.0,-20.005631294835723
98.0,4900.0,4643.0,50.0,-25.71522879323306
99.0,4950.0,4693.0,50.0,-20.665877959143636
100.0,5000.0,4743.0,50.0,-27.61863351557521
101.0,5050.0,4793.0,50.0,-23.946093380856684
102.0,5100.0,4843.0,50.0,-18.198900620267466
103.0,5150.0,4893.0,50.0,-15.986696834749912
104.0,5200.0,4943.0,50.0,-29.842914423116923
105.0,5250.0,4993.0,50.0,-25.936014547255546
106.0,5300.0,5043.0,50.0,-23.700299775651263
107.0,5350.0,5093.0,50.0,-18.3952855471396
108.0,5400.0,5143.0,50.0,-16.86226202699093
109.0,5450.0,5193.0,50.0,-19.339621776055825
110.0,5500.0,5243.0,50.0,-21.314805268530087
111.0,5550.0,5293.0,50.0,-16.67666907971367
112.0,5600.0,5343.0,50.0,-20.843312244477165
113.0,5650.0,5393.0,50.0,-13.681158234975205
114.0,5700.0,5443.0,50.0,-26.703525608086334
115.0,5750.0,5493.0,50.0,-18.88325298758881
116.0,5800.0,5543.0,50.0,-22.692545477937593
117.0,5850.0,5593.0,50.0,-27.439777801518815
118.0,5900.0,5643.0,50.0,-27.5212682724035
119.0,5950.0,5693.0,50.0,-27.33133262802791
120.0,6000.0,5743.0,50.0,-18.059897784698236
121.0,6050.0,5793.0,50.0,-22.617003537825852
122.0,6100.0,5843.0,50.0,-23.383412071485694
123.0,6150.0,5893.0,50.0,-25.084595474007898
124.0,6200.0,5943.0,50.0,-21.485407599061055
125.0,6250.0,5993.0,50.0,-25.52687612570938
126.0,6300.0,6043.0,50.0,-24.63082104670459
127.0,6350.0,6093.0,50.0,-21.826349522902607
128.0,6400.0,6143.0,50.0,-20.45800048500988
129.0,6450.0,6193.0,50.0,-20.415052950856065
130.0,6500.0,6243.0,50.0,-19.153775382331602
131.0,6550.0,6293.0,50.0,-21.501480904469954
132.0,6600.0,6343.0,50.0,-20.96627375054217
133.0,6650.0,6393.0,50.0,-17.684989793170296
134.0,6700.0,6443.0,50.0,-19.231403412117736
135.0,6750.0,6493.0,50.0,-13.165946485013194
136.0,6800.0,6543.0,50.0,-16.819921518889956
137.0,6850.0,6593.0,50.0,-19.905114615186584
138.0,6900.0,6643.0,50.0,-23.619440548992298
139.0,6950.0,6693.0,50.0,-20.398506075076938
140.0,7000.0,6743.0,50.0,-16.534050454936125
141.0,7050.0,6793.0,50.0,-27.156059031377787
142.0,7100.0,6843.0,50.0,-26.05270479387334
143.0,7150.0,6893.0,50.0,-19.754515063546425
144.0,7200.0,6943.0,50.0,-19.165927513555783
145.0,7250.0,6993.0,50.0,-24.435945449166876
146.0,7300.0,7043.0,50.0,-24.829571652844134
147.0,7350.0,7093.0,50.0,-18.925278905165378
148.0,7400.0,7143.0,50.0,-20.599275716927405
149.0,7450.0,7193.0,50.0,-21.76316394029512
150.0,7500.0,7243.0,50.0,-23.567402559546995
151.0,7550.0,7293.0,50.0,-22.448851150438564
152.0,7600.0,7343.0,50.0,-18.87670746118144
153.0,7650.0,7393.0,50.0,-19.967090514394556
154.0,7700.0,7443.0,50.0,-15.454265866026903
155.0,7750.0,7493.0,50.0,-27.75701645888846
156.0,7800.0,7543.0,50.0,-16.731347448706373
157.0,7850.0,7593.0,50.0,-18.085706585978865
158.0,7900.0,7643.0,50.0,-15.318485415980511
159.0,7950.0,7693.0,50.0,-24.568399141508486
160.0,8000.0,7743.0,50.0,-25.813080635263805
161.0,8050.0,7793.0,50.0,-22.219991451487527
162.0,8100.0,7843.0,50.0,-26.87630325318015
163.0,8150.0,7893.0,50.0,-26.789357343984214
164.0,8200.0,7943.0,50.0,-23.205953934113623
165.0,8250.0,7993.0,50.0,-16.50965324755069
166.0,8300.0,8043.0,50.0,-20.776581465651915
167.0,8350.0,8093.0,50.0,-26.885284240946973
168.0,8400.0,8143.0,50.0,-22.84110762733804
169.0,8450.0,8193.0,50.0,-22.884318780241053
170.0,8500.0,8243.0,50.0,-15.493043225829604
171.0,8550.0,8293.0,50.0,-21.387539560753254
172.0,8600.0,8343.0,50.0,-20.903518384674943
173.0,8650.0,8393.0,50.0,-22.59644526366091
174.0,8700.0,8443.0,50.0,-16.637971555607148
175.0,8750.0,8493.0,50.0,-30.69271253301151
176.0,8800.0,8543.0,50.0,-27.899545265731465
177.0,8850.0,8593.0,50.0,-21.25866624032161
178.0,8900.0,8643.0,50.0,-24.72885867061757
179.0,8950.0,8693.0,50.0,-15.506709898251007
180.0,9000.0,8743.0,50.0,-26.965713693183915
181.0,9050.0,8793.0,50.0,-14.094236979498
182.0,9100.0,8843.0,50.0,-24.726956197450164
183.0,9150.0,8893.0,50.0,-22.823685810498098
184.0,9200.0,8943.0,50.0,-20.61201599906135
185.0,9250.0,8993.0,50.0,-22.927597149080018
186.0,9300.0,9043.0,50.0,-25.98081866903693
187.0,9350.0,9093.0,50.0,-20.15004601090658
188.0,9400.0,9143.0,50.0,-17.712567401192267
189.0,9450.0,9193.0,50.0,-18.817212615310776
190.0,9500.0,9243.0,50.0,-23.97899913938048
191.0,9550.0,9293.0,50.0,-29.05688624255021
192.0,9600.0,9343.0,50.0,-22.256456549501298
193.0,9650.0,9393.0,50.0,-22.349078635364844
194.0,9700.0,9443.0,50.0,-22.129869282796957
195.0,9750.0,9493.0,50.0,-24.795689506165235
196.0,9800.0,9543.0,50.0,-18.555543705142597
197.0,9850.0,9593.0,50.0,-24.202675443123265
198.0,9900.0,9643.0,50.0,-18.033284099315846
199.0,9950.0,9693.0,50.0,-16.75003348284307
200.0,10000.0,9743.0,50.0,-25.56133051355072
201.0,10050.0,9793.0,50.0,-10.836001870993334
202.0,10100.0,9843.0,50.0,-8.90736664470927
203.0,10150.0,9893.0,50.0,-10.038631099467295
204.0,10200.0,9943.0,50.0,-11.402196606207461
205.0,10250.0,9993.0,50.0,-8.162795233457498
206.0,10300.0,10043.0,50.0,-10.858355690615504
207.0,10350.0,10093.0,50.0,-16.911819254756324
208.0,10400.0,10143.0,50.0,-10.763989421129809
209.0,10450.0,10193.0,50.0,-10.935686082420096
210.0,10500.0,10243.0,50.0,-3.737172553678285
211.0,10550.0,10293.0,50.0,-13.220733718742824
212.0,10600.0,10343.0,50.0,-13.422888799787067
213.0,10650.0,10393.0,50.0,-10.922291261638454
214.0,10700.0,10443.0,50.0,-12.44331284388111
215.0,10750.0,10493.0,50.0,-13.831805092363613
216.0,10800.0,10543.0,50.0,-12.77071380616766
217.0,10850.0,10593.0,50.0,-13.96444022384385
218.0,10900.0,10643.0,50.0,-7.3075589628415525
219.0,10950.0,10693.0,50.0,-13.068264303660294
220.0,11000.0,10743.0,50.0,-15.54705457312915
221.0,11050.0,10793.0,50.0,-12.67157445716706
222.0,11100.0,10843.0,50.0,-14.36030936515634
223.0,11150.0,10893.0,50.0,-8.836293026160387
224.0,11200.0,10943.0,50.0,-10.77733625640384
225.0,11250.0,10993.0,50.0,-7.916226479462756
226.0,11300.0,11043.0,50.0,-6.759402203574019
227.0,11350.0,11093.0,50.0,-10.745364225726242
228.0,11400.0,11143.0,50.0,-14.224101272677014
229.0,11450.0,11193.0,50.0,-8.849730956987539
230.0,11500.0,11243.0,50.0,-11.600631709401082
231.0,11550.0,11293.0,50.0,-8.890774812453635
232.0,11600.0,11343.0,50.0,-11.299664962937182
233.0,11650.0,11393.0,50.0,-6.664226536100773
234.0,11700.0,11443.0,50.0,-6.303296617411912
235.0,11750.0,11493.0,50.0,-7.394935563179282
236.0,11800.0,11543.0,50.0,-12.908432217952592
237.0,11850.0,11593.0,50.0,-12.13524146132191
238.0,11900.0,11643.0,50.0,-9.070546850265087
239.0,11950.0,11693.0,50.0,-10.380037074582518
240.0,12000.0,11743.0,50.0,-10.184858084380291
241.0,12050.0,11793.0,50.0,-7.801555925146496
242.0,12100.0,11843.0,50.0,-11.272017501713327
243.0,12150.0,11893.0,50.0,-11.615212150719687
244.0,12200.0,11943.0,50.0,-11.955765958552572
245.0,12250.0,11993.0,50.0,-15.161821652096206
246.0,12300.0,12043.0,50.0,-5.872644511186672
247.0,12350.0,12093.0,50.0,-3.282178049208366
248.0,12400.0,12143.0,50.0,-5.320722562203586
249.0,12450.0,12193.0,50.0,-8.842528524777563
250.0,12500.0,12243.0,50.0,-11.445466885521313
251.0,12550.0,12293.0,50.0,-8.817783691350515
252.0,12600.0,12343.0,50.0,-5.939595496980484
253.0,12650.0,12393.0,50.0,-15.159340845417804
254.0,12700.0,12443.0,50.0,-8.722573875939169
255.0,12750.0,12493.0,50.0,-12.277009075943138
256.0,12800.0,12543.0,50.0,-11.973402360304831
257.0,12850.0,12593.0,50.0,-11.050402287175153
258.0,12900.0,12643.0,50.0,-13.784022560250367
259.0,12950.0,12693.0,50.0,-9.53736442863444
260.0,13000.0,12743.0,50.0,-7.676010310886669
261.0,13050.0,12793.0,50.0,-8.677489572315151
262.0,13100.0,12843.0,50.0,-10.37905235167081
263.0,13150.0,12893.0,50.0,-5.818834699281486
264.0,13200.0,12943.0,50.0,-18.862733572148016
265.0,13250.0,12993.0,50.0,-10.969691316385696
266.0,13300.0,13043.0,50.0,-11.129080815236795
267.0,13350.0,13093.0,50.0,-12.558672240869047
268.0,13400.0,13143.0,50.0,-10.831465164331522
269.0,13450.0,13193.0,50.0,-14.332895349035063
270.0,13500.0,13243.0,50.0,-4.564017863942744
271.0,13550.0,13293.0,50.0,-9.720876451652316
272.0,13600.0,13343.0,50.0,-14.5739505741299
273.0,13650.0,13393.0,50.0,-10.322102285625995
274.0,13700.0,13443.0,50.0,-15.5540114556007
275.0,13750.0,13493.0,50.0,-4.471193700021281
276.0,13800.0,13543.0,50.0,-5.7531768747130965
277.0,13850.0,13593.0,50.0,-6.887272588971648
278.0,13900.0,13643.0,50.0,-8.534959628408592
279.0,13950.0,13693.0,50.0,-5.6896239030174
280.0,14000.0,13743.0,50.0,-3.271633124873503
281.0,14050.0,13793.0,50.0,-8.891836031491069
282.0,14100.0,13843.0,50.0,-9.893729905524973
283.0,14150.0,13893.0,50.0,-7.994689874680283
284.0,14200.0,13943.0,50.0,-10.887751410127896
285.0,14250.0,13993.0,50.0,-12.919014480664623
286.0,14300.0,14043.0,50.0,-13.320016692824456
287.0,14350.0,14093.0,50.0,-8.79155575821942
288.0,14400.0,14143.0,50.0,-12.503248260397092
289.0,14450.0,14193.0,50.0,-11.690720482551711
290.0,14500.0,14243.0,50.0,-4.488848064410136
291.0,14550.0,14293.0,50.0,-8.656124865150549
292.0,14600.0,14343.0,50.0,-6.9914134270895545
293.0,14650.0,14393.0,50.0,-4.8106889723617074
294.0,14700.0,14443.0,50.0,-7.744662583229856
295.0,14750.0,14493.0,50.0,-5.770274112751603
296.0,14800.0,14543.0,50.0,-7.446954979660606
297.0,14850.0,14593.0,50.0,-13.624058807003047
298.0,14900.0,14643.0,50.0,-9.652554304355457
299.0,14950.0,14693.0,50.0,-13.554303485556089
300.0,15000.0,14743.0,50.0,-7.971806454899008
301.0,15050.0,14793.0,50.0,-11.52616381348669
302.0,15100.0,14843.0,50.0,-13.341946095437597
303.0,15150.0,14893.0,50.0,-3.823337317087691
304.0,15200.0,14943.0,50.0,-9.951418070029376
305.0,15250.0,14993.0,50.0,-12.796136679383281
306.0,15300.0,15043.0,50.0,-7.5309594389814425
307.0,15350.0,15093.0,50.0,-7.698169626556258
308.0,15400.0,15143.0,50.0,-5.612125063343702
309.0,15450.0,15193.0,50.0,-9.803937357599505
310.0,15500.0,15243.0,50.0,-9.341567231293846
311.0,15550.0,15293.0,50.0,-7.688195589910896
312.0,15600.0,15343.0,50.0,-10.350886860422465
313.0,15650.0,15393.0,50.0,-9.131689797888134
314.0,15700.0,15443.0,50.0,-8.958083450616032
315.0,15750.0,15493.0,50.0,-5.74741288339176
316.0,15800.0,15543.0,50.0,-13.58772389649592
317.0,15850.0,15593.0,50.0,-9.177094795765262
318.0,15900.0,15643.0,50.0,-10.247161212807278
319.0,15950.0,15693.0,50.0,-9.241095034723887
320.0,16000.0,15743.0,50.0,-7.98158721998969
321.0,16050.0,15793.0,50.0,-9.899229915474761
322.0,16100.0,15843.0,50.0,-9.655492217730401
323.0,16150.0,15893.0,50.0,-9.985699303925589
324.0,16200.0,15943.0,50.0,-8.912535857209482
325.0,16250.0,15993.0,50.0,-8.757106369205665
326.0,16300.0,16043.0,50.0,-7.828713332822882
327.0,16350.0,16093.0,50.0,-7.83847661796538
328.0,16400.0,16143.0,50.0,-6.617764545290851
329.0,16450.0,16193.0,50.0,-9.844510165421411
330.0,16500.0,16243.0,50.0,-6.45545460592925
331.0,16550.0,16293.0,50.0,-9.05174532578296
332.0,16600.0,16343.0,50.0,-9.544145749888507
333.0,16650.0,16393.0,50.0,-4.378611551509324
334.0,16700.0,16443.0,50.0,-7.538345358479636
335.0,16750.0,16493.0,50.0,-6.546325574506399
336.0,16800.0,16543.0,50.0,-5.226923326226523
337.0,16850.0,16593.0,50.0,-4.847298652975651
338.0,16900.0,16643.0,50.0,-6.824006129680258
339.0,16950.0,16693.0,50.0,-4.9057357871022065
340.0,17000.0,16743.0,50.0,-11.933702002107198
341.0,17050.0,16793.0,50.0,-5.9565815217537
342.0,17100.0,16843.0,50.0,-8.022745501819797
343.0,17150.0,16893.0,50.0,-9.845273252091014
344.0,17200.0,16943.0,50.0,-9.245846019563082
345.0,17250.0,16993.0,50.0,-8.110905629830455
346.0,17300.0,17043.0,50.0,-8.24002278164371
347.0,17350.0,17093.0,50.0,-10.501370795255411
348.0,17400.0,17143.0,50.0,-7.813584496351258
349.0,17450.0,17193.0,50.0,-7.067976814071517
350.0,17500.0,17243.0,50.0,-10.952477564417467
351.0,17550.0,17293.0,50.0,-5.391037345601572
352.0,17600.0,17343.0,50.0,-7.6187634133425775
353.0,17650.0,17393.0,50.0,-10.19921933708028
354.0,17700.0,17443.0,50.0,-6.035646893814307
355.0,17750.0,17493.0,50.0,-5.044753076827894
356.0,17800.0,17543.0,50.0,-9.188441325246034
357.0,17850.0,17593.0,50.0,-6.0505240417533805
358.0,17900.0,17643.0,50.0,-6.920490499473782
359.0,17950.0,17693.0,50.0,-7.625531989814186
360.0,18000.0,17743.0,50.0,-9.422654827444413
361.0,18050.0,17793.0,50.0,-11.22113775346982
362.0,18100.0,17843.0,50.0,-6.70055785907111
363.0,18150.0,17893.0,50.0,-4.930949343371659
364.0,18200.0,17943.0,50.0,-9.14522829963138
365.0,18250.0,17993.0,50.0,-5.988223010313519
366.0,18300.0,18043.0,50.0,-10.416495687579625
367.0,18350.0,18093.0,50.0,-7.385191515766786
368.0,18400.0,18143.0,50.0,-9.90940637744874
369.0,18450.0,18193.0,50.0,-7.439325432804102
370.0,18500.0,18243.0,50.0,-9.65910320718249
371.0,18550.0,18293.0,50.0,-11.350355590160353
372.0,18600.0,18343.0,50.0,-7.535460779425996
373.0,18650.0,18393.0,50.0,-5.1695308612471
374.0,18700.0,18443.0,50.0,-7.7519108512693755
375.0,18750.0,18493.0,50.0,-10.316593441046638
376.0,18800.0,18543.0,50.0,-6.098972880948726
377.0,18850.0,18593.0,50.0,-14.45066236760225
378.0,18900.0,18643.0,50.0,-7.739157409562376
379.0,18950.0,18693.0,50.0,-11.321706317222304
380.0,19000.0,18743.0,50.0,-9.0186339673828
381.0,19050.0,18793.0,50.0,-10.557688680642752
382.0,19100.0,18843.0,50.0,-10.689418240073174
383.0,19150.0,18893.0,50.0,-5.610576865388511
384.0,19200.0,18943.0,50.0,-6.451395498667177
385.0,19250.0,18993.0,50.0,-5.722031930229155
386.0,19300.0,19043.0,50.0,-4.863206125990549
387.0,19350.0,19093.0,50.0,-7.790023144118935
388.0,19400.0,19143.0,50.0,-8.420756946898175
389.0,19450.0,19193.0,50.0,-8.460635376182033
390.0,19500.0,19243.0,50.0,-5.385504630521609
391.0,19550.0,19293.0,50.0,-6.207069239413326
392.0,19600.0,19343.0,50.0,-7.622625860813522
393.0,19650.0,19393.0,50.0,-7.7682976092992675
394.0,19700.0,19443.0,50.0,-7.026286127854929
395.0,19750.0,19493.0,50.0,-8.055675028972718
396.0,19800.0,19543.0,50.0,-6.928248948316986
397.0,19850.0,19593.0,50.0,-7.3572680770473795
398.0,19900.0,19643.0,50.0,-6.507464105748189
399.0,19950.0,19693.0,50.0,-6.080642814753341
400.0,20000.0,19743.0,50.0,-5.152081464784092
401.0,20050.0,19793.0,50.0,-3.973722650381965
402.0,20100.0,19843.0,50.0,-4.074242446033024
403.0,20150.0,19893.0,50.0,-3.120088768620068
404.0,20200.0,19943.0,50.0,-4.213290813657898
405.0,20250.0,19993.0,50.0,-8.641804267394244
406.0,20300.0,20043.0,50.0,-5.939464494639155
407.0,20350.0,20093.0,50.0,-6.143915148247582
408.0,20400.0,20143.0,50.0,-7.7782246892978675
409.0,20450.0,20193.0,50.0,-6.7417625930675165
410.0,20500.0,20243.0,50.0,-4.606558475734816
411.0,20550.0,20293.0,50.0,-4.40818198645999
412.0,20600.0,20343.0,50.0,-6.628052967073826
413.0,20650.0,20393.0,50.0,-7.108866691379455
414.0,20700.0,20443.0,50.0,-5.219761037923965
415.0,20750.0,20493.0,50.0,-5.112827616312339
416.0,20800.0,20543.0,50.0,-6.4050478054455375
417.0,20850.0,20593.0,50.0,-4.195867006261601
418.0,20900.0,20643.0,50.0,-7.263452366998927
419.0,20950.0,20693.0,50.0,-7.652668807135716
420.0,21000.0,20743.0,50.0,-4.501518679720233
421.0,21050.0,20793.0,50.0,-5.111402974688841
422.0,21100.0,20843.0,50.0,-6.718157524087821
423.0,21150.0,20893.0,50.0,-5.518927862099007
424.0,21200.0,20943.0,50.0,-3.8982034196645023
425.0,21250.0,20993.0,50.0,-4.3820300645889905
426.0,21300.0,21043.0,50.0,-3.4610882862729646
427.0,21350.0,21093.0,50.0,-7.320439126754942
428.0,21400.0,21143.0,50.0,-5.610559058394882
429.0,21450.0,21193.0,50.0,-3.660695562631499
430.0,21500.0,21243.0,50.0,-7.45587806203255
431.0,21550.0,21293.0,50.0,-8.779757567489613
432.0,21600.0,21343.0,50.0,-5.166625308166551
433.0,21650.0,21393.0,50.0,-7.907692884498955
434.0,21700.0,21443.0,50.0,-6.809392854049358
435.0,21750.0,21493.0,50.0,-4.3778703463965405
436.0,21800.0,21543.0,50.0,-5.6429949396075205
437.0,21850.0,21593.0,50.0,-4.199879263735763
438.0,21900.0,21643.0,50.0,-7.361946218087226
439.0,21950.0,21693.0,50.0,-4.641804902738753
440.0,22000.0,21743.0,50.0,-4.608534974342695
441.0,22050.0,21793.0,50.0,-3.720361440635616
442.0,22100.0,21843.0,50.0,-3.2743666256258734
443.0,22150.0,21893.0,50.0,-4.1476789967154515
444.0,22200.0,21943.0,50.0,-5.147252984046575
445.0,22250.0,21993.0,50.0,-9.318259329187127
446.0,22300.0,22043.0,50.0,-3.6084426033847974
447.0,22350.0,22093.0,50.0,-7.151941268425765
448.0,22400.0,22143.0,50.0,-10.4040455951106
449.0,22450.0,22193.0,50.0,-3.8163422753348057
450.0,22500.0,22243.0,50.0,-7.689594055245095
451.0,22550.0,22293.0,50.0,-6.23073071872124
452.0,22600.0,22343.0,50.0,-7.4158344988154
453.0,22650.0,22393.0,50.0,-3.9257066876257234
454.0,22700.0,22443.0,50.0,-2.3858361458031347
455.0,22750.0,22493.0,50.0,-6.383704633065897
456.0,22800.0,22543.0,50.0,-5.398446265379958
457.0,22850.0,22593.0,50.0,-6.620648247614415
458.0,22900.0,22643.0,50.0,-8.686954043243515
459.0,22950.0,22693.0,50.0,-3.8612956012177464
460.0,23000.0,22743.0,50.0,-4.165047968847059
461.0,23050.0,22793.0,50.0,-8.3570106064508
462.0,23100.0,22843.0,50.0,-7.694313868251267
463.0,23150.0,22893.0,50.0,-7.082205523149507
464.0,23200.0,22943.0,50.0,-7.316886494479749
465.0,23250.0,22993.0,50.0,-4.435370315321459
466.0,23300.0,23043.0,50.0,-7.825868330108717
467.0,23350.0,23093.0,50.0,-6.832145975087027
468.0,23400.0,23143.0,50.0,-6.887085675354195
469.0,23450.0,23193.0,50.0,-5.137669502009784
470.0,23500.0,23243.0,50.0,-6.388798065290744
471.0,23550.0,23293.0,50.0,-4.601842617989467
472.0,23600.0,23343.0,50.0,-3.5729668192153645
473.0,23650.0,23393.0,50.0,-4.202249717217235
474.0,23700.0,23443.0,50.0,-3.8306070025860257
475.0,23750.0,23493.0,50.0,-4.633596800445655
476.0,23800.0,23543.0,50.0,-6.048275229645249
477.0,23850.0,23593.0,50.0,-6.68407521026098
478.0,23900.0,23643.0,50.0,-2.938572929907422
479.0,23950.0,23693.0,50.0,-3.7891696791218616
480.0,24000.0,23743.0,50.0,-4.292553749297085
481.0,24050.0,23793.0,50.0,-3.4469321065792338
482.0,24100.0,23843.0,50.0,-4.689708032360029
483.0,24150.0,23893.0,50.0,-6.287622576295099
484.0,24200.0,23943.0,50.0,-4.471734004717455
485.0,24250.0,23993.0,50.0,-4.526571455442036
486.0,24300.0,24043.0,50.0,-8.257610671672374
487.0,24350.0,24093.0,50.0,-5.524328004569003
488.0,24400.0,24143.0,50.0,-4.757524775151347
489.0,24450.0,24193.0,50.0,-4.946416432210887
490.0,24500.0,24243.0,50.0,-8.830749088493407
491.0,24550.0,24293.0,50.0,-6.949569527115455
492.0,24600.0,24343.0,50.0,-4.527204497174358
493.0,24650.0,24393.0,50.0,-4.7672643634411065
494.0,24700.0,24443.0,50.0,-7.210744795115657
495.0,24750.0,24493.0,50.0,-7.309436916562021
496.0,24800.0,24543.0,50.0,-8.140462885341774
497.0,24850.0,24593.0,50.0,-2.658980804690465
498.0,24900.0,24643.0,50.0,-5.575989839511391
499.0,24950.0,24693.0,50.0,-3.4749288191521592
500.0,25000.0,24743.0,50.0,-5.028061771595566
501.0,25050.0,24793.0,50.0,-4.61381535257192
502.0,25100.0,24843.0,50.0,-3.319574067512367
503.0,25150.0,24893.0,50.0,-6.412649698267143
504.0,25200.0,24943.0,50.0,-6.595324889665419
505.0,25250.0,24993.0,50.0,-6.148695250693506
506.0,25300.0,25043.0,50.0,-1.8718420810114076
507.0,25350.0,25093.0,50.0,-3.846455433117731
508.0,25400.0,25143.0,50.0,-4.852337882145322
509.0,25450.0,25193.0,50.0,-8.205787882156688
510.0,25500.0,25243.0,50.0,-3.5430121777837633
511.0,25550.0,25293.0,50.0,-7.151143788785163
512.0,25600.0,25343.0,50.0,-4.774356128191187
513.0,25650.0,25393.0,50.0,-5.046768254179783
514.0,25700.0,25443.0,50.0,-2.30855702767742
515.0,25750.0,25493.0,50.0,-7.312372138221488
516.0,25800.0,25543.0,50.0,-3.7075325699514554
517.0,25850.0,25593.0,50.0,-6.597801145547564
518.0,25900.0,25643.0,50.0,-6.298623671092588
519.0,25950.0,25693.0,50.0,-3.259612400472553
520.0,26000.0,25743.0,50.0,-2.1928829617268
521.0,26050.0,25793.0,50.0,-14.843374102964837
522.0,26100.0,25843.0,50.0,-3.8092092732408798
523.0,26150.0,25893.0,50.0,-5.979053356129575
524.0,26200.0,25943.0,50.0,-4.326640048411847
525.0,26250.0,25993.0,50.0,-5.0627019827826265
526.0,26300.0,26043.0,50.0,-4.871415688187449
527.0,26350.0,26093.0,50.0,-5.343704500769223
528.0,26400.0,26143.0,50.0,-11.442582060912333
529.0,26450.0,26193.0,50.0,-3.887293974751161
530.0,26500.0,26243.0,50.0,-4.448970187044815
531.0,26550.0,26293.0,50.0,-2.111500780672688
532.0,26600.0,26343.0,50.0,-6.1667734639185126
533.0,26650.0,26393.0,50.0,-2.937188846695075
534.0,26700.0,26443.0,50.0,-3.1843171491805844
535.0,26750.0,26493.0,50.0,-20.12620305602284
536.0,26800.0,26543.0,50.0,-15.197069276172405
537.0,26850.0,26593.0,50.0,-2.16416630675876
538.0,26900.0,26643.0,50.0,-2.7605496550808786
539.0,26950.0,26693.0,50.0,-14.17598568877557
540.0,27000.0,26743.0,50.0,-7.904552242536675
541.0,27050.0,26793.0,50.0,-4.953950912764017
542.0,27100.0,26843.0,50.0,-5.260894546539773
543.0,27150.0,26893.0,50.0,-2.362580465766078
544.0,27200.0,26943.0,50.0,-15.61199321520894
545.0,27250.0,26993.0,50.0,-3.2278132544500067
546.0,27300.0,27043.0,50.0,-3.3642228376720817
547.0,27350.0,27093.0,50.0,-9.182375668898501
548.0,27400.0,27143.0,50.0,-3.39738077143124
549.0,27450.0,27193.0,50.0,-4.408403261767617
550.0,27500.0,27243.0,50.0,-3.522800953745616
551.0,27550.0,27293.0,50.0,-5.1077133541157265
552.0,27600.0,27343.0,50.0,-3.168288411441608
553.0,27650.0,27393.0,50.0,-3.6626598412053757
554.0,27700.0,27443.0,50.0,-3.9538571329143473
555.0,27750.0,27493.0,50.0,-3.162868693517226
556.0,27800.0,27543.0,50.0,-2.5092073773888384
557.0,27850.0,27593.0,50.0,-5.102158498742834
558.0,27900.0,27643.0,50.0,-1.8080702625253429
559.0,27950.0,27693.0,50.0,-4.57276327026479
560.0,28000.0,27743.0,50.0,-3.235776117251763
561.0,28050.0,27793.0,50.0,-5.518075829351087
562.0,28100.0,27843.0,50.0,-6.576925105797093
563.0,28150.0,27893.0,50.0,-3.297931739093466
564.0,28200.0,27943.0,50.0,-3.8732016182225513
565.0,28250.0,27993.0,50.0,-4.421605911433985
566.0,28300.0,28043.0,50.0,-4.126620426292028
567.0,28350.0,28093.0,50.0,-3.628871772896912
568.0,28400.0,28143.0,50.0,-6.645845655367225
569.0,28450.0,28193.0,50.0,-2.6222641992275815
570.0,28500.0,28243.0,50.0,-9.762419010307397
571.0,28550.0,28293.0,50.0,-2.405056488811281
572.0,28600.0,28343.0,50.0,-2.454839614512468
573.0,28650.0,28393.0,50.0,-3.1092464518641725
574.0,28700.0,28443.0,50.0,-4.473709344057301
575.0,28750.0,28493.0,50.0,-6.181323801414752
576.0,28800.0,28543.0,50.0,-3.7600783338660944
577.0,28850.0,28593.0,50.0,-7.0702271757785295
578.0,28900.0,28643.0,50.0,-3.8643807034853466
579.0,28950.0,28693.0,50.0,-3.453673326728645
580.0,29000.0,28743.0,50.0,-1.542820064645521
581.0,29050.0,28793.0,50.0,-1.88691798751442
582.0,29100.0,28843.0,50.0,-2.6270610868141286
583.0,29150.0,28893.0,50.0,-2.4815536626448336
584.0,29200.0,28943.0,50.0,-8.20550521475508
585.0,29250.0,28993.0,50.0,-4.954418350966181
586.0,29300.0,29043.0,50.0,-2.381347629739249
587.0,29350.0,29093.0,50.0,-3.007224830410282
588.0,29400.0,29143.0,50.0,-5.711437262296307
589.0,29450.0,29193.0,50.0,-9.614659597689554
590.0,29500.0,29243.0,50.0,-2.4877362432830212
591.0,29550.0,29293.0,50.0,-2.398025643140637
592.0,29600.0,29343.0,50.0,-2.8603299987847737
593.0,29650.0,29393.0,50.0,-3.999842562743288
594.0,29700.0,29443.0,50.0,-5.252280456936543
595.0,29750.0,29493.0,50.0,-3.934728107235051
596.0,29800.0,29543.0,50.0,-5.337935121502897
597.0,29850.0,29593.0,50.0,-4.162818356838372
598.0,29900.0,29643.0,50.0,-3.443940456989643
599.0,29950.0,29693.0,50.0,-4.667307360135825
600.0,30000.0,29743.0,50.0,-1.6308398914149105
601.0,30050.0,29793.0,50.0,-3.490518455155228
602.0,30100.0,29843.0,50.0,-8.372657221102925
603.0,30150.0,29893.0,50.0,-5.522638783606182
604.0,30200.0,29943.0,50.0,-5.343950878377257
605.0,30250.0,29993.0,50.0,-3.995725371229164
606.0,30300.0,30043.0,50.0,-4.995053708062424
607.0,30350.0,30093.0,50.0,-2.7022150053601104
608.0,30400.0,30143.0,50.0,-3.9801414353455686
609.0,30450.0,30193.0,50.0,-3.6346027204491667
610.0,30500.0,30243.0,50.0,-4.855209701198588
611.0,30550.0,30293.0,50.0,-3.34759520102997
612.0,30600.0,30343.0,50.0,-5.108709144782798
613.0,30650.0,30393.0,50.0,-6.379905443430525
614.0,30700.0,30443.0,50.0,-3.724493762454177
615.0,30750.0,30493.0,50.0,-5.597864574232094
616.0,30800.0,30543.0,50.0,-1.7116107070261664
617.0,30850.0,30593.0,50.0,-3.9107555225877757
618.0,30900.0,30643.0,50.0,-5.292373889152303
619.0,30950.0,30693.0,50.0,-6.4901215412286195
620.0,31000.0,30743.0,50.0,-2.9473697159020125
621.0,31050.0,30793.0,50.0,-2.8613649653268505
622.0,31100.0,30843.0,50.0,-2.2907887931888125
623.0,31150.0,30893.0,50.0,-4.8242284592451945
624.0,31200.0,30943.0,50.0,-2.7771427546602507
625.0,31250.0,30993.0,50.0,-2.5948189804346216
626.0,31300.0,31043.0,50.0,-2.1870636361171316
627.0,31350.0,31093.0,50.0,-3.2585229817925287
628.0,31400.0,31143.0,50.0,-5.152772200388176
629.0,31450.0,31193.0,50.0,-5.373537926871562
630.0,31500.0,31243.0,50.0,-6.486591548240062
631.0,31550.0,31293.0,50.0,-2.477390103820646
632.0,31600.0,31343.0,50.0,-2.514697787974195
633.0,31650.0,31393.0,50.0,-3.636422306639644
634.0,31700.0,31443.0,50.0,-3.4163872303065563
635.0,31750.0,31493.0,50.0,-5.007849970946651
636.0,31800.0,31543.0,50.0,-2.0351478541618917
637.0,31850.0,31593.0,50.0,-1.5253540313730296
638.0,31900.0,31643.0,50.0,-4.749534297284068
639.0,31950.0,31693.0,50.0,-3.3941626692973643
640.0,32000.0,31743.0,50.0,-3.6812962807381666
641.0,32050.0,31793.0,50.0,-7.090436169681859
642.0,32100.0,31843.0,50.0,-5.750408099847421
643.0,32150.0,31893.0,50.0,-2.20145095786167
644.0,32200.0,31943.0,50.0,-6.568278399636077
645.0,32250.0,31993.0,50.0,-2.257904597636954
646.0,32300.0,32043.0,50.0,-5.650987795258645
647.0,32350.0,32093.0,50.0,-6.931405695597957
648.0,32400.0,32143.0,50.0,-3.912214009515832
649.0,32450.0,32193.0,50.0,-4.303272144876932
650.0,32500.0,32243.0,50.0,-2.9201346465802347
651.0,32550.0,32293.0,50.0,-2.871900240618362
652.0,32600.0,32343.0,50.0,-1.50010118686734
653.0,32650.0,32393.0,50.0,-2.3508870388280707
654.0,32700.0,32443.0,50.0,-6.756648311603846
655.0,32750.0,32493.0,50.0,-2.0612099965161765
656.0,32800.0,32543.0,50.0,-4.520978315279208
657.0,32850.0,32593.0,50.0,-3.78031582369823
658.0,32900.0,32643.0,50.0,-3.6138837579905787
659.0,32950.0,32693.0,50.0,-2.684378546000212
660.0,33000.0,32743.0,50.0,-2.4164668510263057
661.0,33050.0,32793.0,50.0,-2.5726400372857356
662.0,33100.0,32843.0,50.0,-5.072085941255773
663.0,33150.0,32893.0,50.0,-5.388856010904427
664.0,33200.0,32943.0,50.0,-7.196119337500247
665.0,33250.0,32993.0,50.0,-3.2934280452099807
666.0,33300.0,33043.0,50.0,-2.5320057000487193
667.0,33350.0,33093.0,50.0,-2.5630530808530465
668.0,33400.0,33143.0,50.0,-2.317712498758709
669.0,33450.0,33193.0,50.0,-3.780899278295951
670.0,33500.0,33243.0,50.0,-3.13189450239945
671.0,33550.0,33293.0,50.0,-1.7548517829640229
672.0,33600.0,33343.0,50.0,-5.981216540698037
673.0,33650.0,33393.0,50.0,-8.1191741264637
674.0,33700.0,33443.0,50.0,-4.136501646046483
675.0,33750.0,33493.0,50.0,-6.149879384965677
676.0,33800.0,33543.0,50.0,-5.332373408405956
677.0,33850.0,33593.0,50.0,-5.120340842547525
678.0,33900.0,33643.0,50.0,-6.002059190352781
679.0,33950.0,33693.0,50.0,-4.0950146719193485
680.0,34000.0,33743.0,50.0,-5.0093084240560835
681.0,34050.0,33793.0,50.0,-2.303278518626984
682.0,34100.0,33843.0,50.0,-5.312607736528311
683.0,34150.0,33893.0,50.0,-3.2154682913787145
684.0,34200.0,33943.0,50.0,-3.1043439406211117
685.0,34250.0,33993.0,50.0,-3.2832220789600473
686.0,34300.0,34043.0,50.0,-3.1414482632591456
687.0,34350.0,34093.0,50.0,-3.6900499941305633
688.0,34400.0,34143.0,50.0,-3.519856500928965
689.0,34450.0,34193.0,50.0,-5.175403565877415
690.0,34500.0,34243.0,50.0,-5.2207648354068645
691.0,34550.0,34293.0,50.0,-7.234001939729369
692.0,34600.0,34343.0,50.0,-3.6188225372730645
693.0,34650.0,34393.0,50.0,-1.8247242517714641
694.0,34700.0,34443.0,50.0,-5.168000957086674
695.0,34750.0,34493.0,50.0,-2.207239561799829
696.0,34800.0,34543.0,50.0,-1.72675893424081
697.0,34850.0,34593.0,50.0,-4.339170482253474
698.0,34900.0,34643.0,50.0,-5.707192608376328
699.0,34950.0,34693.0,50.0,-5.591950752693075
700.0,35000.0,34743.0,50.0,-6.630390955795885
701.0,35050.0,34793.0,50.0,-2.195928467361351
702.0,35100.0,34843.0,50.0,-6.861250688454931
703.0,35150.0,34893.0,50.0,-5.109302039032813
704.0,35200.0,34943.0,50.0,-4.245419106428729
705.0,35250.0,34993.0,50.0,-4.52109653052261
706.0,35300.0,35043.0,50.0,-4.520718078291277
707.0,35350.0,35093.0,50.0,-5.858796352611418
708.0,35400.0,35143.0,50.0,-8.023887541525788
709.0,35450.0,35193.0,50.0,-7.078925141014058
710.0,35500.0,35243.0,50.0,-4.175683584365958
711.0,35550.0,35293.0,50.0,-10.335335341160071
712.0,35600.0,35343.0,50.0,-4.638635266525523
713.0,35650.0,35393.0,50.0,-5.133022014779182
714.0,35700.0,35443.0,50.0,-4.717325286909042
715.0,35750.0,35493.0,50.0,-4.305683183188305
716.0,35800.0,35543.0,50.0,-5.792955845393221
717.0,35850.0,35593.0,50.0,-2.6711556954245492
718.0,35900.0,35643.0,50.0,-4.873478345710732
719.0,35950.0,35693.0,50.0,-6.7714761345466465
720.0,36000.0,35743.0,50.0,-7.295579196991678
721.0,36050.0,35793.0,50.0,-4.945685818176165
722.0,36100.0,35843.0,50.0,-4.686177390528232
723.0,36150.0,35893.0,50.0,-5.125324026394528
724.0,36200.0,35943.0,50.0,-9.442078922225793
725.0,36250.0,35993.0,50.0,-8.478298010702364
726.0,36300.0,36043.0,50.0,-4.566283838283177
727.0,36350.0,36093.0,50.0,-3.615163863373489
728.0,36400.0,36143.0,50.0,-4.935834960535198
729.0,36450.0,36193.0,50.0,-3.1419778104490663
730.0,36500.0,36243.0,50.0,-6.3721963324062285
731.0,36550.0,36293.0,50.0,-4.442624219040791
732.0,36600.0,36343.0,50.0,-5.708879632881308
733.0,36650.0,36393.0,50.0,-8.650972159503016
734.0,36700.0,36443.0,50.0,-7.251207186921701
735.0,36750.0,36493.0,50.0,-5.376120872152659
736.0,36800.0,36543.0,50.0,-4.361136132429533
737.0,36850.0,36593.0,50.0,-4.761672574268191
738.0,36900.0,36643.0,50.0,-2.7056469468158504
739.0,36950.0,36693.0,50.0,-4.197642928514425
740.0,37000.0,36743.0,50.0,-11.439571617195663
741.0,37050.0,36793.0,50.0,-5.738737932160913
742.0,37100.0,36843.0,50.0,-6.0436812100634265
743.0,37150.0,36893.0,50.0,-5.416587102170212
744.0,37200.0,36943.0,50.0,-4.618485712875766
745.0,37250.0,36993.0,50.0,-9.215183790154075
746.0,37300.0,37043.0,50.0,-2.904681742517956
747.0,37350.0,37093.0,50.0,-5.037235781055458
748.0,37400.0,37143.0,50.0,-3.3081755072202674
749.0,37450.0,37193.0,50.0,-3.9538201899189467
750.0,37500.0,37243.0,50.0,-3.631734275748989
751.0,37550.0,37293.0,50.0,-3.2579825282780726
752.0,37600.0,37343.0,50.0,-4.462225276716331
753.0,37650.0,37393.0,50.0,-3.7001539157106924
754.0,37700.0,37443.0,50.0,-3.2961258428558464
755.0,37750.0,37493.0,50.0,-4.6857531648677675
756.0,37800.0,37543.0,50.0,-4.072069201739971
757.0,37850.0,37593.0,50.0,-3.1534877555403025
758.0,37900.0,37643.0,50.0,-2.826086126681475
759.0,37950.0,37693.0,50.0,-3.410964789741431
760.0,38000.0,37743.0,50.0,-6.268607493560186
761.0,38050.0,37793.0,50.0,-2.473566545187897
762.0,38100.0,37843.0,50.0,-8.280077785081593
763.0,38150.0,37893.0,50.0,-4.0517066599878095
764.0,38200.0,37943.0,50.0,-4.091883211842909
765.0,38250.0,37993.0,50.0,-3.348287382887618
766.0,38300.0,38043.0,50.0,-6.416637144647906
767.0,38350.0,38093.0,50.0,-2.4339665789175524
768.0,38400.0,38143.0,50.0,-5.9636352726012785
769.0,38450.0,38193.0,50.0,-2.8119258406425653
770.0,38500.0,38243.0,50.0,-3.1818638116584688
771.0,38550.0,38293.0,50.0,-2.505234482097226
772.0,38600.0,38343.0,50.0,-3.6223228736228674
773.0,38650.0,38393.0,50.0,-4.820933327790158
774.0,38700.0,38443.0,50.0,-1.8336286248316955
775.0,38750.0,38493.0,50.0,-3.9944494575547047
776.0,38800.0,38543.0,50.0,-3.9766773332568186
777.0,38850.0,38593.0,50.0,-3.1248612450357505
778.0,38900.0,38643.0,50.0,-3.5682030717614994
779.0,38950.0,38693.0,50.0,-5.466138810542401
780.0,39000.0,38743.0,50.0,-4.415514100018767
781.0,39050.0,38793.0,50.0,-3.9038845314291435
782.0,39100.0,38843.0,50.0,-3.968010920572933
783.0,39150.0,38893.0,50.0,-1.5840045041499058
784.0,39200.0,38943.0,50.0,-3.462543351041374
785.0,39250.0,38993.0,50.0,-2.4525904398606846
786.0,39300.0,39043.0,50.0,-3.379737937564544
787.0,39350.0,39093.0,50.0,-6.377655669520246
788.0,39400.0,39143.0,50.0,-3.864865486264675
789.0,39450.0,39193.0,50.0,-4.3883491944166275
790.0,39500.0,39243.0,50.0,-2.053918613224696
791.0,39550.0,39293.0,50.0,-3.881540378837199
792.0,39600.0,39343.0,50.0,-4.154362376584596
793.0,39650.0,39393.0,50.0,-2.3356555333054447
794.0,39700.0,39443.0,50.0,-2.5028694078915183
795.0,39750.0,39493.0,50.0,-3.2674784416498666
796.0,39800.0,39543.0,50.0,-3.8243271944306136
797.0,39850.0,39593.0,50.0,-6.52693967407298
798.0,39900.0,39643.0,50.0,-3.2791674675601645
799.0,39950.0,39693.0,50.0,-2.784972806165863
800.0,40000.0,39743.0,50.0,-9.134418575871129
801.0,40050.0,39793.0,50.0,-10.518851758447957
802.0,40100.0,39843.0,50.0,-8.388785765481234
803.0,40150.0,39893.0,50.0,-4.6306849287255245
804.0,40200.0,39943.0,50.0,-4.383804903594009
805.0,40250.0,39993.0,50.0,-4.398849876013581
806.0,40300.0,40043.0,50.0,-5.697804292519446
807.0,40350.0,40093.0,50.0,-3.557263337042311
808.0,40400.0,40143.0,50.0,-5.280466216046805
809.0,40450.0,40193.0,50.0,-3.3886899866262374
810.0,40500.0,40243.0,50.0,-2.2326791410130857
811.0,40550.0,40293.0,50.0,-4.2743677652979075
812.0,40600.0,40343.0,50.0,-5.163542987944826
813.0,40650.0,40393.0,50.0,-4.678688247434452
814.0,40700.0,40443.0,50.0,-3.3283678762473485
815.0,40750.0,40493.0,50.0,-3.0041989183006934
816.0,40800.0,40543.0,50.0,-2.377644491431253
817.0,40850.0,40593.0,50.0,-3.7477841132078487
818.0,40900.0,40643.0,50.0,-5.542970532998773
819.0,40950.0,40693.0,50.0,-3.443629642331891
820.0,41000.0,40743.0,50.0,-4.637187310648823
821.0,41050.0,40793.0,50.0,-2.9352538803229082
822.0,41100.0,40843.0,50.0,-3.3568710007109153
823.0,41150.0,40893.0,50.0,-2.8754447916699974
824.0,41200.0,40943.0,50.0,-3.9314217570252175
825.0,41250.0,40993.0,50.0,-2.9521954387517684
826.0,41300.0,41043.0,50.0,-3.6533103080942024
827.0,41350.0,41093.0,50.0,-4.728009422798198
828.0,41400.0,41143.0,50.0,-5.002867082041492
829.0,41450.0,41193.0,50.0,-2.998007037512698
830.0,41500.0,41243.0,50.0,-3.5536531113580216
831.0,41550.0,41293.0,50.0,-2.5131115536236868
832.0,41600.0,41343.0,50.0,-2.8788381087464225
833.0,41650.0,41393.0,50.0,-2.607062827947327
834.0,41700.0,41443.0,50.0,-3.73104146900445
835.0,41750.0,41493.0,50.0,-4.8374411022477375
836.0,41800.0,41543.0,50.0,-2.5855146969628766
837.0,41850.0,41593.0,50.0,-3.7932992135827384
838.0,41900.0,41643.0,50.0,-4.503906716496575
839.0,41950.0,41693.0,50.0,-4.136528087615345
840.0,42000.0,41743.0,50.0,-2.8182930502533217
841.0,42050.0,41793.0,50.0,-2.413724804207658
842.0,42100.0,41843.0,50.0,-3.4004910556799044
843.0,42150.0,41893.0,50.0,-2.89341716178
844.0,42200.0,41943.0,50.0,-2.707279478601208
845.0,42250.0,41993.0,50.0,-2.6614393860482304
846.0,42300.0,42043.0,50.0,-5.7828989110680995
847.0,42350.0,42093.0,50.0,-5.395414940739329
848.0,42400.0,42143.0,50.0,-1.5638159934549305
849.0,42450.0,42193.0,50.0,-5.443710009972328
850.0,42500.0,42243.0,50.0,-4.220083021734222
851.0,42550.0,42293.0,50.0,-3.259094003193251
852.0,42600.0,42343.0,50.0,-4.3923421197527865
853.0,42650.0,42393.0,50.0,-4.115016802592342
854.0,42700.0,42443.0,50.0,-4.674204661579933
855.0,42750.0,42493.0,50.0,-4.72399431616646
856.0,42800.0,42543.0,50.0,-3.112232236304484
857.0,42850.0,42593.0,50.0,-2.9693164670059993
858.0,42900.0,42643.0,50.0,-2.896596748541492
859.0,42950.0,42693.0,50.0,-1.7133433785753316
860.0,43000.0,42743.0,50.0,-2.4946942418890568
861.0,43050.0,42793.0,50.0,-2.828161015793365
862.0,43100.0,42843.0,50.0,-4.381198369700633
863.0,43150.0,42893.0,50.0,-3.8387374795721687
864.0,43200.0,42943.0,50.0,-2.803487315748379
865.0,43250.0,42993.0,50.0,-2.453981586240833
866.0,43300.0,43043.0,50.0,-2.601335161260094
867.0,43350.0,43093.0,50.0,-2.7307568644579483
868.0,43400.0,43143.0,50.0,-2.94958505085196
869.0,43450.0,43193.0,50.0,-3.6077489547960306
870.0,43500.0,43243.0,50.0,-4.1092657775767725
871.0,43550.0,43293.0,50.0,-5.207689741757835
872.0,43600.0,43343.0,50.0,-3.033488640575942
873.0,43650.0,43393.0,50.0,-2.6072799976100987
874.0,43700.0,43443.0,50.0,-3.232678779160067
875.0,43750.0,43493.0,50.0,-2.8798996997938535
876.0,43800.0,43543.0,50.0,-5.927952273782546
877.0,43850.0,43593.0,50.0,-3.190495249305265
878.0,43900.0,43643.0,50.0,-2.5621949975760208
879.0,43950.0,43693.0,50.0,-4.597162801904885
880.0,44000.0,43743.0,50.0,-2.8601248847494136
881.0,44050.0,43793.0,50.0,-2.574694471560544
882.0,44100.0,43843.0,50.0,-4.29167751867055
883.0,44150.0,43893.0,50.0,-5.842844235315503
884.0,44200.0,43943.0,50.0,-3.0523082961520864
885.0,44250.0,43993.0,50.0,-5.63244107497759
886.0,44300.0,44043.0,50.0,-3.1650332495772147
887.0,44350.0,44093.0,50.0,-2.218909391326402
888.0,44400.0,44143.0,50.0,-4.327449466306498
889.0,44450.0,44193.0,50.0,-5.461102155159158
890.0,44500.0,44243.0,50.0,-2.1370732707749496
891.0,44550.0,44293.0,50.0,-3.367664246663885
892.0,44600.0,44343.0,50.0,-4.134421024398383
893.0,44650.0,44393.0,50.0,-2.8348626870598523
894.0,44700.0,44443.0,50.0,-3.3727901591664353
895.0,44750.0,44493.0,50.0,-4.246802572471905
896.0,44800.0,44543.0,50.0,-3.827362254412627
897.0,44850.0,44593.0,50.0,-3.5259084221212063
898.0,44900.0,44643.0,50.0,-2.0148883109298037
899.0,44950.0,44693.0,50.0,-1.753684531955582
900.0,45000.0,44743.0,50.0,-2.7834925328222426
901.0,45050.0,44793.0,50.0,-3.9745585767865768
902.0,45100.0,44843.0,50.0,-3.1934385063970496
903.0,45150.0,44893.0,50.0,-3.868493218633837
904.0,45200.0,44943.0,50.0,-4.6552799542676
905.0,45250.0,44993.0,50.0,-1.8273420086567165
906.0,45300.0,45043.0,50.0,-3.6840426525448047
907.0,45350.0,45093.0,50.0,-4.255508275033686
908.0,45400.0,45143.0,50.0,-3.581704481404589
909.0,45450.0,45193.0,50.0,-2.790766051167749
910.0,45500.0,45243.0,50.0,-2.1381832268253413
911.0,45550.0,45293.0,50.0,-6.934288868794332
912.0,45600.0,45343.0,50.0,-4.2456672990461115
913.0,45650.0,45393.0,50.0,-5.983977052449943
914.0,45700.0,45443.0,50.0,-1.964063747769709
915.0,45750.0,45493.0,50.0,-1.5895566641827166
916.0,45800.0,45543.0,50.0,-1.653176207981058
917.0,45850.0,45593.0,50.0,-2.5609839187045345
918.0,45900.0,45643.0,50.0,-3.625319122859531
919.0,45950.0,45693.0,50.0,-2.862438569555568
920.0,46000.0,45743.0,50.0,-1.8101168031684138
921.0,46050.0,45793.0,50.0,-1.5962992004539227
922.0,46100.0,45843.0,50.0,-1.3940391462448372
923.0,46150.0,45893.0,50.0,-3.559763162337182
924.0,46200.0,45943.0,50.0,-5.116155966405004
925.0,46250.0,45993.0,50.0,-3.729477886094564
926.0,46300.0,46043.0,50.0,-3.223219183408412
927.0,46350.0,46093.0,50.0,-2.3714182803340833
928.0,46400.0,46143.0,50.0,-3.22721949140624
929.0,46450.0,46193.0,50.0,-5.448771780529027
930.0,46500.0,46243.0,50.0,-1.8095473417038872
931.0,46550.0,46293.0,50.0,-3.43876441659095
932.0,46600.0,46343.0,50.0,-4.883558076741694
933.0,46650.0,46393.0,50.0,-6.3816257278112545
934.0,46700.0,46443.0,50.0,-2.386652886043815
935.0,46750.0,46493.0,50.0,-4.000590611038165
936.0,46800.0,46543.0,50.0,-3.2675218871335256
937.0,46850.0,46593.0,50.0,-3.782287260726927
938.0,46900.0,46643.0,50.0,-3.230329114738618
939.0,46950.0,46693.0,50.0,-2.86097494766992
940.0,47000.0,46743.0,50.0,-2.930647906502379
941.0,47050.0,46793.0,50.0,-2.181148778342563
942.0,47100.0,46843.0,50.0,-4.068680223196875
943.0,47150.0,46893.0,50.0,-2.1210304248894225
944.0,47200.0,46943.0,50.0,-4.587781132515019
945.0,47250.0,46993.0,50.0,-3.812280467606262
946.0,47300.0,47043.0,50.0,-2.374991741699672
947.0,47350.0,47093.0,50.0,-3.8290642770739787
948.0,47400.0,47143.0,50.0,-2.4210886700444774
949.0,47450.0,47193.0,50.0,-2.544248753611822
950.0,47500.0,47243.0,50.0,-2.5129298087271468
951.0,47550.0,47293.0,50.0,-4.552407061581911
952.0,47600.0,47343.0,50.0,-2.50224889296982
953.0,47650.0,47393.0,50.0,-4.70178206408446
954.0,47700.0,47443.0,50.0,-4.2557996824742625
955.0,47750.0,47493.0,50.0,-2.6885353077738707
956.0,47800.0,47543.0,50.0,-2.1454884429922814
957.0,47850.0,47593.0,50.0,-2.1092762195265804
958.0,47900.0,47643.0,50.0,-2.6854587659161657
959.0,47950.0,47693.0,50.0,-6.788422214104774
960.0,48000.0,47743.0,50.0,-4.362624320499217
961.0,48050.0,47793.0,50.0,-4.215913588724267
962.0,48100.0,47843.0,50.0,-2.7740498385118832
963.0,48150.0,47893.0,50.0,-2.6192549393670697
964.0,48200.0,47943.0,50.0,-3.5236047242680426
965.0,48250.0,47993.0,50.0,-3.4109639900845283
966.0,48300.0,48043.0,50.0,-3.4100571230359757
967.0,48350.0,48093.0,50.0,-5.084922639384781
968.0,48400.0,48143.0,50.0,-4.1713687611251045
969.0,48450.0,48193.0,50.0,-4.083746870902901
970.0,48500.0,48243.0,50.0,-3.28060976805613
971.0,48550.0,48293.0,50.0,-3.9223199392778865
972.0,48600.0,48343.0,50.0,-3.8861243512664645
973.0,48650.0,48393.0,50.0,-3.0860241515792954
974.0,48700.0,48443.0,50.0,-2.0685409695903494
975.0,48750.0,48493.0,50.0,-2.2507674991091857
976.0,48800.0,48543.0,50.0,-3.438978443208073
977.0,48850.0,48593.0,50.0,-3.7619134607238274
978.0,48900.0,48643.0,50.0,-4.042582594200279
979.0,48950.0,48693.0,50.0,-2.4678163235070225
980.0,49000.0,48743.0,50.0,-3.658824510233759
981.0,49050.0,48793.0,50.0,-2.865967251631249
982.0,49100.0,48843.0,50.0,-3.2582939981766863
983.0,49150.0,48893.0,50.0,-1.8034681887344701
984.0,49200.0,48943.0,50.0,-4.180785710129796
985.0,49250.0,48993.0,50.0,-5.21343662452886
986.0,49300.0,49043.0,50.0,-5.031168239243177
987.0,49350.0,49093.0,50.0,-3.1087935687536894
988.0,49400.0,49143.0,50.0,-3.333390782151071
989.0,49450.0,49193.0,50.0,-2.7126179526583107
990.0,49500.0,49243.0,50.0,-1.4424822628327447
991.0,49550.0,49293.0,50.0,-2.7806733427718924
992.0,49600.0,49343.0,50.0,-2.430935838180685
993.0,49650.0,49393.0,50.0,-3.139202794246608
994.0,49700.0,49443.0,50.0,-2.598667509034156
995.0,49750.0,49493.0,50.0,-3.5391592951028286
996.0,49800.0,49543.0,50.0,-2.1417742081896325
997.0,49850.0,49593.0,50.0,-1.8610454533736107
998.0,49900.0,49643.0,50.0,-3.1060390021268223
999.0,49950.0,49693.0,50.0,-4.929938568270078
1000.0,50000.0,49743.0,50.0,-4.003519080269154
1001.0,50050.0,49793.0,50.0,-4.7795448574522235
1002.0,50100.0,49843.0,50.0,-3.457800569348814
1003.0,50150.0,49893.0,50.0,-4.4022314726878005
1004.0,50200.0,49943.0,50.0,-1.3416916876684397
1005.0,50250.0,49993.0,50.0,-1.937626981593148
1006.0,50300.0,50043.0,50.0,-3.1271655365318516
1007.0,50350.0,50093.0,50.0,-4.422137841031483
1008.0,50400.0,50143.0,50.0,-3.801103821439032
1009.0,50450.0,50193.0,50.0,-1.9778675384193465
1010.0,50500.0,50243.0,50.0,-1.4064160167627051
1011.0,50550.0,50293.0,50.0,-3.4720627752014948
1012.0,50600.0,50343.0,50.0,-2.217917392019845
1013.0,50650.0,50393.0,50.0,-2.2564573082706523
1014.0,50700.0,50443.0,50.0,-3.1978954674947078
1015.0,50750.0,50493.0,50.0,-3.8940075351119563
1016.0,50800.0,50543.0,50.0,-2.2579840195763397
1017.0,50850.0,50593.0,50.0,-2.7356300012700254
1018.0,50900.0,50643.0,50.0,-1.7924145193968721
1019.0,50950.0,50693.0,50.0,-2.743844119534161
1020.0,51000.0,50743.0,50.0,-4.106061770207019
1021.0,51050.0,50793.0,50.0,-2.450266655329585
1022.0,51100.0,50843.0,50.0,-4.63869893559257
1023.0,51150.0,50893.0,50.0,-5.192417705391074
1024.0,51200.0,50943.0,50.0,-4.842591119194676
1025.0,51250.0,50993.0,50.0,-3.350265568721922
1026.0,51300.0,51043.0,50.0,-2.8859431074891564
1027.0,51350.0,51093.0,50.0,-2.0273354562630366
1028.0,51400.0,51143.0,50.0,-3.452321526438619
1029.0,51450.0,51193.0,50.0,-3.541653953531621
1030.0,51500.0,51243.0,50.0,-2.784000251261323
1031.0,51550.0,51293.0,50.0,-4.250647053240927
1032.0,51600.0,51343.0,50.0,-2.6924410501809413
1033.0,51650.0,51393.0,50.0,-1.2220207230478108
1034.0,51700.0,51443.0,50.0,-3.268964884460243
1035.0,51750.0,51493.0,50.0,-3.0036700264124523
1036.0,51800.0,51543.0,50.0,-2.6838004835847524
1037.0,51850.0,51593.0,50.0,-2.8146224226079988
1038.0,51900.0,51643.0,50.0,-2.580122953767147
1039.0,51950.0,51693.0,50.0,-2.9119661116745017
1040.0,52000.0,51743.0,50.0,-2.1594920905557906
1041.0,52050.0,51793.0,50.0,-2.0636383138520284
1042.0,52100.0,51843.0,50.0,-2.3311896155257696
1043.0,52150.0,51893.0,50.0,-3.2888082755467556
1044.0,52200.0,51943.0,50.0,-2.4395908166696967
1045.0,52250.0,51993.0,50.0,-3.6089095857966806
1046.0,52300.0,52043.0,50.0,-5.364185586490041
1047.0,52350.0,52093.0,50.0,-2.3029676038148508
1048.0,52400.0,52143.0,50.0,-2.594249048832694
1049.0,52450.0,52193.0,50.0,-3.678505992920882
1050.0,52500.0,52243.0,50.0,-2.7338231000801274
1051.0,52550.0,52293.0,50.0,-2.1861287109125405
1052.0,52600.0,52343.0,50.0,-4.349258836915296
1053.0,52650.0,52393.0,50.0,-2.6157683994461753
1054.0,52700.0,52443.0,50.0,-4.344444955559675
1055.0,52750.0,52493.0,50.0,-1.478418633236869
1056.0,52800.0,52543.0,50.0,-1.9908271310047745
1057.0,52850.0,52593.0,50.0,-3.5449047955776947
1058.0,52900.0,52643.0,50.0,-3.0867374742694222
1059.0,52950.0,52693.0,50.0,-4.254631205089232
1060.0,53000.0,52743.0,50.0,-3.200948480637851
1061.0,53050.0,52793.0,50.0,-2.7084928345715156
1062.0,53100.0,52843.0,50.0,-1.9917386388896425
1063.0,53150.0,52893.0,50.0,-4.0146931055336035
1064.0,53200.0,52943.0,50.0,-2.1699161774527433
1065.0,53250.0,52993.0,50.0,-2.5498957138130467
1066.0,53300.0,53043.0,50.0,-2.922347955906883
1067.0,53350.0,53093.0,50.0,-4.321824199553785
1068.0,53400.0,53143.0,50.0,-3.5205887070206283
1069.0,53450.0,53193.0,50.0,-2.9169346953978676
1070.0,53500.0,53243.0,50.0,-2.6026160084494077
1071.0,53550.0,53293.0,50.0,-1.9664333654131763
1072.0,53600.0,53343.0,50.0,-1.9049837588619407
1073.0,53650.0,53393.0,50.0,-2.603961996536177
1074.0,53700.0,53443.0,50.0,-3.485260519195151
1075.0,53750.0,53493.0,50.0,-3.183119169365081
1076.0,53800.0,53543.0,50.0,-1.69568826760939
1077.0,53850.0,53593.0,50.0,-5.08180138875836
1078.0,53900.0,53643.0,50.0,-2.7688910853633297
1079.0,53950.0,53693.0,50.0,-3.5053356131044753
1080.0,54000.0,53743.0,50.0,-3.6902223971128314
1081.0,54050.0,53793.0,50.0,-1.4214163663994184
1082.0,54100.0,53843.0,50.0,-3.8898026794350193
1083.0,54150.0,53893.0,50.0,-2.6134143387635236
1084.0,54200.0,53943.0,50.0,-2.152534726365365
1085.0,54250.0,53993.0,50.0,-3.628554678941201
1086.0,54300.0,54043.0,50.0,-3.321291853407202
1087.0,54350.0,54093.0,50.0,-2.2653242659932777
1088.0,54400.0,54143.0,50.0,-3.1593872885554166
1089.0,54450.0,54193.0,50.0,-1.6012836359511078
1090.0,54500.0,54243.0,50.0,-2.2784958680633673
1091.0,54550.0,54293.0,50.0,-2.5058944846948497
1092.0,54600.0,54343.0,50.0,-4.221854937258271
1093.0,54650.0,54393.0,50.0,-3.974023031849843
1094.0,54700.0,54443.0,50.0,-3.8004745828695907
1095.0,54750.0,54493.0,50.0,-2.06169838683844
1096.0,54800.0,54543.0,50.0,-3.833923789720867
1097.0,54850.0,54593.0,50.0,-3.584991111263967
1098.0,54900.0,54643.0,50.0,-2.3491590844820966
1099.0,54950.0,54693.0,50.0,-5.442790416737712
1100.0,55000.0,54743.0,50.0,-3.2908400575153554
1101.0,55050.0,54793.0,50.0,-3.867402559355743
1102.0,55100.0,54843.0,50.0,-3.00741719053538
1103.0,55150.0,54893.0,50.0,-3.8048315252894085
1104.0,55200.0,54943.0,50.0,-5.951447319727192
1105.0,55250.0,54993.0,50.0,-2.9741744240013355
1106.0,55300.0,55043.0,50.0,-3.0499064863475733
1107.0,55350.0,55093.0,50.0,-1.7797372161652334
1108.0,55400.0,55143.0,50.0,-3.434232125042821
1109.0,55450.0,55193.0,50.0,-3.089285055098215
1110.0,55500.0,55243.0,50.0,-1.7873415806413302
1111.0,55550.0,55293.0,50.0,-2.5966945004760067
1112.0,55600.0,55343.0,50.0,-3.138589273883975
1113.0,55650.0,55393.0,50.0,-2.020462609069507
1114.0,55700.0,55443.0,50.0,-3.879118812092487
1115.0,55750.0,55493.0,50.0,-3.445758114490955
1116.0,55800.0,55543.0,50.0,-2.997557851003414
1117.0,55850.0,55593.0,50.0,-3.0034927258639064
1118.0,55900.0,55643.0,50.0,-4.654159221277834
1119.0,55950.0,55693.0,50.0,-3.3994002184765875
1120.0,56000.0,55743.0,50.0,-1.5042380922011183
1121.0,56050.0,55793.0,50.0,-2.5289528771526113
1122.0,56100.0,55843.0,50.0,-3.4295730842025285
1123.0,56150.0,55893.0,50.0,-4.561071109599313
1124.0,56200.0,55943.0,50.0,-2.5135517593614587
1125.0,56250.0,55993.0,50.0,-2.8545929954806395
1126.0,56300.0,56043.0,50.0,-3.3361605596212223
1127.0,56350.0,56093.0,50.0,-3.774463420107488
1128.0,56400.0,56143.0,50.0,-2.900705530889839
1129.0,56450.0,56193.0,50.0,-3.222717513920012
1130.0,56500.0,56243.0,50.0,-2.9608661123302342
1131.0,56550.0,56293.0,50.0,-3.1639666470398153
1132.0,56600.0,56343.0,50.0,-2.6391784243111287
1133.0,56650.0,56393.0,50.0,-3.6253660579506413
1134.0,56700.0,56443.0,50.0,-3.340728460071374
1135.0,56750.0,56493.0,50.0,-4.08960434116629
1136.0,56800.0,56543.0,50.0,-1.5049344787510206
1137.0,56850.0,56593.0,50.0,-4.13608097830043
1138.0,56900.0,56643.0,50.0,-4.4418988833419775
1139.0,56950.0,56693.0,50.0,-2.290661528903004
1140.0,57000.0,56743.0,50.0,-4.143754823469782
1141.0,57050.0,56793.0,50.0,-2.5769987643493133
1142.0,57100.0,56843.0,50.0,-3.971853683164102
1143.0,57150.0,56893.0,50.0,-4.409620952504449
1144.0,57200.0,56943.0,50.0,-2.9789525302155933
1145.0,57250.0,56993.0,50.0,-2.246277905286567
1146.0,57300.0,57043.0,50.0,-2.2117867494947254
1147.0,57350.0,57093.0,50.0,-3.5422844706535463
1148.0,57400.0,57143.0,50.0,-4.619811894361898
1149.0,57450.0,57193.0,50.0,-3.531674666977123
1150.0,57500.0,57243.0,50.0,-3.9038019870210885
1151.0,57550.0,57293.0,50.0,-4.884762564897327
1152.0,57600.0,57343.0,50.0,-3.0456710656101764
1153.0,57650.0,57393.0,50.0,-2.0669722975794627
1154.0,57700.0,57443.0,50.0,-3.550976955645056
1155.0,57750.0,57493.0,50.0,-1.7270001215419437
1156.0,57800.0,57543.0,50.0,-3.527632927923534
1157.0,57850.0,57593.0,50.0,-3.8106107496463957
1158.0,57900.0,57643.0,50.0,-2.9437202406662095
1159.0,57950.0,57693.0,50.0,-4.996497105624556
1160.0,58000.0,57743.0,50.0,-3.212888608743248
1161.0,58050.0,57793.0,50.0,-1.7268166676795376
1162.0,58100.0,57843.0,50.0,-2.0369376199494558
1163.0,58150.0,57893.0,50.0,-2.7499046512261547
1164.0,58200.0,57943.0,50.0,-4.147072586444992
1165.0,58250.0,57993.0,50.0,-2.5653340075282216
1166.0,58300.0,58043.0,50.0,-2.5297852493761734
1167.0,58350.0,58093.0,50.0,-3.4331692904949014
1168.0,58400.0,58143.0,50.0,-2.4990679937025577
1169.0,58450.0,58193.0,50.0,-2.9176720668884166
1170.0,58500.0,58243.0,50.0,-4.3621769437448865
1171.0,58550.0,58293.0,50.0,-2.9625582292331782
1172.0,58600.0,58343.0,50.0,-2.1591642110545424
1173.0,58650.0,58393.0,50.0,-1.7789155529944822
1174.0,58700.0,58443.0,50.0,-2.683981028985828
1175.0,58750.0,58493.0,50.0,-3.8034317078852387
1176.0,58800.0,58543.0,50.0,-2.2964844207652297
1177.0,58850.0,58593.0,50.0,-1.9318861910643037
1178.0,58900.0,58643.0,50.0,-3.046958035027212
1179.0,58950.0,58693.0,50.0,-5.143147715294735
1180.0,59000.0,58743.0,50.0,-6.820836830441409
1181.0,59050.0,58793.0,50.0,-2.170282902321149
1182.0,59100.0,58843.0,50.0,-2.3417880501865507
1183.0,59150.0,58893.0,50.0,-4.612172453681747
1184.0,59200.0,58943.0,50.0,-6.4782177244102765
1185.0,59250.0,58993.0,50.0,-2.640093837246464
1186.0,59300.0,59043.0,50.0,-4.357835552467886
1187.0,59350.0,59093.0,50.0,-3.918096923530478
1188.0,59400.0,59143.0,50.0,-3.9278775616898733
1189.0,59450.0,59193.0,50.0,-5.331422747805958
1190.0,59500.0,59243.0,50.0,-3.299709048758971
1191.0,59550.0,59293.0,50.0,-2.1480731049622954
1192.0,59600.0,59343.0,50.0,-3.3499288844276482
1193.0,59650.0,59393.0,50.0,-3.783632548361902
1194.0,59700.0,59443.0,50.0,-4.044297165407227
1195.0,59750.0,59493.0,50.0,-3.322091621987742
1196.0,59800.0,59543.0,50.0,-4.575029328537831
1197.0,59850.0,59593.0,50.0,-4.163947013132976
1198.0,59900.0,59643.0,50.0,-3.4856250251009424
1199.0,59950.0,59693.0,50.0,-2.9624486044912004
1200.0,60000.0,59743.0,50.0,-3.574341143393469
1201.0,60050.0,59793.0,50.0,-2.6723272055805443
1202.0,60100.0,59843.0,50.0,-2.534786541669522
1203.0,60150.0,59893.0,50.0,-3.4230883367419587
1204.0,60200.0,59943.0,50.0,-2.78447813522677
1205.0,60250.0,59993.0,50.0,-3.562057249812597
1206.0,60300.0,60043.0,50.0,-3.1339466391263744
1207.0,60350.0,60093.0,50.0,-2.4385436957154387
1208.0,60400.0,60143.0,50.0,-4.53904808738685
1209.0,60450.0,60193.0,50.0,-3.8573777100205784
1210.0,60500.0,60243.0,50.0,-4.6500504614257965
1211.0,60550.0,60293.0,50.0,-2.761147098967227
1212.0,60600.0,60343.0,50.0,-1.7012536230573267
1213.0,60650.0,60393.0,50.0,-2.4837326636188855
1214.0,60700.0,60443.0,50.0,-2.4570011579564914
1215.0,60750.0,60493.0,50.0,-3.588546914458562
1216.0,60800.0,60543.0,50.0,-2.659142292481926
1217.0,60850.0,60593.0,50.0,-3.138142704435358
1218.0,60900.0,60643.0,50.0,-2.8394291776083715
1219.0,60950.0,60693.0,50.0,-3.0417932197779347
1220.0,61000.0,60743.0,50.0,-2.895002559448437
1221.0,61050.0,60793.0,50.0,-2.527798815519097
1222.0,61100.0,60843.0,50.0,-2.0592702860693692
1223.0,61150.0,60893.0,50.0,-1.968144088375504
1224.0,61200.0,60943.0,50.0,-3.2791637818255412
1225.0,61250.0,60993.0,50.0,-1.866389448582434
1226.0,61300.0,61043.0,50.0,-2.897135039249374
1227.0,61350.0,61093.0,50.0,-1.5484487984326272
1228.0,61400.0,61143.0,50.0,-2.670407196771219
1229.0,61450.0,61193.0,50.0,-1.49413646406094
1230.0,61500.0,61243.0,50.0,-3.3502579084183455
1231.0,61550.0,61293.0,50.0,-2.7050639552902584
1232.0,61600.0,61343.0,50.0,-1.4660130588277418
1233.0,61650.0,61393.0,50.0,-1.9199982469931205
1234.0,61700.0,61443.0,50.0,-2.0091432261718083
1235.0,61750.0,61493.0,50.0,-2.1985174593263523
1236.0,61800.0,61543.0,50.0,-3.830224214596033
1237.0,61850.0,61593.0,50.0,-2.3365528406289764
1238.0,61900.0,61643.0,50.0,-2.594645808068648
1239.0,61950.0,61693.0,50.0,-3.938292532188435
1240.0,62000.0,61743.0,50.0,-2.808769361287154
1241.0,62050.0,61793.0,50.0,-3.498721036700945
1242.0,62100.0,61843.0,50.0,-1.821780575179855
1243.0,62150.0,61893.0,50.0,-2.9018816563504104
1244.0,62200.0,61943.0,50.0,-3.6486204175742962
1245.0,62250.0,61993.0,50.0,-3.3053340744660082
1246.0,62300.0,62043.0,50.0,-3.4676255843755195
1247.0,62350.0,62093.0,50.0,-3.534194071511863
1248.0,62400.0,62143.0,50.0,-3.234541699193145
1249.0,62450.0,62193.0,50.0,-1.215289429731784
1250.0,62500.0,62243.0,50.0,-3.2088176356401057
1251.0,62550.0,62293.0,50.0,-4.979441401701635
1252.0,62600.0,62343.0,50.0,-2.813219453319718
1253.0,62650.0,62393.0,50.0,-3.359505745409471
1254.0,62700.0,62443.0,50.0,-2.839451245504097
1255.0,62750.0,62493.0,50.0,-3.258902235564991
1256.0,62800.0,62543.0,50.0,-2.815886074647503
1257.0,62850.0,62593.0,50.0,-4.58643124133985
1258.0,62900.0,62643.0,50.0,-2.643573374456065
1259.0,62950.0,62693.0,50.0,-2.102965831764247
1260.0,63000.0,62743.0,50.0,-6.071153590653844
1261.0,63050.0,62793.0,50.0,-3.3876211993894887
1262.0,63100.0,62843.0,50.0,-2.1023247001830976
1263.0,63150.0,62893.0,50.0,-2.34639749949564
1264.0,63200.0,62943.0,50.0,-1.8001886578142705
1265.0,63250.0,62993.0,50.0,-2.411026822092111
1266.0,63300.0,63043.0,50.0,-4.340124410706393
1267.0,63350.0,63093.0,50.0,-1.9411628606296862
1268.0,63400.0,63143.0,50.0,-1.580423116954156
1269.0,63450.0,63193.0,50.0,-1.9725986576811732
1270.0,63500.0,63243.0,50.0,-2.09003024973137
1271.0,63550.0,63293.0,50.0,-2.317677563797862
1272.0,63600.0,63343.0,50.0,-2.230362109997446
1273.0,63650.0,63393.0,50.0,-2.9393074014644727
1274.0,63700.0,63443.0,50.0,-1.5936727244158757
1275.0,63750.0,63493.0,50.0,-1.9145149157099648
1276.0,63800.0,63543.0,50.0,-3.8367424655023585
1277.0,63850.0,63593.0,50.0,-3.278090374857636
1278.0,63900.0,63643.0,50.0,-2.820571928531064
1279.0,63950.0,63693.0,50.0,-4.291507200193519
1280.0,64000.0,63743.0,50.0,-1.2754683817737236
1281.0,64050.0,63793.0,50.0,-2.299794207644255
1282.0,64100.0,63843.0,50.0,-3.2259787126193027
1283.0,64150.0,63893.0,50.0,-3.2332717009628715
1284.0,64200.0,63943.0,50.0,-2.1820375584222806
1285.0,64250.0,63993.0,50.0,-3.3626240913040357
1286.0,64300.0,64043.0,50.0,-1.3986824028435465
1287.0,64350.0,64093.0,50.0,-4.419111289398356
1288.0,64400.0,64143.0,50.0,-3.0773861598395422
1289.0,64450.0,64193.0,50.0,-5.381034921189565
1290.0,64500.0,64243.0,50.0,-1.3070552829788178
1291.0,64550.0,64293.0,50.0,-3.5967092232003695
1292.0,64600.0,64343.0,50.0,-2.2255772550783792
1293.0,64650.0,64393.0,50.0,-2.4646893411041617
1294.0,64700.0,64443.0,50.0,-2.961124014194416
1295.0,64750.0,64493.0,50.0,-2.9127894042603755
1296.0,64800.0,64543.0,50.0,-2.2071551089863073
1297.0,64850.0,64593.0,50.0,-2.486954311546501
1298.0,64900.0,64643.0,50.0,-2.566829590383616
1299.0,64950.0,64693.0,50.0,-1.3885354422142213
1300.0,65000.0,64743.0,50.0,-1.482836832619475
1301.0,65050.0,64793.0,50.0,-2.8561016517327236
1302.0,65100.0,64843.0,50.0,-3.9766632624569556
1303.0,65150.0,64893.0,50.0,-2.1134959730172915
1304.0,65200.0,64943.0,50.0,-2.2402794965098503
1305.0,65250.0,64993.0,50.0,-2.4015532386244955
1306.0,65300.0,65043.0,50.0,-1.7890248066592682
1307.0,65350.0,65093.0,50.0,-4.35480846361404
1308.0,65400.0,65143.0,50.0,-2.3991484318291674
1309.0,65450.0,65193.0,50.0,-1.8049946773418186
1310.0,65500.0,65243.0,50.0,-2.1352187741244086
1311.0,65550.0,65293.0,50.0,-4.889862754014258
1312.0,65600.0,65343.0,50.0,-4.912910485407192
1313.0,65650.0,65393.0,50.0,-1.6375399007785618
1314.0,65700.0,65443.0,50.0,-2.9654205584479896
1315.0,65750.0,65493.0,50.0,-1.8126406812356393
1316.0,65800.0,65543.0,50.0,-3.7397356634995105
1317.0,65850.0,65593.0,50.0,-1.815991502729514
1318.0,65900.0,65643.0,50.0,-5.194315523340741
1319.0,65950.0,65693.0,50.0,-2.3031892463651333
1320.0,66000.0,65743.0,50.0,-3.080008422828503
1321.0,66050.0,65793.0,50.0,-4.172680776935885
1322.0,66100.0,65843.0,50.0,-3.4686929785146488
1323.0,66150.0,65893.0,50.0,-2.3195216814999235
1324.0,66200.0,65943.0,50.0,-1.3808412331321667
1325.0,66250.0,65993.0,50.0,-6.077398424689959
1326.0,66300.0,66043.0,50.0,-2.6655556898085537
1327.0,66350.0,66093.0,50.0,-1.957140481939981
1328.0,66400.0,66143.0,50.0,-1.4665571719416564
1329.0,66450.0,66193.0,50.0,-2.3248021589170778
1330.0,66500.0,66243.0,50.0,-3.5902256801654855
1331.0,66550.0,66293.0,50.0,-3.4220228216263604
1332.0,66600.0,66343.0,50.0,-5.052588680244705
1333.0,66650.0,66393.0,50.0,-2.447456819722081
1334.0,66700.0,66443.0,50.0,-2.570012847539078
1335.0,66750.0,66493.0,50.0,-1.9577323923929584
1336.0,66800.0,66543.0,50.0,-2.4117143790469937
1337.0,66850.0,66593.0,50.0,-1.9531587937304804
1338.0,66900.0,66643.0,50.0,-2.384100537175781
1339.0,66950.0,66693.0,50.0,-2.675696538716483
1340.0,67000.0,66743.0,50.0,-3.6345817618846876
1341.0,67050.0,66793.0,50.0,-3.2666602700570153
1342.0,67100.0,66843.0,50.0,-1.9723282322837472
1343.0,67150.0,66893.0,50.0,-2.579156251070803
1344.0,67200.0,66943.0,50.0,-2.998149545574118
1345.0,67250.0,66993.0,50.0,-1.6891002999653515
1346.0,67300.0,67043.0,50.0,-2.7103424023210843
1347.0,67350.0,67093.0,50.0,-2.702736765589376
1348.0,67400.0,67143.0,50.0,-3.087120389814612
1349.0,67450.0,67193.0,50.0,-2.919517569707385
1350.0,67500.0,67243.0,50.0,-2.2121798268149755
1351.0,67550.0,67293.0,50.0,-3.027177957610023
1352.0,67600.0,67343.0,50.0,-3.202181056229145
1353.0,67650.0,67393.0,50.0,-1.823489962563806
1354.0,67700.0,67443.0,50.0,-2.8321361972652612
1355.0,67750.0,67493.0,50.0,-1.4865731213172033
1356.0,67800.0,67543.0,50.0,-1.714390428752114
1357.0,67850.0,67593.0,50.0,-1.3002533927409134
1358.0,67900.0,67643.0,50.0,-2.687002899658994
1359.0,67950.0,67693.0,50.0,-2.5552792226188266
1360.0,68000.0,67743.0,50.0,-3.4281478522008495
1361.0,68050.0,67793.0,50.0,-3.2998388515946084
1362.0,68100.0,67843.0,50.0,-2.0274161508768764
1363.0,68150.0,67893.0,50.0,-1.288561240761412
1364.0,68200.0,67943.0,50.0,-1.6036890892282387
1365.0,68250.0,67993.0,50.0,-2.6867232756132124
1366.0,68300.0,68043.0,50.0,-1.6397122661469847
1367.0,68350.0,68093.0,50.0,-3.3195631051065124
1368.0,68400.0,68143.0,50.0,-1.7973782589471052
1369.0,68450.0,68193.0,50.0,-1.6567699064830392
1370.0,68500.0,68243.0,50.0,-2.479136351548955
1371.0,68550.0,68293.0,50.0,-3.871984558234414
1372.0,68600.0,68343.0,50.0,-2.0060120746855366
1373.0,68650.0,68393.0,50.0,-3.229954537707804
1374.0,68700.0,68443.0,50.0,-2.0165110930295276
1375.0,68750.0,68493.0,50.0,-3.53116495820665
1376.0,68800.0,68543.0,50.0,-2.704656991455531
1377.0,68850.0,68593.0,50.0,-2.1028818414999986
1378.0,68900.0,68643.0,50.0,-1.391016388164155
1379.0,68950.0,68693.0,50.0,-5.051620505873948
1380.0,69000.0,68743.0,50.0,-4.845184913531217
1381.0,69050.0,68793.0,50.0,-2.720261047093629
1382.0,69100.0,68843.0,50.0,-1.893200694750295
1383.0,69150.0,68893.0,50.0,-3.446900869088432
1384.0,69200.0,68943.0,50.0,-2.7032281179580457
1385.0,69250.0,68993.0,50.0,-2.8138709031519884
1386.0,69300.0,69043.0,50.0,-3.1691032126276326
1387.0,69350.0,69093.0,50.0,-3.8795482765578426
1388.0,69400.0,69143.0,50.0,-2.9372134320587784
1389.0,69450.0,69193.0,50.0,-1.732960299472507
1390.0,69500.0,69243.0,50.0,-2.16404359908006
1391.0,69550.0,69293.0,50.0,-3.8184152882288824
1392.0,69600.0,69343.0,50.0,-2.7283583859913048
1393.0,69650.0,69393.0,50.0,-2.3230322573564863
1394.0,69700.0,69443.0,50.0,-3.443954049708142
1395.0,69750.0,69493.0,50.0,-1.9147021181242363
1396.0,69800.0,69543.0,50.0,-2.4888686178130675
1397.0,69850.0,69593.0,50.0,-2.1841133582710666
1398.0,69900.0,69643.0,50.0,-1.9788300334020628
1399.0,69950.0,69693.0,50.0,-1.8828352900468504
1400.0,70000.0,69743.0,50.0,-2.7571819525405092
1401.0,70050.0,69793.0,50.0,-2.01339758251606
1402.0,70100.0,69843.0,50.0,-3.4795082524654073
1403.0,70150.0,69893.0,50.0,-3.199382017002862
1404.0,70200.0,69943.0,50.0,-2.881935100138711
1405.0,70250.0,69993.0,50.0,-4.231996956892006
1406.0,70300.0,70043.0,50.0,-2.974260549691563
1407.0,70350.0,70093.0,50.0,-3.0771089955725923
1408.0,70400.0,70143.0,50.0,-2.31898841574508
1409.0,70450.0,70193.0,50.0,-2.424181356402853
1410.0,70500.0,70243.0,50.0,-1.771090312799247
1411.0,70550.0,70293.0,50.0,-4.863111055353055
1412.0,70600.0,70343.0,50.0,-2.4119901569941677
1413.0,70650.0,70393.0,50.0,-4.989266808819287
1414.0,70700.0,70443.0,50.0,-1.5357617388352138
1415.0,70750.0,70493.0,50.0,-2.359350008567492
1416.0,70800.0,70543.0,50.0,-1.6441213886641626
1417.0,70850.0,70593.0,50.0,-3.308959223254646
1418.0,70900.0,70643.0,50.0,-1.7756660754170648
1419.0,70950.0,70693.0,50.0,-2.4044877064033
1420.0,71000.0,70743.0,50.0,-1.6485599684427574
1421.0,71050.0,70793.0,50.0,-3.4115745639851593
1422.0,71100.0,70843.0,50.0,-1.744974878547402
1423.0,71150.0,70893.0,50.0,-1.556296461151218
1424.0,71200.0,70943.0,50.0,-2.1161614374804443
1425.0,71250.0,70993.0,50.0,-1.648464610096904
1426.0,71300.0,71043.0,50.0,-5.355395732970689
1427.0,71350.0,71093.0,50.0,-2.5073806193907626
1428.0,71400.0,71143.0,50.0,-3.505617457876551
1429.0,71450.0,71193.0,50.0,-1.917545445209122
1430.0,71500.0,71243.0,50.0,-1.2280060650342577
1431.0,71550.0,71293.0,50.0,-1.5184366969440153
1432.0,71600.0,71343.0,50.0,-4.872072185141688
1433.0,71650.0,71393.0,50.0,-1.4639055068068105
1434.0,71700.0,71443.0,50.0,-2.0994365144314404
1435.0,71750.0,71493.0,50.0,-1.7798370148457345
1436.0,71800.0,71543.0,50.0,-2.1940460181499315
1437.0,71850.0,71593.0,50.0,-2.8507215830197015
1438.0,71900.0,71643.0,50.0,-1.7669372409327715
1439.0,71950.0,71693.0,50.0,-1.7503104996453234
1440.0,72000.0,71743.0,50.0,-2.3546545025774677
1441.0,72050.0,71793.0,50.0,-2.073016656930172
1442.0,72100.0,71843.0,50.0,-1.6654133305351886
1443.0,72150.0,71893.0,50.0,-2.060852853478171
1444.0,72200.0,71943.0,50.0,-1.7433717351113196
1445.0,72250.0,71993.0,50.0,-1.688930381371995
1446.0,72300.0,72043.0,50.0,-1.9255790994604811
1447.0,72350.0,72093.0,50.0,-1.7514138999253328
1448.0,72400.0,72143.0,50.0,-2.614961483121001
1449.0,72450.0,72193.0,50.0,-3.1328211896007585
1450.0,72500.0,72243.0,50.0,-1.8612691005460593
1451.0,72550.0,72293.0,50.0,-2.3971028735201902
1452.0,72600.0,72343.0,50.0,-3.0153928024519403
1453.0,72650.0,72393.0,50.0,-4.080711555517565
1454.0,72700.0,72443.0,50.0,-4.28220388795619
1455.0,72750.0,72493.0,50.0,-2.094665357057265
1456.0,72800.0,72543.0,50.0,-4.703138204510924
1457.0,72850.0,72593.0,50.0,-1.8387855373424493
1458.0,72900.0,72643.0,50.0,-1.7309844814599857
1459.0,72950.0,72693.0,50.0,-2.476983694713078
1460.0,73000.0,72743.0,50.0,-2.10064912495245
1461.0,73050.0,72793.0,50.0,-2.626522351698276
1462.0,73100.0,72843.0,50.0,-2.716903830967999
1463.0,73150.0,72893.0,50.0,-6.1902204982808575
1464.0,73200.0,72943.0,50.0,-2.6168046117156334
1465.0,73250.0,72993.0,50.0,-3.460614347690219
1466.0,73300.0,73043.0,50.0,-0.820895662069272
1467.0,73350.0,73093.0,50.0,-2.5101829179226844
1468.0,73400.0,73143.0,50.0,-3.055687175810193
1469.0,73450.0,73193.0,50.0,-1.5631391782213446
1470.0,73500.0,73243.0,50.0,-2.463903701326166
1471.0,73550.0,73293.0,50.0,-1.297867664194382
1472.0,73600.0,73343.0,50.0,-1.6908551232490527
1473.0,73650.0,73393.0,50.0,-1.5596949603463588
1474.0,73700.0,73443.0,50.0,-2.3847323790338972
1475.0,73750.0,73493.0,50.0,-4.724909496136008
1476.0,73800.0,73543.0,50.0,-1.7243140643349848
1477.0,73850.0,73593.0,50.0,-2.751869983087398
1478.0,73900.0,73643.0,50.0,-2.69025003744026
1479.0,73950.0,73693.0,50.0,-1.666014347828891
1480.0,74000.0,73743.0,50.0,-1.8084740185609363
1481.0,74050.0,73793.0,50.0,-1.8406905944703118
1482.0,74100.0,73843.0,50.0,-2.451177298466944
1483.0,74150.0,73893.0,50.0,-3.6136452883987165
1484.0,74200.0,73943.0,50.0,-2.4910646997518806
1485.0,74250.0,73993.0,50.0,-2.3593924406893834
1486.0,74300.0,74043.0,50.0,-1.7375689348379364
1487.0,74350.0,74093.0,50.0,-2.457703951802766
1488.0,74400.0,74143.0,50.0,-2.1618029331103488
1489.0,74450.0,74193.0,50.0,-1.8231409424249538
1490.0,74500.0,74243.0,50.0,-1.868894946787911
1491.0,74550.0,74293.0,50.0,-2.0341022473048085
1492.0,74600.0,74343.0,50.0,-2.146929121428947
1493.0,74650.0,74393.0,50.0,-1.7714421346778741
1494.0,74700.0,74443.0,50.0,-1.6544577965178857
1495.0,74750.0,74493.0,50.0,-4.903032849252963
1496.0,74800.0,74543.0,50.0,-4.092622378232596
1497.0,74850.0,74593.0,50.0,-2.3353954909453107
1498.0,74900.0,74643.0,50.0,-2.152118297328543
1499.0,74950.0,74693.0,50.0,-1.7629886752487338
1500.0,75000.0,74743.0,50.0,-1.2137360634958638
1501.0,75050.0,74793.0,50.0,-1.928838353707207
1502.0,75100.0,74843.0,50.0,-2.7912061925330387
1503.0,75150.0,74893.0,50.0,-3.184174852971944
1504.0,75200.0,74943.0,50.0,-1.779499970937952
1505.0,75250.0,74993.0,50.0,-3.044771437101219
1506.0,75300.0,75043.0,50.0,-2.0026939630409126
1507.0,75350.0,75093.0,50.0,-1.7480865599653173
1508.0,75400.0,75143.0,50.0,-1.6308198727395633
1509.0,75450.0,75193.0,50.0,-3.651082600653839
1510.0,75500.0,75243.0,50.0,-2.2371690123364134
1511.0,75550.0,75293.0,50.0,-4.4457468522065495
1512.0,75600.0,75343.0,50.0,-2.3073816236159277
1513.0,75650.0,75393.0,50.0,-3.3348313260203644
1514.0,75700.0,75443.0,50.0,-2.1766575178133016
1515.0,75750.0,75493.0,50.0,-2.254262863089365
1516.0,75800.0,75543.0,50.0,-3.556887458318887
1517.0,75850.0,75593.0,50.0,-1.7506892546381259
1518.0,75900.0,75643.0,50.0,-1.49869507273268
1519.0,75950.0,75693.0,50.0,-2.4084943736034274
1520.0,76000.0,75743.0,50.0,-3.6391094972397653
1521.0,76050.0,75793.0,50.0,-2.3740605521583045
1522.0,76100.0,75843.0,50.0,-3.0697512938410303
1523.0,76150.0,75893.0,50.0,-2.6501513582134972
1524.0,76200.0,75943.0,50.0,-3.0982603488786538
1525.0,76250.0,75993.0,50.0,-1.739902248540817
1526.0,76300.0,76043.0,50.0,-2.4030401544318516
1527.0,76350.0,76093.0,50.0,-2.941410353819501
1528.0,76400.0,76143.0,50.0,-2.2552124553601067
1529.0,76450.0,76193.0,50.0,-1.9620584031866606
1530.0,76500.0,76243.0,50.0,-2.492423062828332
1531.0,76550.0,76293.0,50.0,-2.531233356705864
1532.0,76600.0,76343.0,50.0,-1.8630280151430927
1533.0,76650.0,76393.0,50.0,-2.5558193810943135
1534.0,76700.0,76443.0,50.0,-1.4820087844713223
1535.0,76750.0,76493.0,50.0,-2.2685256087370402
1536.0,76800.0,76543.0,50.0,-2.8096363070721093
1537.0,76850.0,76593.0,50.0,-2.981469398091035
1538.0,76900.0,76643.0,50.0,-2.4574295505892056
1539.0,76950.0,76693.0,50.0,-2.3729060596105485
1540.0,77000.0,76743.0,50.0,-1.3835618918240407
1541.0,77050.0,76793.0,50.0,-2.1627730795292397
1542.0,77100.0,76843.0,50.0,-2.1953958963328457
1543.0,77150.0,76893.0,50.0,-1.8491659922512909
1544.0,77200.0,76943.0,50.0,-3.20517402192134
1545.0,77250.0,76993.0,50.0,-1.5901939806686645
1546.0,77300.0,77043.0,50.0,-2.1771722008039354
1547.0,77350.0,77093.0,50.0,-1.4880759210404573
1548.0,77400.0,77143.0,50.0,-2.9747592481539002
1549.0,77450.0,77193.0,50.0,-3.1065945302094713
1550.0,77500.0,77243.0,50.0,-2.0002422309086816
1551.0,77550.0,77293.0,50.0,-3.379547038180537
1552.0,77600.0,77343.0,50.0,-2.5754017319714224
1553.0,77650.0,77393.0,50.0,-2.181147493888492
1554.0,77700.0,77443.0,50.0,-2.6880885906535763
1555.0,77750.0,77493.0,50.0,-2.488135918455585
1556.0,77800.0,77543.0,50.0,-1.8904023594680381
1557.0,77850.0,77593.0,50.0,-3.88025783470062
1558.0,77900.0,77643.0,50.0,-2.205975107617835
1559.0,77950.0,77693.0,50.0,-2.3733562141027504
1560.0,78000.0,77743.0,50.0,-2.4488786371887645
1561.0,78050.0,77793.0,50.0,-2.6419895667127866
1562.0,78100.0,77843.0,50.0,-2.076983024531964
1563.0,78150.0,77893.0,50.0,-1.730585634955785
1564.0,78200.0,77943.0,50.0,-3.4502140805689714
1565.0,78250.0,77993.0,50.0,-4.19555344498932
1566.0,78300.0,78043.0,50.0,-1.2288534238689939
1567.0,78350.0,78093.0,50.0,-3.139875686496712
1568.0,78400.0,78143.0,50.0,-2.846204783426675
1569.0,78450.0,78193.0,50.0,-1.8699772746918626
1570.0,78500.0,78243.0,50.0,-3.5654149278219496
1571.0,78550.0,78293.0,50.0,-1.5516023691944376
1572.0,78600.0,78343.0,50.0,-3.38793970764733
1573.0,78650.0,78393.0,50.0,-2.3744472182409133
1574.0,78700.0,78443.0,50.0,-3.0286911655328965
1575.0,78750.0,78493.0,50.0,-2.580468153643804
1576.0,78800.0,78543.0,50.0,-2.5389859220215314
1577.0,78850.0,78593.0,50.0,-2.115272828906308
1578.0,78900.0,78643.0,50.0,-2.5144780319637143
1579.0,78950.0,78693.0,50.0,-2.1185334898568304
1580.0,79000.0,78743.0,50.0,-2.8955425031823125
1581.0,79050.0,78793.0,50.0,-2.8735875560856714
1582.0,79100.0,78843.0,50.0,-3.218097706297378
1583.0,79150.0,78893.0,50.0,-3.199861461671118
1584.0,79200.0,78943.0,50.0,-2.999609175242188
1585.0,79250.0,78993.0,50.0,-2.595840260334502
1586.0,79300.0,79043.0,50.0,-2.2006718236222267
1587.0,79350.0,79093.0,50.0,-3.443760173137145
1588.0,79400.0,79143.0,50.0,-3.2843559305504617
1589.0,79450.0,79193.0,50.0,-2.0140802581059507
1590.0,79500.0,79243.0,50.0,-1.5056683045605528
1591.0,79550.0,79293.0,50.0,-1.9729390194844476
1592.0,79600.0,79343.0,50.0,-2.702021560609071
1593.0,79650.0,79393.0,50.0,-2.21540833785742
1594.0,79700.0,79443.0,50.0,-2.940599534186273
1595.0,79750.0,79493.0,50.0,-1.9490762988356474
1596.0,79800.0,79543.0,50.0,-1.1761518718430597
1597.0,79850.0,79593.0,50.0,-2.5346291865517214
1598.0,79900.0,79643.0,50.0,-2.792469669321596
1599.0,79950.0,79693.0,50.0,-2.70483106185365
1600.0,80000.0,79743.0,50.0,-1.2349173535343818
1601.0,80050.0,79793.0,50.0,-3.17930459269346
1602.0,80100.0,79843.0,50.0,-2.147577854246732
1603.0,80150.0,79893.0,50.0,-1.8053305579197119
1604.0,80200.0,79943.0,50.0,-3.255666486652498
1605.0,80250.0,79993.0,50.0,-3.1244035361458886
1606.0,80300.0,80043.0,50.0,-2.52290146007157
1607.0,80350.0,80093.0,50.0,-3.291407614896987
1608.0,80400.0,80143.0,50.0,-3.0334291069598964
1609.0,80450.0,80193.0,50.0,-3.9962658328843434
1610.0,80500.0,80243.0,50.0,-2.8678581787249433
1611.0,80550.0,80293.0,50.0,-1.9979739103032612
1612.0,80600.0,80343.0,50.0,-1.7946373320931577
1613.0,80650.0,80393.0,50.0,-2.543479769188571
1614.0,80700.0,80443.0,50.0,-2.522914481762868
1615.0,80750.0,80493.0,50.0,-3.9197799134363054
1616.0,80800.0,80543.0,50.0,-2.063017749616475
1617.0,80850.0,80593.0,50.0,-1.2127342877895888
1618.0,80900.0,80643.0,50.0,-2.8029067286764757
1619.0,80950.0,80693.0,50.0,-2.4342025720948572
1620.0,81000.0,80743.0,50.0,-1.8339160908864505
1621.0,81050.0,80793.0,50.0,-4.650343962935068
1622.0,81100.0,80843.0,50.0,-3.5663037069662122
1623.0,81150.0,80893.0,50.0,-2.6055104092935726
1624.0,81200.0,80943.0,50.0,-2.654685742546964
1625.0,81250.0,80993.0,50.0,-2.946910603545364
1626.0,81300.0,81043.0,50.0,-1.7934613057710411
1627.0,81350.0,81093.0,50.0,-2.4275479255747046
1628.0,81400.0,81143.0,50.0,-2.3542337937024187
1629.0,81450.0,81193.0,50.0,-1.0173262025851673
1630.0,81500.0,81243.0,50.0,-2.8027064512716806
1631.0,81550.0,81293.0,50.0,-1.7822166663646386
1632.0,81600.0,81343.0,50.0,-2.472035735211141
1633.0,81650.0,81393.0,50.0,-3.5822188673126907
1634.0,81700.0,81443.0,50.0,-2.7653236189741093
1635.0,81750.0,81493.0,50.0,-1.8674270394893155
1636.0,81800.0,81543.0,50.0,-1.400078973688668
1637.0,81850.0,81593.0,50.0,-1.971774352939059
1638.0,81900.0,81643.0,50.0,-2.1868155969264023
1639.0,81950.0,81693.0,50.0,-3.01455671442552
1640.0,82000.0,81743.0,50.0,-1.9016188441023303
1641.0,82050.0,81793.0,50.0,-2.1239201296914385
1642.0,82100.0,81843.0,50.0,-0.9208826826052356
1643.0,82150.0,81893.0,50.0,-3.084437533529666
1644.0,82200.0,81943.0,50.0,-1.822839993239187
1645.0,82250.0,81993.0,50.0,-1.4438587380919243
1646.0,82300.0,82043.0,50.0,-2.28946734461163
1647.0,82350.0,82093.0,50.0,-2.0563162683218157
1648.0,82400.0,82143.0,50.0,-2.7838445071879376
1649.0,82450.0,82193.0,50.0,-3.069908039852768
1650.0,82500.0,82243.0,50.0,-3.3723492097265684
1651.0,82550.0,82293.0,50.0,-2.6381478164539653
1652.0,82600.0,82343.0,50.0,-1.5552646779468904
1653.0,82650.0,82393.0,50.0,-1.676325041377914
1654.0,82700.0,82443.0,50.0,-1.22312230378485
1655.0,82750.0,82493.0,50.0,-2.593868621736669
1656.0,82800.0,82543.0,50.0,-1.285225105930993
1657.0,82850.0,82593.0,50.0,-1.9030897967537923
1658.0,82900.0,82643.0,50.0,-1.790099637022835
1659.0,82950.0,82693.0,50.0,-1.5673777366423653
1660.0,83000.0,82743.0,50.0,-1.9907387419571105
1661.0,83050.0,82793.0,50.0,-2.1659031314081223
1662.0,83100.0,82843.0,50.0,-1.002986504931422
1663.0,83150.0,82893.0,50.0,-2.074146271851211
1664.0,83200.0,82943.0,50.0,-2.5666461575416553
1665.0,83250.0,82993.0,50.0,-1.3403576591552477
1666.0,83300.0,83043.0,50.0,-2.5858310249501057
1667.0,83350.0,83093.0,50.0,-2.5684349029015046
1668.0,83400.0,83143.0,50.0,-1.5679800021572259
1669.0,83450.0,83193.0,50.0,-1.675626366516019
1670.0,83500.0,83243.0,50.0,-3.3112281445646246
1671.0,83550.0,83293.0,50.0,-1.7739290558331506
1672.0,83600.0,83343.0,50.0,-2.9298828096171228
1673.0,83650.0,83393.0,50.0,-1.922437703856989
1674.0,83700.0,83443.0,50.0,-1.9009102175838448
1675.0,83750.0,83493.0,50.0,-2.4637833831623213
1676.0,83800.0,83543.0,50.0,-1.7080387953262473
1677.0,83850.0,83593.0,50.0,-3.3281902278678923
1678.0,83900.0,83643.0,50.0,-1.903012532648544
1679.0,83950.0,83693.0,50.0,-2.5394691893178787
1680.0,84000.0,83743.0,50.0,-1.2527138853437494
1681.0,84050.0,83793.0,50.0,-1.0154733522257582
1682.0,84100.0,83843.0,50.0,-1.7657369086865062
1683.0,84150.0,83893.0,50.0,-2.595026957640434
1684.0,84200.0,83943.0,50.0,-2.39053516162231
1685.0,84250.0,83993.0,50.0,-1.2602878131682622
1686.0,84300.0,84043.0,50.0,-2.1724474663732827
1687.0,84350.0,84093.0,50.0,-2.006005502488648
1688.0,84400.0,84143.0,50.0,-1.3390323965390174
1689.0,84450.0,84193.0,50.0,-2.58354843627096
1690.0,84500.0,84243.0,50.0,-2.6676666991112747
1691.0,84550.0,84293.0,50.0,-3.287816628240502
1692.0,84600.0,84343.0,50.0,-2.723642735457951
1693.0,84650.0,84393.0,50.0,-3.170836785028209
1694.0,84700.0,84443.0,50.0,-2.365872102949327
1695.0,84750.0,84493.0,50.0,-3.062412288579707
1696.0,84800.0,84543.0,50.0,-1.923357972010888
1697.0,84850.0,84593.0,50.0,-1.9881089642643868
1698.0,84900.0,84643.0,50.0,-1.0373863251505677
1699.0,84950.0,84693.0,50.0,-2.0658513197568142
1700.0,85000.0,84743.0,50.0,-3.2343336879334577
1701.0,85050.0,84793.0,50.0,-2.574734624860277
1702.0,85100.0,84843.0,50.0,-2.9702561655451793
1703.0,85150.0,84893.0,50.0,-2.9095343862471386
1704.0,85200.0,84943.0,50.0,-2.43256406178088
1705.0,85250.0,84993.0,50.0,-2.474532488647961
1706.0,85300.0,85043.0,50.0,-2.1760132859915253
1707.0,85350.0,85093.0,50.0,-1.2638338491834107
1708.0,85400.0,85143.0,50.0,-2.4940444363274867
1709.0,85450.0,85193.0,50.0,-3.569313636888033
1710.0,85500.0,85243.0,50.0,-2.760981765979088
1711.0,85550.0,85293.0,50.0,-1.3515141118793768
1712.0,85600.0,85343.0,50.0,-2.235413701273073
1713.0,85650.0,85393.0,50.0,-1.6098525333526674
1714.0,85700.0,85443.0,50.0,-1.2820566063724343
1715.0,85750.0,85493.0,50.0,-1.0214309347491712
1716.0,85800.0,85543.0,50.0,-3.169492941242589
1717.0,85850.0,85593.0,50.0,-1.4542023535519257
1718.0,85900.0,85643.0,50.0,-2.9980190556243467
1719.0,85950.0,85693.0,50.0,-2.4058633955263526
1720.0,86000.0,85743.0,50.0,-1.5239557351632973
1721.0,86050.0,85793.0,50.0,-3.0703665295024387
1722.0,86100.0,85843.0,50.0,-2.4817045331671896
1723.0,86150.0,85893.0,50.0,-1.6716408426711449
1724.0,86200.0,85943.0,50.0,-1.6663843063287809
1725.0,86250.0,85993.0,50.0,-3.9127688547275223
1726.0,86300.0,86043.0,50.0,-1.6208388864944856
1727.0,86350.0,86093.0,50.0,-2.9834333213395023
1728.0,86400.0,86143.0,50.0,-2.1571054310176327
1729.0,86450.0,86193.0,50.0,-1.9780280022413426
1730.0,86500.0,86243.0,50.0,-1.9980118351454244
1731.0,86550.0,86293.0,50.0,-2.283026165799713
1732.0,86600.0,86343.0,50.0,-1.9663692003564757
1733.0,86650.0,86393.0,50.0,-3.125055509369987
1734.0,86700.0,86443.0,50.0,-2.38603310200258
1735.0,86750.0,86493.0,50.0,-1.8477543294226597
1736.0,86800.0,86543.0,50.0,-1.924669723470234
1737.0,86850.0,86593.0,50.0,-2.2042019261267205
1738.0,86900.0,86643.0,50.0,-0.7323344138847989
1739.0,86950.0,86693.0,50.0,-1.4596065993310718
1740.0,87000.0,86743.0,50.0,-2.202856959417148
1741.0,87050.0,86793.0,50.0,-1.256640084714766
1742.0,87100.0,86843.0,50.0,-2.4731913947380404
1743.0,87150.0,86893.0,50.0,-2.2977392905380674
1744.0,87200.0,86943.0,50.0,-1.8413435297937455
1745.0,87250.0,86993.0,50.0,-2.177794316283842
1746.0,87300.0,87043.0,50.0,-2.1369559890603598
1747.0,87350.0,87093.0,50.0,-2.288906897057105
1748.0,87400.0,87143.0,50.0,-1.6973257208699841
1749.0,87450.0,87193.0,50.0,-1.808864256233653
1750.0,87500.0,87243.0,50.0,-1.3302383348461506
1751.0,87550.0,87293.0,50.0,-1.4785405248701011
1752.0,87600.0,87343.0,50.0,-3.364442014794656
1753.0,87650.0,87393.0,50.0,-2.706447990271907
1754.0,87700.0,87443.0,50.0,-2.0189213177977354
1755.0,87750.0,87493.0,50.0,-1.9618252409782118
1756.0,87800.0,87543.0,50.0,-1.5415043576075786
1757.0,87850.0,87593.0,50.0,-2.286386486052336
1758.0,87900.0,87643.0,50.0,-2.4746900619048593
1759.0,87950.0,87693.0,50.0,-2.6112874911314177
1760.0,88000.0,87743.0,50.0,-1.8235232741424159
1761.0,88050.0,87793.0,50.0,-1.835571724495407
1762.0,88100.0,87843.0,50.0,-2.585640905736722
1763.0,88150.0,87893.0,50.0,-1.6999969571441826
1764.0,88200.0,87943.0,50.0,-2.212351926003753
1765.0,88250.0,87993.0,50.0,-2.0099263107843064
1766.0,88300.0,88043.0,50.0,-1.9308142958257228
1767.0,88350.0,88093.0,50.0,-2.3943519511451394
1768.0,88400.0,88143.0,50.0,-2.7289248160316357
1769.0,88450.0,88193.0,50.0,-2.8955363398391922
1770.0,88500.0,88243.0,50.0,-2.587536517411904
1771.0,88550.0,88293.0,50.0,-2.249119570127338
1772.0,88600.0,88343.0,50.0,-1.9741601772607549
1773.0,88650.0,88393.0,50.0,-2.977988730342493
1774.0,88700.0,88443.0,50.0,-1.212875313524161
1775.0,88750.0,88493.0,50.0,-1.2496021124721925
1776.0,88800.0,88543.0,50.0,-2.728962115356728
1777.0,88850.0,88593.0,50.0,-2.622106002963585
1778.0,88900.0,88643.0,50.0,-3.2531221874543412
1779.0,88950.0,88693.0,50.0,-3.3245807259731732
1780.0,89000.0,88743.0,50.0,-2.4343262560036893
1781.0,89050.0,88793.0,50.0,-1.6407100322537027
1782.0,89100.0,88843.0,50.0,-1.6109102598539604
1783.0,89150.0,88893.0,50.0,-2.3385436378612177
1784.0,89200.0,88943.0,50.0,-1.3181079100790891
1785.0,89250.0,88993.0,50.0,-2.323999057716777
1786.0,89300.0,89043.0,50.0,-2.07864442662963
1787.0,89350.0,89093.0,50.0,-1.7477722476153246
1788.0,89400.0,89143.0,50.0,-1.9776801529194858
1789.0,89450.0,89193.0,50.0,-2.0829814303763703
1790.0,89500.0,89243.0,50.0,-2.101422566177338
1791.0,89550.0,89293.0,50.0,-2.5229465675823275
1792.0,89600.0,89343.0,50.0,-1.7244890084487587
1793.0,89650.0,89393.0,50.0,-1.9776211343287093
1794.0,89700.0,89443.0,50.0,-1.1869820205213284
1795.0,89750.0,89493.0,50.0,-3.079625498988505
1796.0,89800.0,89543.0,50.0,-2.2711127874495736
1797.0,89850.0,89593.0,50.0,-1.2924798412043543
1798.0,89900.0,89643.0,50.0,-1.8434266382994844
1799.0,89950.0,89693.0,50.0,-3.058633608932704
1800.0,90000.0,89743.0,50.0,-1.9454940699570962
1801.0,90050.0,89793.0,50.0,-2.4196360262706924
1802.0,90100.0,89843.0,50.0,-1.637166720349844
1803.0,90150.0,89893.0,50.0,-2.2743795725869553
1804.0,90200.0,89943.0,50.0,-2.243312857889319
1805.0,90250.0,89993.0,50.0,-3.132699399886591
1806.0,90300.0,90043.0,50.0,-1.6872690590383694
1807.0,90350.0,90093.0,50.0,-1.070475070484825
1808.0,90400.0,90143.0,50.0,-2.299710125252993
1809.0,90450.0,90193.0,50.0,-1.6755003549074012
1810.0,90500.0,90243.0,50.0,-1.5931953896143343
1811.0,90550.0,90293.0,50.0,-1.20672442194705
1812.0,90600.0,90343.0,50.0,-1.4252513648291636
1813.0,90650.0,90393.0,50.0,-1.598516315885646
1814.0,90700.0,90443.0,50.0,-2.700249967871892
1815.0,90750.0,90493.0,50.0,-1.7017505075848436
1816.0,90800.0,90543.0,50.0,-1.2247516965042127
1817.0,90850.0,90593.0,50.0,-2.2676153664516314
1818.0,90900.0,90643.0,50.0,-1.2715219653944092
1819.0,90950.0,90693.0,50.0,-1.7468145119096647
1820.0,91000.0,90743.0,50.0,-2.2754622712683887
1821.0,91050.0,90793.0,50.0,-2.340440412466594
1822.0,91100.0,90843.0,50.0,-1.3146253848892266
1823.0,91150.0,90893.0,50.0,-1.9158306536964964
1824.0,91200.0,90943.0,50.0,-2.1223104043635272
1825.0,91250.0,90993.0,50.0,-3.1745279191209743
1826.0,91300.0,91043.0,50.0,-1.5375105637631208
1827.0,91350.0,91093.0,50.0,-1.4369571751145982
1828.0,91400.0,91143.0,50.0,-2.0186335370797583
1829.0,91450.0,91193.0,50.0,-2.561746191854876
1830.0,91500.0,91243.0,50.0,-2.9629258105238234
1831.0,91550.0,91293.0,50.0,-2.637838399666537
1832.0,91600.0,91343.0,50.0,-2.1792999413600844
1833.0,91650.0,91393.0,50.0,-1.9265519934294657
1834.0,91700.0,91443.0,50.0,-3.9536701971876393
1835.0,91750.0,91493.0,50.0,-1.88516876920803
1836.0,91800.0,91543.0,50.0,-2.970877002712076
1837.0,91850.0,91593.0,50.0,-1.6190227486083895
1838.0,91900.0,91643.0,50.0,-3.2596561960551376
1839.0,91950.0,91693.0,50.0,-2.074016227655618
1840.0,92000.0,91743.0,50.0,-2.7399437650971614
1841.0,92050.0,91793.0,50.0,-2.379011632883062
1842.0,92100.0,91843.0,50.0,-1.8839655544980165
1843.0,92150.0,91893.0,50.0,-1.9550268797391936
1844.0,92200.0,91943.0,50.0,-1.6691121701356137
1845.0,92250.0,91993.0,50.0,-2.0794339051501383
1846.0,92300.0,92043.0,50.0,-1.7141395191304158
1847.0,92350.0,92093.0,50.0,-2.282258693428234
1848.0,92400.0,92143.0,50.0,-2.3490642575545615
1849.0,92450.0,92193.0,50.0,-1.6096503587527577
1850.0,92500.0,92243.0,50.0,-2.59337235785057
1851.0,92550.0,92293.0,50.0,-2.574677560448944
1852.0,92600.0,92343.0,50.0,-2.693988440495788
1853.0,92650.0,92393.0,50.0,-0.932529914982029
1854.0,92700.0,92443.0,50.0,-3.244647871487378
1855.0,92750.0,92493.0,50.0,-1.642659630024131
1856.0,92800.0,92543.0,50.0,-2.1274490079985786
1857.0,92850.0,92593.0,50.0,-2.602698155179304
1858.0,92900.0,92643.0,50.0,-2.359897623795281
1859.0,92950.0,92693.0,50.0,-4.171368892666336
1860.0,93000.0,92743.0,50.0,-2.2388283238663123
1861.0,93050.0,92793.0,50.0,-3.0699221918054906
1862.0,93100.0,92843.0,50.0,-1.583584840080654
1863.0,93150.0,92893.0,50.0,-1.3207775069794632
1864.0,93200.0,92943.0,50.0,-1.755735567887366
1865.0,93250.0,92993.0,50.0,-2.38326659753362
1866.0,93300.0,93043.0,50.0,-2.272809366815812
1867.0,93350.0,93093.0,50.0,-1.6118565688695763
1868.0,93400.0,93143.0,50.0,-4.012227283343712
1869.0,93450.0,93193.0,50.0,-2.042129904610947
1870.0,93500.0,93243.0,50.0,-3.206776281776708
1871.0,93550.0,93293.0,50.0,-1.837634787728806
1872.0,93600.0,93343.0,50.0,-1.2544469789372472
1873.0,93650.0,93393.0,50.0,-2.291767577838556
1874.0,93700.0,93443.0,50.0,-1.3905907115048806
1875.0,93750.0,93493.0,50.0,-1.7221963634471358
1876.0,93800.0,93543.0,50.0,-1.7070470155207678
1877.0,93850.0,93593.0,50.0,-2.07388917381006
1878.0,93900.0,93643.0,50.0,-1.953702112599745
1879.0,93950.0,93693.0,50.0,-1.8657758879266162
1880.0,94000.0,93743.0,50.0,-1.684109343497404
1881.0,94050.0,93793.0,50.0,-2.1196493518490005
1882.0,94100.0,93843.0,50.0,-2.355215542669439
1883.0,94150.0,93893.0,50.0,-1.760236501449515
1884.0,94200.0,93943.0,50.0,-1.3944572503622024
1885.0,94250.0,93993.0,50.0,-2.6842069356863845
1886.0,94300.0,94043.0,50.0,-2.5257370742845833
1887.0,94350.0,94093.0,50.0,-1.6526724820361582
1888.0,94400.0,94143.0,50.0,-2.6912339539266106
1889.0,94450.0,94193.0,50.0,-2.384254413124458
1890.0,94500.0,94243.0,50.0,-2.0259814637026334
1891.0,94550.0,94293.0,50.0,-2.411558390591317
1892.0,94600.0,94343.0,50.0,-1.5035746318540595
1893.0,94650.0,94393.0,50.0,-1.9030135600722313
1894.0,94700.0,94443.0,50.0,-2.256852367328365
1895.0,94750.0,94493.0,50.0,-1.87557265012003
1896.0,94800.0,94543.0,50.0,-1.6008879142469192
1897.0,94850.0,94593.0,50.0,-1.887656231232303
1898.0,94900.0,94643.0,50.0,-2.302168526820561
1899.0,94950.0,94693.0,50.0,-3.3930308255739083
1900.0,95000.0,94743.0,50.0,-2.248686589214837
1901.0,95050.0,94793.0,50.0,-0.9516592095130415
1902.0,95100.0,94843.0,50.0,-1.33588476237252
1903.0,95150.0,94893.0,50.0,-1.8918415771870494
1904.0,95200.0,94943.0,50.0,-1.850193725694441
1905.0,95250.0,94993.0,50.0,-1.4797050782675858
1906.0,95300.0,95043.0,50.0,-1.7013480567867494
1907.0,95350.0,95093.0,50.0,-2.2503792309550574
1908.0,95400.0,95143.0,50.0,-1.5345844585775001
1909.0,95450.0,95193.0,50.0,-3.26854507402833
1910.0,95500.0,95243.0,50.0,-1.6646389743017602
1911.0,95550.0,95293.0,50.0,-2.128697894696321
1912.0,95600.0,95343.0,50.0,-1.372566057167109
1913.0,95650.0,95393.0,50.0,-2.3941532219766213
1914.0,95700.0,95443.0,50.0,-1.5459340580238905
1915.0,95750.0,95493.0,50.0,-2.8991721826886527
1916.0,95800.0,95543.0,50.0,-1.6378462837741867
1917.0,95850.0,95593.0,50.0,-2.730600191799595
1918.0,95900.0,95643.0,50.0,-1.5742088150319271
1919.0,95950.0,95693.0,50.0,-1.9335688976397836
1920.0,96000.0,95743.0,50.0,-1.6818478062955946
1921.0,96050.0,95793.0,50.0,-2.4575129734888828
1922.0,96100.0,95843.0,50.0,-1.8153078918745482
1923.0,96150.0,95893.0,50.0,-1.4799173968725305
1924.0,96200.0,95943.0,50.0,-3.0712671099092796
1925.0,96250.0,95993.0,50.0,-2.042582411146004
1926.0,96300.0,96043.0,50.0,-2.0569602252487815
1927.0,96350.0,96093.0,50.0,-2.3744125980271464
1928.0,96400.0,96143.0,50.0,-2.593413240234634
1929.0,96450.0,96193.0,50.0,-1.7211446698554023
1930.0,96500.0,96243.0,50.0,-1.862433593213969
1931.0,96550.0,96293.0,50.0,-1.752528110317097
1932.0,96600.0,96343.0,50.0,-2.27847046827468
1933.0,96650.0,96393.0,50.0,-2.3087285220154756
1934.0,96700.0,96443.0,50.0,-1.617266228740397
1935.0,96750.0,96493.0,50.0,-2.0519551589799954
1936.0,96800.0,96543.0,50.0,-3.8875684850728858
1937.0,96850.0,96593.0,50.0,-1.2218994839537902
1938.0,96900.0,96643.0,50.0,-1.4086084522127362
1939.0,96950.0,96693.0,50.0,-1.8938552304289913
1940.0,97000.0,96743.0,50.0,-1.9800274378926306
1941.0,97050.0,96793.0,50.0,-2.170024465726597
1942.0,97100.0,96843.0,50.0,-1.7556848991726748
1943.0,97150.0,96893.0,50.0,-2.935761804962344
1944.0,97200.0,96943.0,50.0,-1.383813855460412
1945.0,97250.0,96993.0,50.0,-1.8976982341321122
1946.0,97300.0,97043.0,50.0,-2.2714254758272374
1947.0,97350.0,97093.0,50.0,-2.21197676501989
1948.0,97400.0,97143.0,50.0,-2.310989003484885
1949.0,97450.0,97193.0,50.0,-2.0095181116965843
1950.0,97500.0,97243.0,50.0,-1.5729817062436342
1951.0,97550.0,97293.0,50.0,-2.0354021289790776
1952.0,97600.0,97343.0,50.0,-1.7674824860096279
1953.0,97650.0,97393.0,50.0,-1.5868914678961938
1954.0,97700.0,97443.0,50.0,-1.0628991339413523
1955.0,97750.0,97493.0,50.0,-2.9644109623468866
1956.0,97800.0,97543.0,50.0,-1.5142451226570164
1957.0,97850.0,97593.0,50.0,-1.63278108658571
1958.0,97900.0,97643.0,50.0,-1.6142608452279688
1959.0,97950.0,97693.0,50.0,-1.3037132479975073
1960.0,98000.0,97743.0,50.0,-2.306074381984642
1961.0,98050.0,97793.0,50.0,-2.7468013099619295
1962.0,98100.0,97843.0,50.0,-1.4386284081045664
1963.0,98150.0,97893.0,50.0,-1.9121937445068564
1964.0,98200.0,97943.0,50.0,-1.5760415498964224
1965.0,98250.0,97993.0,50.0,-2.3192454872861017
1966.0,98300.0,98043.0,50.0,-1.6723971540237428
1967.0,98350.0,98093.0,50.0,-1.5130341417571158
1968.0,98400.0,98143.0,50.0,-1.3055429685520252
1969.0,98450.0,98193.0,50.0,-1.892230187084291
1970.0,98500.0,98243.0,50.0,-1.3666661627337127
1971.0,98550.0,98293.0,50.0,-1.7342679967073882
1972.0,98600.0,98343.0,50.0,-3.0042019036127643
1973.0,98650.0,98393.0,50.0,-1.9545548223875946
1974.0,98700.0,98443.0,50.0,-2.4944172061956427
1975.0,98750.0,98493.0,50.0,-1.7483416484368053
1976.0,98800.0,98543.0,50.0,-2.770525203852818
1977.0,98850.0,98593.0,50.0,-2.128458510393132
1978.0,98900.0,98643.0,50.0,-2.692871381883642
1979.0,98950.0,98693.0,50.0,-1.5925250098818207
1980.0,99000.0,98743.0,50.0,-2.050518134178184
1981.0,99050.0,98793.0,50.0,-2.2924986103318514
1982.0,99100.0,98843.0,50.0,-2.1167423450773586
1983.0,99150.0,98893.0,50.0,-2.1257433626384463
1984.0,99200.0,98943.0,50.0,-1.730690885607981
1985.0,99250.0,98993.0,50.0,-1.889156251683943
1986.0,99300.0,99043.0,50.0,-1.9243478778682968
1987.0,99350.0,99093.0,50.0,-2.59477771549489
1988.0,99400.0,99143.0,50.0,-2.829380185252332
1989.0,99450.0,99193.0,50.0,-1.524836102410838
1990.0,99500.0,99243.0,50.0,-2.003294640366983
1991.0,99550.0,99293.0,50.0,-2.3661758176396765
1992.0,99600.0,99343.0,50.0,-2.522313471574281
1993.0,99650.0,99393.0,50.0,-1.5234932379952548
1994.0,99700.0,99443.0,50.0,-1.4920687118825389
1995.0,99750.0,99493.0,50.0,-1.8939447645281526
1996.0,99800.0,99543.0,50.0,-1.5580483599876076
1997.0,99850.0,99593.0,50.0,-1.2514823492760137
1998.0,99900.0,99643.0,50.0,-1.5864534483577335
1999.0,99950.0,99693.0,50.0,-1.8874538482463539
2000.0,100000.0,99743.0,50.0,-1.612156938587323
2001.0,100050.0,99793.0,50.0,-2.176355948472252
2002.0,100100.0,99843.0,50.0,-1.8202424056458344
2003.0,100150.0,99893.0,50.0,-1.4593607456272997
2004.0,100200.0,99943.0,50.0,-1.9072013135662023
2005.0,100250.0,99993.0,50.0,-2.8369938678201936
2006.0,100300.0,100043.0,50.0,-3.257078389973028
2007.0,100350.0,100093.0,50.0,-2.052059332320412
2008.0,100400.0,100143.0,50.0,-2.447383683011095
2009.0,100450.0,100193.0,50.0,-2.7146835158124505
2010.0,100500.0,100243.0,50.0,-1.5154064660629263
2011.0,100550.0,100293.0,50.0,-2.1109870039928107
2012.0,100600.0,100343.0,50.0,-1.3012298820360015
2013.0,100650.0,100393.0,50.0,-1.105518632791049
2014.0,100700.0,100443.0,50.0,-1.5506432717069207
2015.0,100750.0,100493.0,50.0,-2.166149847017961
2016.0,100800.0,100543.0,50.0,-1.5485481277975326
2017.0,100850.0,100593.0,50.0,-2.0570751827279206
2018.0,100900.0,100643.0,50.0,-2.8417106996119323
2019.0,100950.0,100693.0,50.0,-1.4574051095937397
2020.0,101000.0,100743.0,50.0,-1.8581358591282424
2021.0,101050.0,100793.0,50.0,-3.2996948873555993
2022.0,101100.0,100843.0,50.0,-3.312421693703689
2023.0,101150.0,100893.0,50.0,-2.817435938160545
2024.0,101200.0,100943.0,50.0,-1.9052739879570462
2025.0,101250.0,100993.0,50.0,-1.5406088873918913
2026.0,101300.0,101043.0,50.0,-2.7335118697357546
2027.0,101350.0,101093.0,50.0,-1.7343592643726529
2028.0,101400.0,101143.0,50.0,-1.7321126850524617
2029.0,101450.0,101193.0,50.0,-2.470587829700917
2030.0,101500.0,101243.0,50.0,-2.1071203077267646
2031.0,101550.0,101293.0,50.0,-2.5116680032903873
2032.0,101600.0,101343.0,50.0,-1.5971136520108618
2033.0,101650.0,101393.0,50.0,-1.413046158089938
2034.0,101700.0,101443.0,50.0,-1.7643855994973425
2035.0,101750.0,101493.0,50.0,-1.6246561771638302
2036.0,101800.0,101543.0,50.0,-1.8137096919413431
2037.0,101850.0,101593.0,50.0,-2.091640223356661
2038.0,101900.0,101643.0,50.0,-2.3915715061391256
2039.0,101950.0,101693.0,50.0,-1.7454974350745118
2040.0,102000.0,101743.0,50.0,-2.38408725451301
2041.0,102050.0,101793.0,50.0,-0.9941686798586682
2042.0,102100.0,101843.0,50.0,-1.4613762839043594
2043.0,102150.0,101893.0,50.0,-2.1108323151609194
2044.0,102200.0,101943.0,50.0,-1.9538674652331707
2045.0,102250.0,101993.0,50.0,-3.633081720909075
2046.0,102300.0,102043.0,50.0,-1.2859917733039865
2047.0,102350.0,102093.0,50.0,-1.9604094828996803
2048.0,102400.0,102143.0,50.0,-1.5182793286150174
2049.0,102450.0,102193.0,50.0,-2.033475853644064
2050.0,102500.0,102243.0,50.0,-2.518913138268991
2051.0,102550.0,102293.0,50.0,-1.7098616343540747
2052.0,102600.0,102343.0,50.0,-2.0655441771514735
2053.0,102650.0,102393.0,50.0,-1.5125648151756546
2054.0,102700.0,102443.0,50.0,-1.4603507033978869
2055.0,102750.0,102493.0,50.0,-2.1329280921724174
2056.0,102800.0,102543.0,50.0,-3.1037782055303547
2057.0,102850.0,102593.0,50.0,-2.2072663012100437
2058.0,102900.0,102643.0,50.0,-2.1028988648784983
2059.0,102950.0,102693.0,50.0,-1.657817055022698
2060.0,103000.0,102743.0,50.0,-1.6452759375742532
2061.0,103050.0,102793.0,50.0,-2.795679615704273
2062.0,103100.0,102843.0,50.0,-3.1742523376315375
2063.0,103150.0,102893.0,50.0,-2.1246558927059267
2064.0,103200.0,102943.0,50.0,-2.2108890802460786
2065.0,103250.0,102993.0,50.0,-2.55973127256453
2066.0,103300.0,103043.0,50.0,-1.612503244306523
2067.0,103350.0,103093.0,50.0,-3.3227378287183766
2068.0,103400.0,103143.0,50.0,-2.0562691959914887
2069.0,103450.0,103193.0,50.0,-2.001985804961014
2070.0,103500.0,103243.0,50.0,-0.9874966925778095
2071.0,103550.0,103293.0,50.0,-2.328639562624352
2072.0,103600.0,103343.0,50.0,-1.8900834672982632
2073.0,103650.0,103393.0,50.0,-2.3170714311896226
2074.0,103700.0,103443.0,50.0,-2.0026949604425446
2075.0,103750.0,103493.0,50.0,-1.2722490987613082
2076.0,103800.0,103543.0,50.0,-2.5014791711515922
2077.0,103850.0,103593.0,50.0,-2.360965895630132
2078.0,103900.0,103643.0,50.0,-2.2148687658550927
2079.0,103950.0,103693.0,50.0,-1.5081231374580355
2080.0,104000.0,103743.0,50.0,-2.1215840150279375
2081.0,104050.0,103793.0,50.0,-1.9526690371176507
2082.0,104100.0,103843.0,50.0,-1.310373039120445
2083.0,104150.0,103893.0,50.0,-1.3000945507118487
2084.0,104200.0,103943.0,50.0,-1.2795801266446667
2085.0,104250.0,103993.0,50.0,-1.551849465726607
2086.0,104300.0,104043.0,50.0,-2.572334971245036
2087.0,104350.0,104093.0,50.0,-2.237141836199041
2088.0,104400.0,104143.0,50.0,-2.323922816078096
2089.0,104450.0,104193.0,50.0,-1.5692662197881704
2090.0,104500.0,104243.0,50.0,-1.67822986440568
2091.0,104550.0,104293.0,50.0,-2.5186932199687138
2092.0,104600.0,104343.0,50.0,-1.745859729211087
2093.0,104650.0,104393.0,50.0,-1.6977400215320866
2094.0,104700.0,104443.0,50.0,-1.7505690555780247
2095.0,104750.0,104493.0,50.0,-2.378764308355493
2096.0,104800.0,104543.0,50.0,-1.6722513137378796
2097.0,104850.0,104593.0,50.0,-1.4626538035820305
2098.0,104900.0,104643.0,50.0,-1.364794285414765
2099.0,104950.0,104693.0,50.0,-2.2855702475060955
2100.0,105000.0,104743.0,50.0,-1.464183325414056
2101.0,105050.0,104793.0,50.0,-2.5901698343585515
2102.0,105100.0,104843.0,50.0,-1.1671321078075232
2103.0,105150.0,104893.0,50.0,-1.723175989161851
2104.0,105200.0,104943.0,50.0,-2.6260696512846176
2105.0,105250.0,104993.0,50.0,-2.343613056079346
2106.0,105300.0,105043.0,50.0,-1.3799255193324405
2107.0,105350.0,105093.0,50.0,-2.4121546214583405
2108.0,105400.0,105143.0,50.0,-3.2738476424329312
2109.0,105450.0,105193.0,50.0,-2.510758999078661
2110.0,105500.0,105243.0,50.0,-1.9691058927149028
2111.0,105550.0,105293.0,50.0,-1.5058794994739366
2112.0,105600.0,105343.0,50.0,-2.0775802920365183
2113.0,105650.0,105393.0,50.0,-1.7792973249048725
2114.0,105700.0,105443.0,50.0,-1.5910763106347783
2115.0,105750.0,105493.0,50.0,-2.2439761095216473
2116.0,105800.0,105543.0,50.0,-1.8439701808773334
2117.0,105850.0,105593.0,50.0,-1.5003100396066233
2118.0,105900.0,105643.0,50.0,-1.3772939850699568
2119.0,105950.0,105693.0,50.0,-2.409382921561567
2120.0,106000.0,105743.0,50.0,-2.070368309863609
2121.0,106050.0,105793.0,50.0,-2.1952669660964004
2122.0,106100.0,105843.0,50.0,-1.8273877926051891
2123.0,106150.0,105893.0,50.0,-1.266193284033775
2124.0,106200.0,105943.0,50.0,-1.4297830025289877
2125.0,106250.0,105993.0,50.0,-2.2030483142290627
2126.0,106300.0,106043.0,50.0,-1.4796299090357528
2127.0,106350.0,106093.0,50.0,-2.3718162785121133
2128.0,106400.0,106143.0,50.0,-2.122397292934993
2129.0,106450.0,106193.0,50.0,-2.4898285820467967
2130.0,106500.0,106243.0,50.0,-1.9456238810906794
2131.0,106550.0,106293.0,50.0,-1.8058313202772165
2132.0,106600.0,106343.0,50.0,-2.4367347155473786
2133.0,106650.0,106393.0,50.0,-1.1356134043486377
2134.0,106700.0,106443.0,50.0,-2.0286593770300017
2135.0,106750.0,106493.0,50.0,-1.5577008694124712
2136.0,106800.0,106543.0,50.0,-2.20596427168707
2137.0,106850.0,106593.0,50.0,-1.0590544398943342
2138.0,106900.0,106643.0,50.0,-1.7888682922673693
2139.0,106950.0,106693.0,50.0,-1.543317674355687
2140.0,107000.0,106743.0,50.0,-1.8692429532974217
2141.0,107050.0,106793.0,50.0,-2.327955234685135
2142.0,107100.0,106843.0,50.0,-2.010331552767257
2143.0,107150.0,106893.0,50.0,-1.8275210978547598
2144.0,107200.0,106943.0,50.0,-2.3305755818661247
2145.0,107250.0,106993.0,50.0,-0.7594000246817012
2146.0,107300.0,107043.0,50.0,-1.6640600409220723
2147.0,107350.0,107093.0,50.0,-2.3780056518132326
2148.0,107400.0,107143.0,50.0,-2.417490297566106
2149.0,107450.0,107193.0,50.0,-1.620322965821378
2150.0,107500.0,107243.0,50.0,-1.2043224919292252
2151.0,107550.0,107293.0,50.0,-1.2620972718634214
2152.0,107600.0,107343.0,50.0,-0.9313989423140103
2153.0,107650.0,107393.0,50.0,-2.107627708547918
2154.0,107700.0,107443.0,50.0,-2.957666475721656
2155.0,107750.0,107493.0,50.0,-1.48011887338106
2156.0,107800.0,107543.0,50.0,-2.6626209491887693
2157.0,107850.0,107593.0,50.0,-1.790125625894223
2158.0,107900.0,107643.0,50.0,-2.562982763944488
2159.0,107950.0,107693.0,50.0,-2.137170926879577
2160.0,108000.0,107743.0,50.0,-2.5412796351190923
2161.0,108050.0,107793.0,50.0,-1.110874865895581
2162.0,108100.0,107843.0,50.0,-1.6454679549258484
2163.0,108150.0,107893.0,50.0,-1.8026463112750744
2164.0,108200.0,107943.0,50.0,-2.2099652244920027
2165.0,108250.0,107993.0,50.0,-1.324846010306905
2166.0,108300.0,108043.0,50.0,-2.1845150791194894
2167.0,108350.0,108093.0,50.0,-3.609838862338268
2168.0,108400.0,108143.0,50.0,-1.4985900968646135
2169.0,108450.0,108193.0,50.0,-2.543123374052288
2170.0,108500.0,108243.0,50.0,-2.305772565398478
2171.0,108550.0,108293.0,50.0,-1.8895545521709343
2172.0,108600.0,108343.0,50.0,-1.4964434093515226
2173.0,108650.0,108393.0,50.0,-1.2628190555880823
2174.0,108700.0,108443.0,50.0,-1.8528286735273383
2175.0,108750.0,108493.0,50.0,-2.0541153519977042
2176.0,108800.0,108543.0,50.0,-2.808723889547096
2177.0,108850.0,108593.0,50.0,-1.7847576270249494
2178.0,108900.0,108643.0,50.0,-1.5141809087182279
2179.0,108950.0,108693.0,50.0,-2.776506699677608
2180.0,109000.0,108743.0,50.0,-1.5331074530486102
2181.0,109050.0,108793.0,50.0,-2.2116208009014455
2182.0,109100.0,108843.0,50.0,-3.0261446017247424
2183.0,109150.0,108893.0,50.0,-1.8315200562170897
2184.0,109200.0,108943.0,50.0,-2.475186827479806
2185.0,109250.0,108993.0,50.0,-1.5475741642474714
2186.0,109300.0,109043.0,50.0,-1.4544569658231787
2187.0,109350.0,109093.0,50.0,-3.087825279428432
2188.0,109400.0,109143.0,50.0,-0.9073464637400689
2189.0,109450.0,109193.0,50.0,-1.7571347547711769
2190.0,109500.0,109243.0,50.0,-1.8509216123949144
2191.0,109550.0,109293.0,50.0,-1.8413453155172623
2192.0,109600.0,109343.0,50.0,-1.4139749027428885
2193.0,109650.0,109393.0,50.0,-2.2306749232698184
2194.0,109700.0,109443.0,50.0,-1.194423384305054
2195.0,109750.0,109493.0,50.0,-1.7285651590807989
2196.0,109800.0,109543.0,50.0,-2.3504411829525984
2197.0,109850.0,109593.0,50.0,-1.7168272966598412
2198.0,109900.0,109643.0,50.0,-1.594502521663166
2199.0,109950.0,109693.0,50.0,-1.8979594066584184
2200.0,110000.0,109743.0,50.0,-2.5721664059804286
2201.0,110050.0,109793.0,50.0,-1.0535235960419693
2202.0,110100.0,109843.0,50.0,-1.5395949846645558
2203.0,110150.0,109893.0,50.0,-1.7765813478030303
2204.0,110200.0,109943.0,50.0,-1.0934919999476937
2205.0,110250.0,109993.0,50.0,-1.6868823177856898
2206.0,110300.0,110043.0,50.0,-3.222121703688691
2207.0,110350.0,110093.0,50.0,-1.862906136699032
2208.0,110400.0,110143.0,50.0,-2.426426256391891
2209.0,110450.0,110193.0,50.0,-2.998148243029098
2210.0,110500.0,110243.0,50.0,-1.4467223553127702
2211.0,110550.0,110293.0,50.0,-1.7716004547270345
2212.0,110600.0,110343.0,50.0,-2.9510544605495705
2213.0,110650.0,110393.0,50.0,-2.8000871630016104
2214.0,110700.0,110443.0,50.0,-1.2621365179881603
2215.0,110750.0,110493.0,50.0,-2.381688290697202
2216.0,110800.0,110543.0,50.0,-2.5308456428551014
2217.0,110850.0,110593.0,50.0,-1.4009215484851698
2218.0,110900.0,110643.0,50.0,-1.669077094034732
2219.0,110950.0,110693.0,50.0,-1.7353462628833274
2220.0,111000.0,110743.0,50.0,-2.180953689106427
2221.0,111050.0,110793.0,50.0,-2.512351731135306
2222.0,111100.0,110843.0,50.0,-2.023101580202293
2223.0,111150.0,110893.0,50.0,-1.4943364867817317
2224.0,111200.0,110943.0,50.0,-2.8921945668263347
2225.0,111250.0,110993.0,50.0,-2.7062052411687807
2226.0,111300.0,111043.0,50.0,-2.0864068464987673
2227.0,111350.0,111093.0,50.0,-1.5002673897374765
2228.0,111400.0,111143.0,50.0,-2.026462054614302
2229.0,111450.0,111193.0,50.0,-2.3185167980638215
2230.0,111500.0,111243.0,50.0,-1.2904207426479686
2231.0,111550.0,111293.0,50.0,-2.121816495545468
2232.0,111600.0,111343.0,50.0,-1.0582046807483823
2233.0,111650.0,111393.0,50.0,-2.33457369637696
2234.0,111700.0,111443.0,50.0,-1.5562601441856387
2235.0,111750.0,111493.0,50.0,-1.6753751429784005
2236.0,111800.0,111543.0,50.0,-2.825284781316863
2237.0,111850.0,111593.0,50.0,-1.4913491085052557
2238.0,111900.0,111643.0,50.0,-2.4966649552481615
2239.0,111950.0,111693.0,50.0,-1.3656048770917875
2240.0,112000.0,111743.0,50.0,-2.6039001150498735
2241.0,112050.0,111793.0,50.0,-2.92757989806199
2242.0,112100.0,111843.0,50.0,-1.7559968829688763
2243.0,112150.0,111893.0,50.0,-3.04788410420161
2244.0,112200.0,111943.0,50.0,-1.1737300071731298
2245.0,112250.0,111993.0,50.0,-1.5637795220559099
2246.0,112300.0,112043.0,50.0,-2.3785386614499404
2247.0,112350.0,112093.0,50.0,-1.922047972152448
2248.0,112400.0,112143.0,50.0,-1.6005522532163419
2249.0,112450.0,112193.0,50.0,-2.3994327679048943
2250.0,112500.0,112243.0,50.0,-2.4730071454348264
2251.0,112550.0,112293.0,50.0,-1.9359492641851237
2252.0,112600.0,112343.0,50.0,-1.349199339383131
2253.0,112650.0,112393.0,50.0,-2.4831076354088304
2254.0,112700.0,112443.0,50.0,-1.6284701338162615
2255.0,112750.0,112493.0,50.0,-1.0673080147979659
2256.0,112800.0,112543.0,50.0,-2.6783703095841034
2257.0,112850.0,112593.0,50.0,-1.9113745955768833
2258.0,112900.0,112643.0,50.0,-1.108139463552116
2259.0,112950.0,112693.0,50.0,-1.8795194109099
2260.0,113000.0,112743.0,50.0,-1.1359177027656466
2261.0,113050.0,112793.0,50.0,-0.881666278386705
2262.0,113100.0,112843.0,50.0,-2.0039045229785604
2263.0,113150.0,112893.0,50.0,-2.4513429279833727
2264.0,113200.0,112943.0,50.0,-3.805970248288314
2265.0,113250.0,112993.0,50.0,-2.2451750540965447
2266.0,113300.0,113043.0,50.0,-1.8459808891722274
2267.0,113350.0,113093.0,50.0,-1.938393315462582
2268.0,113400.0,113143.0,50.0,-3.327526710518781
2269.0,113450.0,113193.0,50.0,-3.925200520210291
2270.0,113500.0,113243.0,50.0,-2.4431429654129855
2271.0,113550.0,113293.0,50.0,-1.9140361480852932
2272.0,113600.0,113343.0,50.0,-1.3913538211583543
2273.0,113650.0,113393.0,50.0,-1.357993607175401
2274.0,113700.0,113443.0,50.0,-2.8319014468413815
2275.0,113750.0,113493.0,50.0,-1.9088072559278932
2276.0,113800.0,113543.0,50.0,-1.8428597195181553
2277.0,113850.0,113593.0,50.0,-2.990024638605929
2278.0,113900.0,113643.0,50.0,-1.8747561951538978
2279.0,113950.0,113693.0,50.0,-2.055267106001878
2280.0,114000.0,113743.0,50.0,-2.633026264845407
2281.0,114050.0,113793.0,50.0,-3.136609608338612
2282.0,114100.0,113843.0,50.0,-2.9289419009221342
2283.0,114150.0,113893.0,50.0,-1.8857109394448661
2284.0,114200.0,113943.0,50.0,-1.7702519948894984
2285.0,114250.0,113993.0,50.0,-2.0425984223359555
2286.0,114300.0,114043.0,50.0,-3.1588885043395645
2287.0,114350.0,114093.0,50.0,-1.224768335955601
2288.0,114400.0,114143.0,50.0,-2.2885134836299033
2289.0,114450.0,114193.0,50.0,-1.9573717551948675
2290.0,114500.0,114243.0,50.0,-2.211065598368422
2291.0,114550.0,114293.0,50.0,-2.1041344438622014
2292.0,114600.0,114343.0,50.0,-2.2071442603176528
2293.0,114650.0,114393.0,50.0,-1.2039908465195004
2294.0,114700.0,114443.0,50.0,-1.8950237414173952
2295.0,114750.0,114493.0,50.0,-2.0482106012253074
2296.0,114800.0,114543.0,50.0,-1.8889367276853828
2297.0,114850.0,114593.0,50.0,-1.2878483676545405
2298.0,114900.0,114643.0,50.0,-2.495657658894326
2299.0,114950.0,114693.0,50.0,-1.965921363714619
2300.0,115000.0,114743.0,50.0,-2.6501101094832844
2301.0,115050.0,114793.0,50.0,-1.8254598754687057
2302.0,115100.0,114843.0,50.0,-1.6714213851582125
2303.0,115150.0,114893.0,50.0,-2.162650167347636
2304.0,115200.0,114943.0,50.0,-1.8284562222477025
2305.0,115250.0,114993.0,50.0,-1.445749313295944
2306.0,115300.0,115043.0,50.0,-3.2727723275848635
2307.0,115350.0,115093.0,50.0,-2.027461568707161
2308.0,115400.0,115143.0,50.0,-2.4423229081841025
2309.0,115450.0,115193.0,50.0,-1.2234938024391457
2310.0,115500.0,115243.0,50.0,-2.6382613197761735
2311.0,115550.0,115293.0,50.0,-2.879674585058969
2312.0,115600.0,115343.0,50.0,-2.9147389581152865
2313.0,115650.0,115393.0,50.0,-1.6427300833927896
2314.0,115700.0,115443.0,50.0,-2.637363239434091
2315.0,115750.0,115493.0,50.0,-1.2704833114139316
2316.0,115800.0,115543.0,50.0,-2.1396388836902567
2317.0,115850.0,115593.0,50.0,-1.9657943613541347
2318.0,115900.0,115643.0,50.0,-3.1147940521710313
2319.0,115950.0,115693.0,50.0,-1.8080826030111785
2320.0,116000.0,115743.0,50.0,-2.5317141177180047
2321.0,116050.0,115793.0,50.0,-1.4736671815318831
2322.0,116100.0,115843.0,50.0,-2.5445535974229134
2323.0,116150.0,115893.0,50.0,-1.4630923995371699
2324.0,116200.0,115943.0,50.0,-2.0201691775982593
2325.0,116250.0,115993.0,50.0,-1.1086480851646963
2326.0,116300.0,116043.0,50.0,-2.1327551486454532
2327.0,116350.0,116093.0,50.0,-2.7666603125889475
2328.0,116400.0,116143.0,50.0,-2.5229576556592868
2329.0,116450.0,116193.0,50.0,-2.6000118956221563
2330.0,116500.0,116243.0,50.0,-2.0490313298488525
2331.0,116550.0,116293.0,50.0,-2.9498087758242084
2332.0,116600.0,116343.0,50.0,-2.943931909357963
2333.0,116650.0,116393.0,50.0,-1.249794012979399
2334.0,116700.0,116443.0,50.0,-1.303334002511532
2335.0,116750.0,116493.0,50.0,-2.29993636637688
2336.0,116800.0,116543.0,50.0,-1.7469386607909023
2337.0,116850.0,116593.0,50.0,-1.7787784805803075
2338.0,116900.0,116643.0,50.0,-1.5822407773513139
2339.0,116950.0,116693.0,50.0,-1.4817218914101105
2340.0,117000.0,116743.0,50.0,-2.5492574307602394
2341.0,117050.0,116793.0,50.0,-2.763501527568178
2342.0,117100.0,116843.0,50.0,-1.342357982846992
2343.0,117150.0,116893.0,50.0,-4.359335101021511
2344.0,117200.0,116943.0,50.0,-1.8607559728354768
2345.0,117250.0,116993.0,50.0,-3.0143888365112814
2346.0,117300.0,117043.0,50.0,-2.277699256904269
2347.0,117350.0,117093.0,50.0,-2.301694914423716
2348.0,117400.0,117143.0,50.0,-1.621053486399577
2349.0,117450.0,117193.0,50.0,-2.4228693911742876
2350.0,117500.0,117243.0,50.0,-1.5700484677556505
2351.0,117550.0,117293.0,50.0,-4.480990431662989
2352.0,117600.0,117343.0,50.0,-2.1091642194813907
2353.0,117650.0,117393.0,50.0,-1.8817757078647037
2354.0,117700.0,117443.0,50.0,-1.633459387504607
2355.0,117750.0,117493.0,50.0,-3.4373714967748037
2356.0,117800.0,117543.0,50.0,-2.4593906108508743
2357.0,117850.0,117593.0,50.0,-3.064571501483525
2358.0,117900.0,117643.0,50.0,-2.6613507763688977
2359.0,117950.0,117693.0,50.0,-1.0986758776255081
2360.0,118000.0,117743.0,50.0,-1.4662895731564465
2361.0,118050.0,117793.0,50.0,-2.5602192815543034
2362.0,118100.0,117843.0,50.0,-2.306350931809525
2363.0,118150.0,117893.0,50.0,-1.8342688002122987
2364.0,118200.0,117943.0,50.0,-1.0529266614055757
2365.0,118250.0,117993.0,50.0,-2.4650537392459584
2366.0,118300.0,118043.0,50.0,-2.3704367308551304
2367.0,118350.0,118093.0,50.0,-2.2688104064336465
2368.0,118400.0,118143.0,50.0,-1.9769564660196912
2369.0,118450.0,118193.0,50.0,-0.999218733742403
2370.0,118500.0,118243.0,50.0,-2.1671412883291143
2371.0,118550.0,118293.0,50.0,-2.016221925899968
2372.0,118600.0,118343.0,50.0,-2.142775615556523
2373.0,118650.0,118393.0,50.0,-1.951730617541339
2374.0,118700.0,118443.0,50.0,-2.261084101637827
2375.0,118750.0,118493.0,50.0,-2.874872660052283
2376.0,118800.0,118543.0,50.0,-2.6216000422668015
2377.0,118850.0,118593.0,50.0,-2.3504674350872103
2378.0,118900.0,118643.0,50.0,-1.427869578494632
2379.0,118950.0,118693.0,50.0,-2.6863068929179152
2380.0,119000.0,118743.0,50.0,-1.3618672245813503
2381.0,119050.0,118793.0,50.0,-1.369844316948556
2382.0,119100.0,118843.0,50.0,-2.042779621325747
2383.0,119150.0,118893.0,50.0,-1.1652528548820755
2384.0,119200.0,118943.0,50.0,-3.294562062549226
2385.0,119250.0,118993.0,50.0,-1.6028354863834846
2386.0,119300.0,119043.0,50.0,-1.9581653090876852
2387.0,119350.0,119093.0,50.0,-1.501287832287377
2388.0,119400.0,119143.0,50.0,-1.5855916572897206
2389.0,119450.0,119193.0,50.0,-3.1434625945982773
2390.0,119500.0,119243.0,50.0,-1.395268740364111
2391.0,119550.0,119293.0,50.0,-1.5621832296327918
2392.0,119600.0,119343.0,50.0,-1.4688508352521756
2393.0,119650.0,119393.0,50.0,-1.4839562854333055
2394.0,119700.0,119443.0,50.0,-3.51366933382443
2395.0,119750.0,119493.0,50.0,-3.7301765016611577
2396.0,119800.0,119543.0,50.0,-2.711026769239283
2397.0,119850.0,119593.0,50.0,-1.8164736255271539
2398.0,119900.0,119643.0,50.0,-1.7426762557594253
2399.0,119950.0,119693.0,50.0,-3.0408482794895497
2400.0,120000.0,119743.0,50.0,-1.158967808393336
2401.0,120050.0,119793.0,50.0,-0.8740107426673729
2402.0,120100.0,119843.0,50.0,-1.8961682747846447
2403.0,120150.0,119893.0,50.0,-1.137286288684209
2404.0,120200.0,119943.0,50.0,-2.0775906425054758
2405.0,120250.0,119993.0,50.0,-1.7585936890762688
2406.0,120300.0,120043.0,50.0,-2.2155065958789097
2407.0,120350.0,120093.0,50.0,-2.0532813742661142
2408.0,120400.0,120143.0,50.0,-2.213003929568784
2409.0,120450.0,120193.0,50.0,-3.5520913571008506
2410.0,120500.0,120243.0,50.0,-3.0380555467268575
2411.0,120550.0,120293.0,50.0,-2.0529203834006458
2412.0,120600.0,120343.0,50.0,-1.3506034248992056
2413.0,120650.0,120393.0,50.0,-2.242868389770336
2414.0,120700.0,120443.0,50.0,-1.322904329680792
2415.0,120750.0,120493.0,50.0,-1.632269166769178
2416.0,120800.0,120543.0,50.0,-1.5235969790988835
2417.0,120850.0,120593.0,50.0,-3.3302438020776908
2418.0,120900.0,120643.0,50.0,-2.5033120379027345
2419.0,120950.0,120693.0,50.0,-2.819402539000176
2420.0,121000.0,120743.0,50.0,-2.410074853578655
2421.0,121050.0,120793.0,50.0,-4.557180013233876
2422.0,121100.0,120843.0,50.0,-2.1423132201010655
2423.0,121150.0,120893.0,50.0,-1.5518717944353915
2424.0,121200.0,120943.0,50.0,-3.2474749981833737
2425.0,121250.0,120993.0,50.0,-1.2825626903876406
2426.0,121300.0,121043.0,50.0,-1.312226313538415
2427.0,121350.0,121093.0,50.0,-3.357679883822331
2428.0,121400.0,121143.0,50.0,-1.9196475622778768
2429.0,121450.0,121193.0,50.0,-2.1500920661850813
2430.0,121500.0,121243.0,50.0,-2.1122613432323356
2431.0,121550.0,121293.0,50.0,-2.4153831108792527
2432.0,121600.0,121343.0,50.0,-1.7313457509036112
2433.0,121650.0,121393.0,50.0,-2.5213099812185433
2434.0,121700.0,121443.0,50.0,-2.5865213481617775
2435.0,121750.0,121493.0,50.0,-2.389554281428605
2436.0,121800.0,121543.0,50.0,-1.1637921790009906
2437.0,121850.0,121593.0,50.0,-2.2772518665321595
2438.0,121900.0,121643.0,50.0,-1.1393967179649163
2439.0,121950.0,121693.0,50.0,-1.931472499893271
2440.0,122000.0,121743.0,50.0,-2.2606470131532332
2441.0,122050.0,121793.0,50.0,-1.6518090050542444
2442.0,122100.0,121843.0,50.0,-1.2610866659669324
2443.0,122150.0,121893.0,50.0,-1.845727543610888
2444.0,122200.0,121943.0,50.0,-1.4344920400213494
2445.0,122250.0,121993.0,50.0,-1.5972737303301452
2446.0,122300.0,122043.0,50.0,-1.5651244606947672
2447.0,122350.0,122093.0,50.0,-1.7294577165175538
2448.0,122400.0,122143.0,50.0,-2.778708652317677
2449.0,122450.0,122193.0,50.0,-1.309370727651567
2450.0,122500.0,122243.0,50.0,-2.6084937564960793
2451.0,122550.0,122293.0,50.0,-1.4724285309321241
2452.0,122600.0,122343.0,50.0,-1.8703852095041764
2453.0,122650.0,122393.0,50.0,-2.3531832443057787
2454.0,122700.0,122443.0,50.0,-2.765448281062813
2455.0,122750.0,122493.0,50.0,-2.1022137896507616
2456.0,122800.0,122543.0,50.0,-2.160438007500562
2457.0,122850.0,122593.0,50.0,-2.1058789849473336
2458.0,122900.0,122643.0,50.0,-1.4790012269088784
2459.0,122950.0,122693.0,50.0,-2.0315596496294686
2460.0,123000.0,122743.0,50.0,-2.940577156513593
2461.0,123050.0,122793.0,50.0,-2.389561901473196
2462.0,123100.0,122843.0,50.0,-1.4200429237089995
2463.0,123150.0,122893.0,50.0,-2.0032064032893464
2464.0,123200.0,122943.0,50.0,-1.758927046127914
2465.0,123250.0,122993.0,50.0,-1.8098454174776506
2466.0,123300.0,123043.0,50.0,-2.939976463318157
2467.0,123350.0,123093.0,50.0,-1.2620131323759125
2468.0,123400.0,123143.0,50.0,-2.733856330640152
2469.0,123450.0,123193.0,50.0,-1.7734451795833794
2470.0,123500.0,123243.0,50.0,-1.9948352601877388
2471.0,123550.0,123293.0,50.0,-1.987448004154504
2472.0,123600.0,123343.0,50.0,-1.715789042397202
2473.0,123650.0,123393.0,50.0,-1.5136192817004397
2474.0,123700.0,123443.0,50.0,-2.0413589240658023
2475.0,123750.0,123493.0,50.0,-2.4528137909958247
2476.0,123800.0,123543.0,50.0,-2.6305354781667036
2477.0,123850.0,123593.0,50.0,-2.364408818667718
2478.0,123900.0,123643.0,50.0,-2.0936078282382637
2479.0,123950.0,123693.0,50.0,-2.464637649010313
2480.0,124000.0,123743.0,50.0,-1.6506259804651346
2481.0,124050.0,123793.0,50.0,-2.0355895632141237
2482.0,124100.0,123843.0,50.0,-1.3542153333478903
2483.0,124150.0,123893.0,50.0,-1.6001973823760451
2484.0,124200.0,123943.0,50.0,-2.296287960632261
2485.0,124250.0,123993.0,50.0,-1.4121647267728394
2486.0,124300.0,124043.0,50.0,-1.7625139137426424
2487.0,124350.0,124093.0,50.0,-2.1555235961702173
2488.0,124400.0,124143.0,50.0,-2.120289310781962
2489.0,124450.0,124193.0,50.0,-1.4798410423256858
2490.0,124500.0,124243.0,50.0,-1.819112710605512
2491.0,124550.0,124293.0,50.0,-1.3515923750241727
2492.0,124600.0,124343.0,50.0,-3.1513326342628116
2493.0,124650.0,124393.0,50.0,-3.0829144394074426
2494.0,124700.0,124443.0,50.0,-2.226448056669955
2495.0,124750.0,124493.0,50.0,-2.152030030109683
2496.0,124800.0,124543.0,50.0,-1.544136730962264
2497.0,124850.0,124593.0,50.0,-1.62503890753777
2498.0,124900.0,124643.0,50.0,-2.387660948490494
2499.0,124950.0,124693.0,50.0,-2.6155325355992582
2500.0,125000.0,124743.0,50.0,-1.5806560462518606
2501.0,125050.0,124793.0,50.0,-2.5002584294417955
2502.0,125100.0,124843.0,50.0,-1.1825369976857298
2503.0,125150.0,124893.0,50.0,-1.7709503794737884
2504.0,125200.0,124943.0,50.0,-2.7295176941751857
2505.0,125250.0,124993.0,50.0,-2.6829629788488893
2506.0,125300.0,125043.0,50.0,-2.9633861961831856
2507.0,125350.0,125093.0,50.0,-2.825309607031706
2508.0,125400.0,125143.0,50.0,-2.352082016819346
2509.0,125450.0,125193.0,50.0,-5.419775148569785
2510.0,125500.0,125243.0,50.0,-2.3353991537410788
2511.0,125550.0,125293.0,50.0,-3.2711086446413784
2512.0,125600.0,125343.0,50.0,-1.9963170090402216
2513.0,125650.0,125393.0,50.0,-1.4251990207434129
2514.0,125700.0,125443.0,50.0,-10.420557593108027
2515.0,125750.0,125493.0,50.0,-2.6815441283315598
2516.0,125800.0,125543.0,50.0,-7.123324277521866
2517.0,125850.0,125593.0,50.0,-3.1723848293532444
2518.0,125900.0,125643.0,50.0,-9.46937942533107
2519.0,125950.0,125693.0,50.0,-2.8813465277839887
2520.0,126000.0,125743.0,50.0,-2.0981386943820652
2521.0,126050.0,125793.0,50.0,-2.611894256664173
2522.0,126100.0,125843.0,50.0,-1.3923034544322446
2523.0,126150.0,125893.0,50.0,-11.80655244316468
2524.0,126200.0,125943.0,50.0,-2.577245250860495
2525.0,126250.0,125993.0,50.0,-8.681071037529787
2526.0,126300.0,126043.0,50.0,-10.461245525628591
2527.0,126350.0,126093.0,50.0,-11.72544389129965
2528.0,126400.0,126143.0,50.0,-3.9008303206998898
2529.0,126450.0,126193.0,50.0,-5.7565683482133965
2530.0,126500.0,126243.0,50.0,-2.9615537232281848
2531.0,126550.0,126293.0,50.0,-2.4759560243721577
2532.0,126600.0,126343.0,50.0,-6.952677999167784
2533.0,126650.0,126393.0,50.0,-2.6655357572213525
2534.0,126700.0,126443.0,50.0,-6.265857715558013
2535.0,126750.0,126493.0,50.0,-2.4285724586602666
2536.0,126800.0,126543.0,50.0,-2.8748851946577205
2537.0,126850.0,126593.0,50.0,-2.2483764675479327
2538.0,126900.0,126643.0,50.0,-1.9880821364573682
2539.0,126950.0,126693.0,50.0,-8.848994600640147
2540.0,127000.0,126743.0,50.0,-2.45529924502362
2541.0,127050.0,126793.0,50.0,-1.9337119175243247
2542.0,127100.0,126843.0,50.0,-6.899665979790444
2543.0,127150.0,126893.0,50.0,-2.880076188623833
2544.0,127200.0,126943.0,50.0,-1.8977194183893964
2545.0,127250.0,126993.0,50.0,-2.4593650589263025
2546.0,127300.0,127043.0,50.0,-3.246956940887905
2547.0,127350.0,127093.0,50.0,-7.723771205042713
2548.0,127400.0,127143.0,50.0,-1.5768199911772314
2549.0,127450.0,127193.0,50.0,-5.503300122690495
2550.0,127500.0,127243.0,50.0,-1.76153739238482
2551.0,127550.0,127293.0,50.0,-1.2752029408097816
2552.0,127600.0,127343.0,50.0,-3.0487682327977588
2553.0,127650.0,127393.0,50.0,-3.9067645412460816
2554.0,127700.0,127443.0,50.0,-7.830229748273415
2555.0,127750.0,127493.0,50.0,-2.645624226588129
2556.0,127800.0,127543.0,50.0,-2.163347302120532
2557.0,127850.0,127593.0,50.0,-2.101959845131806
2558.0,127900.0,127643.0,50.0,-1.9172503266973604
2559.0,127950.0,127693.0,50.0,-2.8663864536975163
2560.0,128000.0,127743.0,50.0,-2.5965163835266036
2561.0,128050.0,127793.0,50.0,-4.52601359043769
2562.0,128100.0,127843.0,50.0,-6.328393954429645
2563.0,128150.0,127893.0,50.0,-1.4894259228548388
2564.0,128200.0,127943.0,50.0,-0.6766541986175983
2565.0,128250.0,127993.0,50.0,-3.7415704329523525
2566.0,128300.0,128043.0,50.0,-3.035529577090612
2567.0,128350.0,128093.0,50.0,-4.780614867618191
2568.0,128400.0,128143.0,50.0,-1.8201939178227184
2569.0,128450.0,128193.0,50.0,-5.058388265536098
2570.0,128500.0,128243.0,50.0,-2.954560194167358
2571.0,128550.0,128293.0,50.0,-2.8065098847454593
2572.0,128600.0,128343.0,50.0,-3.3165968556749768
2573.0,128650.0,128393.0,50.0,-2.341868357206002
2574.0,128700.0,128443.0,50.0,-2.1112139922513977
2575.0,128750.0,128493.0,50.0,-2.8956940432620675
2576.0,128800.0,128543.0,50.0,-2.4833268727038487
2577.0,128850.0,128593.0,50.0,-1.3491047297419876
2578.0,128900.0,128643.0,50.0,-3.8901798703298294
2579.0,128950.0,128693.0,50.0,-2.1993891235561183
2580.0,129000.0,128743.0,50.0,-2.120027923512559
2581.0,129050.0,128793.0,50.0,-2.9321286018829373
2582.0,129100.0,128843.0,50.0,-3.3390490829365564
2583.0,129150.0,128893.0,50.0,-2.601848441104907
2584.0,129200.0,128943.0,50.0,-1.9328223070301611
2585.0,129250.0,128993.0,50.0,-2.0418365864318706
2586.0,129300.0,129043.0,50.0,-2.043393919913515
2587.0,129350.0,129093.0,50.0,-3.194900088679497
2588.0,129400.0,129143.0,50.0,-1.4384841047964503
2589.0,129450.0,129193.0,50.0,-3.09525194576869
2590.0,129500.0,129243.0,50.0,-1.8797490828901005
2591.0,129550.0,129293.0,50.0,-2.5212743811734284
2592.0,129600.0,129343.0,50.0,-3.6533458532723264
2593.0,129650.0,129393.0,50.0,-1.6846960566508995
2594.0,129700.0,129443.0,50.0,-1.726766943129923
2595.0,129750.0,129493.0,50.0,-3.711632521542634
2596.0,129800.0,129543.0,50.0,-1.3898092775037265
2597.0,129850.0,129593.0,50.0,-1.9850540966318175
2598.0,129900.0,129643.0,50.0,-1.4536876735761726
2599.0,129950.0,129693.0,50.0,-1.4576327159008533
2600.0,130000.0,129743.0,50.0,-1.2934835268560925
2601.0,130050.0,129793.0,50.0,-1.856034960824625
2602.0,130100.0,129843.0,50.0,-3.1336286400968807
2603.0,130150.0,129893.0,50.0,-1.9956576139459286
2604.0,130200.0,129943.0,50.0,-2.0066856921317546
2605.0,130250.0,129993.0,50.0,-0.8815924298074197
2606.0,130300.0,130043.0,50.0,-2.2310696104562187
2607.0,130350.0,130093.0,50.0,-2.3198154068720482
2608.0,130400.0,130143.0,50.0,-1.825781494490753
2609.0,130450.0,130193.0,50.0,-2.269859142345939
2610.0,130500.0,130243.0,50.0,-1.9476705129736196
2611.0,130550.0,130293.0,50.0,-0.813556354053288
2612.0,130600.0,130343.0,50.0,-0.9553096002787346
2613.0,130650.0,130393.0,50.0,-1.8316013182763426
2614.0,130700.0,130443.0,50.0,-1.5197773848457592
2615.0,130750.0,130493.0,50.0,-1.820740426415525
2616.0,130800.0,130543.0,50.0,-2.1003246334859242
2617.0,130850.0,130593.0,50.0,-2.2486584080448395
2618.0,130900.0,130643.0,50.0,-1.6523202168655484
2619.0,130950.0,130693.0,50.0,-1.8795328945590661
2620.0,131000.0,130743.0,50.0,-3.2396533406991166
2621.0,131050.0,130793.0,50.0,-1.7879100768197451
2622.0,131100.0,130843.0,50.0,-1.871582023986863
2623.0,131150.0,130893.0,50.0,-1.9305439109685527
2624.0,131200.0,130943.0,50.0,-2.056087119920291
2625.0,131250.0,130993.0,50.0,-2.845870376390046
2626.0,131300.0,131043.0,50.0,-2.0013747120956453
2627.0,131350.0,131093.0,50.0,-2.6730094258058004
2628.0,131400.0,131143.0,50.0,-1.5946498793991244
2629.0,131450.0,131193.0,50.0,-1.7495150117228715
2630.0,131500.0,131243.0,50.0,-1.2280657315524672
2631.0,131550.0,131293.0,50.0,-3.191552348948769
2632.0,131600.0,131343.0,50.0,-2.7742491611876323
2633.0,131650.0,131393.0,50.0,-2.5824763624345812
2634.0,131700.0,131443.0,50.0,-1.541311629698782
2635.0,131750.0,131493.0,50.0,-2.652150466448308
2636.0,131800.0,131543.0,50.0,-1.4983000602778274
2637.0,131850.0,131593.0,50.0,-1.0838838252310612
2638.0,131900.0,131643.0,50.0,-1.9723027347913629
2639.0,131950.0,131693.0,50.0,-1.2931803899348944
2640.0,132000.0,131743.0,50.0,-1.213816077530985
2641.0,132050.0,131793.0,50.0,-1.6598591589095402
2642.0,132100.0,131843.0,50.0,-1.817016851659494
2643.0,132150.0,131893.0,50.0,-1.3950407870927122
2644.0,132200.0,131943.0,50.0,-2.4700756275349325
2645.0,132250.0,131993.0,50.0,-2.686663370539241
2646.0,132300.0,132043.0,50.0,-2.4910542992890625
2647.0,132350.0,132093.0,50.0,-2.4773934379058
2648.0,132400.0,132143.0,50.0,-2.4061554621572996
2649.0,132450.0,132193.0,50.0,-1.9950701987270338
2650.0,132500.0,132243.0,50.0,-2.2823034491398557
2651.0,132550.0,132293.0,50.0,-1.1133586674310465
2652.0,132600.0,132343.0,50.0,-1.2560212388875327
2653.0,132650.0,132393.0,50.0,-1.0672661496904219
2654.0,132700.0,132443.0,50.0,-3.10512966125014
2655.0,132750.0,132493.0,50.0,-2.2256295132521675
2656.0,132800.0,132543.0,50.0,-2.850861700389915
2657.0,132850.0,132593.0,50.0,-6.155175199632144
2658.0,132900.0,132643.0,50.0,-2.535033122165171
2659.0,132950.0,132693.0,50.0,-2.193665994546219
2660.0,133000.0,132743.0,50.0,-1.8753674204241568
2661.0,133050.0,132793.0,50.0,-0.9109650154670764
2662.0,133100.0,132843.0,50.0,-2.047661064247066
2663.0,133150.0,132893.0,50.0,-1.506553185067953
2664.0,133200.0,132943.0,50.0,-1.1857073203332131
2665.0,133250.0,132993.0,50.0,-1.8384690604035998
2666.0,133300.0,133043.0,50.0,-2.977879350290713
2667.0,133350.0,133093.0,50.0,-2.7029284114215746
2668.0,133400.0,133143.0,50.0,-2.223826700809868
2669.0,133450.0,133193.0,50.0,-4.86855797741001
2670.0,133500.0,133243.0,50.0,-1.0637398793557329
2671.0,133550.0,133293.0,50.0,-2.2444961003430377
2672.0,133600.0,133343.0,50.0,-2.312671414463617
2673.0,133650.0,133393.0,50.0,-3.150027366333001
2674.0,133700.0,133443.0,50.0,-1.5670702287807938
2675.0,133750.0,133493.0,50.0,-1.9468409548332948
2676.0,133800.0,133543.0,50.0,-2.161825932828408
2677.0,133850.0,133593.0,50.0,-1.2785660286875105
2678.0,133900.0,133643.0,50.0,-1.1189734554056099
2679.0,133950.0,133693.0,50.0,-1.201784598202137
2680.0,134000.0,133743.0,50.0,-1.924925734499356
2681.0,134050.0,133793.0,50.0,-1.8141382627810931
2682.0,134100.0,133843.0,50.0,-1.6888215244409133
2683.0,134150.0,133893.0,50.0,-1.7669780803638078
2684.0,134200.0,133943.0,50.0,-1.9907112045678022
2685.0,134250.0,133993.0,50.0,-0.9972961351686355
2686.0,134300.0,134043.0,50.0,-1.6904103750602895
2687.0,134350.0,134093.0,50.0,-1.5995790864768606
2688.0,134400.0,134143.0,50.0,-2.821195183262755
2689.0,134450.0,134193.0,50.0,-1.4677141218278165
2690.0,134500.0,134243.0,50.0,-3.098163675958525
2691.0,134550.0,134293.0,50.0,-1.3430392322620368
2692.0,134600.0,134343.0,50.0,-1.5941128704128702
2693.0,134650.0,134393.0,50.0,-1.411761655662767
2694.0,134700.0,134443.0,50.0,-2.6510038311230266
2695.0,134750.0,134493.0,50.0,-2.4320108332619434
2696.0,134800.0,134543.0,50.0,-2.1818726789748015
2697.0,134850.0,134593.0,50.0,-2.8287636231198916
2698.0,134900.0,134643.0,50.0,-2.294566372261836
2699.0,134950.0,134693.0,50.0,-2.9213509186961715
2700.0,135000.0,134743.0,50.0,-2.6051525724675315
2701.0,135050.0,134793.0,50.0,-1.9083763918193362
2702.0,135100.0,134843.0,50.0,-1.3801067272819874
2703.0,135150.0,134893.0,50.0,-1.359973530692797
2704.0,135200.0,134943.0,50.0,-3.2020473856063636
2705.0,135250.0,134993.0,50.0,-2.5253233633810686
2706.0,135300.0,135043.0,50.0,-1.8705417695391604
2707.0,135350.0,135093.0,50.0,-1.9489716954347482
2708.0,135400.0,135143.0,50.0,-2.102040754057055
2709.0,135450.0,135193.0,50.0,-1.6134688205143661
2710.0,135500.0,135243.0,50.0,-1.2165896215023533
2711.0,135550.0,135293.0,50.0,-1.1755884286030038
2712.0,135600.0,135343.0,50.0,-2.0445128409517763
2713.0,135650.0,135393.0,50.0,-1.6508303211888533
2714.0,135700.0,135443.0,50.0,-1.244075037674131
2715.0,135750.0,135493.0,50.0,-1.183776823296133
2716.0,135800.0,135543.0,50.0,-2.298236442525106
2717.0,135850.0,135593.0,50.0,-1.5172513910324092
2718.0,135900.0,135643.0,50.0,-1.7043128651659303
2719.0,135950.0,135693.0,50.0,-1.6130177861750115
2720.0,136000.0,135743.0,50.0,-1.1178707575042113
2721.0,136050.0,135793.0,50.0,-1.0735248382662126
2722.0,136100.0,135843.0,50.0,-1.9125572763715533
2723.0,136150.0,135893.0,50.0,-1.4362813011585829
2724.0,136200.0,135943.0,50.0,-2.2969055841107893
2725.0,136250.0,135993.0,50.0,-2.297576167200495
2726.0,136300.0,136043.0,50.0,-1.59078822897177
2727.0,136350.0,136093.0,50.0,-1.8066755470022562
2728.0,136400.0,136143.0,50.0,-2.5903096687757627
2729.0,136450.0,136193.0,50.0,-1.8151708248360068
2730.0,136500.0,136243.0,50.0,-2.2907222857655336
2731.0,136550.0,136293.0,50.0,-1.1541632034548415
2732.0,136600.0,136343.0,50.0,-1.6527351824513203
2733.0,136650.0,136393.0,50.0,-0.9743581981124732
2734.0,136700.0,136443.0,50.0,-3.812235670625369
2735.0,136750.0,136493.0,50.0,-1.2967367248164432
2736.0,136800.0,136543.0,50.0,-0.9598238646260007
2737.0,136850.0,136593.0,50.0,-1.4154989971848035
2738.0,136900.0,136643.0,50.0,-1.3563464613125775
2739.0,136950.0,136693.0,50.0,-1.924510058443807
2740.0,137000.0,136743.0,50.0,-1.885373674415718
2741.0,137050.0,136793.0,50.0,-1.1676724926380353
2742.0,137100.0,136843.0,50.0,-1.1109374116937623
2743.0,137150.0,136893.0,50.0,-2.587500313983825
2744.0,137200.0,136943.0,50.0,-2.913179045844384
2745.0,137250.0,136993.0,50.0,-2.0477290711428613
2746.0,137300.0,137043.0,50.0,-2.304240777934317
2747.0,137350.0,137093.0,50.0,-1.6424916034440993
2748.0,137400.0,137143.0,50.0,-1.7642869718681256
2749.0,137450.0,137193.0,50.0,-1.7191019015288571
2750.0,137500.0,137243.0,50.0,-1.917153337065781
2751.0,137550.0,137293.0,50.0,-1.6111048065980325
2752.0,137600.0,137343.0,50.0,-1.6206579143722595
2753.0,137650.0,137393.0,50.0,-1.2395392045277247
2754.0,137700.0,137443.0,50.0,-1.5862884891431555
2755.0,137750.0,137493.0,50.0,-1.8402864951010198
2756.0,137800.0,137543.0,50.0,-1.387139038549592
2757.0,137850.0,137593.0,50.0,-1.6594628127091449
2758.0,137900.0,137643.0,50.0,-2.0989342018736186
2759.0,137950.0,137693.0,50.0,-2.5803243094535375
2760.0,138000.0,137743.0,50.0,-1.6106958799925084
2761.0,138050.0,137793.0,50.0,-2.013056604713656
2762.0,138100.0,137843.0,50.0,-1.694739602911341
2763.0,138150.0,137893.0,50.0,-1.9045953947488952
2764.0,138200.0,137943.0,50.0,-2.3908579592929216
2765.0,138250.0,137993.0,50.0,-2.0070748601123687
2766.0,138300.0,138043.0,50.0,-3.6904134021597086
2767.0,138350.0,138093.0,50.0,-2.3793944132026965
2768.0,138400.0,138143.0,50.0,-2.1798107569813947
2769.0,138450.0,138193.0,50.0,-3.249224592395436
2770.0,138500.0,138243.0,50.0,-3.6510612628179846
2771.0,138550.0,138293.0,50.0,-2.3235945925293704
2772.0,138600.0,138343.0,50.0,-2.0147283014323505
2773.0,138650.0,138393.0,50.0,-1.6743604575048174
2774.0,138700.0,138443.0,50.0,-1.460631312320534
2775.0,138750.0,138493.0,50.0,-1.4531471844512087
2776.0,138800.0,138543.0,50.0,-1.4927797471581492
2777.0,138850.0,138593.0,50.0,-2.489928502321472
2778.0,138900.0,138643.0,50.0,-0.8693176698063273
2779.0,138950.0,138693.0,50.0,-1.6370533219945698
2780.0,139000.0,138743.0,50.0,-3.025000273514438
2781.0,139050.0,138793.0,50.0,-2.0594220135359884
2782.0,139100.0,138843.0,50.0,-1.7026771142048502
2783.0,139150.0,138893.0,50.0,-1.2107199847535446
2784.0,139200.0,138943.0,50.0,-2.446380323933931
2785.0,139250.0,138993.0,50.0,-3.184960564292877
2786.0,139300.0,139043.0,50.0,-1.8352923348776455
2787.0,139350.0,139093.0,50.0,-1.2978270807074062
2788.0,139400.0,139143.0,50.0,-1.4336162012208893
2789.0,139450.0,139193.0,50.0,-2.944853616873039
2790.0,139500.0,139243.0,50.0,-1.9504146109109028
2791.0,139550.0,139293.0,50.0,-2.4709263994419914
2792.0,139600.0,139343.0,50.0,-1.4956810763800692
2793.0,139650.0,139393.0,50.0,-1.5133116047649515
2794.0,139700.0,139443.0,50.0,-1.4665536772665524
2795.0,139750.0,139493.0,50.0,-2.455658728626711
2796.0,139800.0,139543.0,50.0,-2.636457660470664
2797.0,139850.0,139593.0,50.0,-1.1525352321340627
2798.0,139900.0,139643.0,50.0,-1.4644026790607454
2799.0,139950.0,139693.0,50.0,-1.7961453663927953
2800.0,140000.0,139743.0,50.0,-2.3172799903801273
2801.0,140050.0,139793.0,50.0,-1.95788054017877
2802.0,140100.0,139843.0,50.0,-0.9935857976049357
2803.0,140150.0,139893.0,50.0,-1.608313017358645
2804.0,140200.0,139943.0,50.0,-1.4913213029653993
2805.0,140250.0,139993.0,50.0,-1.2283615731720043
2806.0,140300.0,140043.0,50.0,-2.2604233003970626
2807.0,140350.0,140093.0,50.0,-2.445807576052467
2808.0,140400.0,140143.0,50.0,-1.759060646153453
2809.0,140450.0,140193.0,50.0,-1.3633119562116147
2810.0,140500.0,140243.0,50.0,-1.0102895077236074
2811.0,140550.0,140293.0,50.0,-1.1848585407493344
2812.0,140600.0,140343.0,50.0,-1.5533263293579291
2813.0,140650.0,140393.0,50.0,-1.1630485873205534
2814.0,140700.0,140443.0,50.0,-2.0294501188438896
2815.0,140750.0,140493.0,50.0,-2.2136412230282123
2816.0,140800.0,140543.0,50.0,-2.63556629425392
2817.0,140850.0,140593.0,50.0,-2.476289420847532
2818.0,140900.0,140643.0,50.0,-1.125074225118527
2819.0,140950.0,140693.0,50.0,-2.379600208690452
2820.0,141000.0,140743.0,50.0,-1.3771245911219703
2821.0,141050.0,140793.0,50.0,-1.5046369578217886
2822.0,141100.0,140843.0,50.0,-1.964163513465284
2823.0,141150.0,140893.0,50.0,-0.92218641165661
2824.0,141200.0,140943.0,50.0,-1.5768905261646902
2825.0,141250.0,140993.0,50.0,-3.2942916192051555
2826.0,141300.0,141043.0,50.0,-1.0729236483052318
2827.0,141350.0,141093.0,50.0,-1.4742440709221216
2828.0,141400.0,141143.0,50.0,-1.3481608821277413
2829.0,141450.0,141193.0,50.0,-1.717260948283556
2830.0,141500.0,141243.0,50.0,-2.3873281896183953
2831.0,141550.0,141293.0,50.0,-1.1989483234359506
2832.0,141600.0,141343.0,50.0,-1.1436057746833885
2833.0,141650.0,141393.0,50.0,-1.2410636289315826
2834.0,141700.0,141443.0,50.0,-1.9885536373891988
2835.0,141750.0,141493.0,50.0,-1.9307569530115147
2836.0,141800.0,141543.0,50.0,-2.1441928477449976
2837.0,141850.0,141593.0,50.0,-1.5630642469249705
2838.0,141900.0,141643.0,50.0,-1.9499843415525993
2839.0,141950.0,141693.0,50.0,-1.4055525276537495
2840.0,142000.0,141743.0,50.0,-2.4259400353286336
2841.0,142050.0,141793.0,50.0,-1.1354683987057235
2842.0,142100.0,141843.0,50.0,-1.6770736027649498
2843.0,142150.0,141893.0,50.0,-2.9576952706400643
2844.0,142200.0,141943.0,50.0,-1.5895974756214615
2845.0,142250.0,141993.0,50.0,-2.0222068105355473
2846.0,142300.0,142043.0,50.0,-1.6061262754183019
2847.0,142350.0,142093.0,50.0,-1.5838360080047031
2848.0,142400.0,142143.0,50.0,-1.5691607714301568
2849.0,142450.0,142193.0,50.0,-3.3928121218273892
2850.0,142500.0,142243.0,50.0,-1.6898365645094098
2851.0,142550.0,142293.0,50.0,-0.893985795451522
2852.0,142600.0,142343.0,50.0,-2.818663576988304
2853.0,142650.0,142393.0,50.0,-1.6938217177692212
2854.0,142700.0,142443.0,50.0,-1.6199024929617292
2855.0,142750.0,142493.0,50.0,-1.4436379367671421
2856.0,142800.0,142543.0,50.0,-1.2006840533408492
2857.0,142850.0,142593.0,50.0,-2.3339466299218694
2858.0,142900.0,142643.0,50.0,-1.168993485910151
2859.0,142950.0,142693.0,50.0,-1.7890182220940958
2860.0,143000.0,142743.0,50.0,-1.5175448707708215
2861.0,143050.0,142793.0,50.0,-1.5552880402058062
2862.0,143100.0,142843.0,50.0,-1.522108437674514
2863.0,143150.0,142893.0,50.0,-2.1434081415036164
2864.0,143200.0,142943.0,50.0,-2.3124587291386183
2865.0,143250.0,142993.0,50.0,-2.1660989083980424
2866.0,143300.0,143043.0,50.0,-2.2662077350170593
2867.0,143350.0,143093.0,50.0,-1.180265434888599
2868.0,143400.0,143143.0,50.0,-1.614588532778374
2869.0,143450.0,143193.0,50.0,-2.208047788450632
2870.0,143500.0,143243.0,50.0,-1.609559904972856
2871.0,143550.0,143293.0,50.0,-1.18349046621647
2872.0,143600.0,143343.0,50.0,-1.4638195591385197
2873.0,143650.0,143393.0,50.0,-1.3475303826016043
2874.0,143700.0,143443.0,50.0,-1.500177364419949
2875.0,143750.0,143493.0,50.0,-2.5524758818025877
2876.0,143800.0,143543.0,50.0,-2.7892970583391854
2877.0,143850.0,143593.0,50.0,-1.9729486637529317
2878.0,143900.0,143643.0,50.0,-1.6815372424232113
2879.0,143950.0,143693.0,50.0,-1.7170204580975714
2880.0,144000.0,143743.0,50.0,-2.286011882159527
2881.0,144050.0,143793.0,50.0,-2.3486495182246143
2882.0,144100.0,143843.0,50.0,-1.3162143281884728
2883.0,144150.0,143893.0,50.0,-2.8274071828673972
2884.0,144200.0,143943.0,50.0,-3.2417762452179564
2885.0,144250.0,143993.0,50.0,-1.462654914920408
2886.0,144300.0,144043.0,50.0,-1.3623492054330266
2887.0,144350.0,144093.0,50.0,-1.2053002757992557
2888.0,144400.0,144143.0,50.0,-2.1972967512739374
2889.0,144450.0,144193.0,50.0,-2.0730390388383677
2890.0,144500.0,144243.0,50.0,-1.598595773380142
2891.0,144550.0,144293.0,50.0,-1.7405217853939376
2892.0,144600.0,144343.0,50.0,-1.390409495982303
2893.0,144650.0,144393.0,50.0,-1.1450754399715513
2894.0,144700.0,144443.0,50.0,-3.177356738096673
2895.0,144750.0,144493.0,50.0,-2.531998965764644
2896.0,144800.0,144543.0,50.0,-0.6347290457195763
2897.0,144850.0,144593.0,50.0,-1.5675816075942348
2898.0,144900.0,144643.0,50.0,-1.8690276417892189
2899.0,144950.0,144693.0,50.0,-2.155058309147473
2900.0,145000.0,144743.0,50.0,-1.9632177372792312
2901.0,145050.0,144793.0,50.0,-1.801700575938846
2902.0,145100.0,144843.0,50.0,-1.956788878085229
2903.0,145150.0,144893.0,50.0,-1.9700986892790373
2904.0,145200.0,144943.0,50.0,-3.043692564795686
2905.0,145250.0,144993.0,50.0,-3.0206442408129623
2906.0,145300.0,145043.0,50.0,-1.300460568058196
2907.0,145350.0,145093.0,50.0,-1.6822324384572058
2908.0,145400.0,145143.0,50.0,-3.958748564059333
2909.0,145450.0,145193.0,50.0,-1.9947199311415107
2910.0,145500.0,145243.0,50.0,-2.3172859955899634
2911.0,145550.0,145293.0,50.0,-3.045907873450069
2912.0,145600.0,145343.0,50.0,-1.424860104779853
2913.0,145650.0,145393.0,50.0,-1.8296873811632441
2914.0,145700.0,145443.0,50.0,-1.9916141221788017
2915.0,145750.0,145493.0,50.0,-1.5462104220590962
2916.0,145800.0,145543.0,50.0,-2.377063980238303
2917.0,145850.0,145593.0,50.0,-1.3177850314449933
2918.0,145900.0,145643.0,50.0,-1.5072023590779517
2919.0,145950.0,145693.0,50.0,-1.562363498142848
2920.0,146000.0,145743.0,50.0,-1.2389128706465589
2921.0,146050.0,145793.0,50.0,-2.5299745171513845
2922.0,146100.0,145843.0,50.0,-1.58495385846262
2923.0,146150.0,145893.0,50.0,-2.352126937166206
2924.0,146200.0,145943.0,50.0,-4.942870623787813
2925.0,146250.0,145993.0,50.0,-1.0918582501739458
2926.0,146300.0,146043.0,50.0,-2.2749939845100435
2927.0,146350.0,146093.0,50.0,-2.695424848214897
2928.0,146400.0,146143.0,50.0,-1.6824127039513515
2929.0,146450.0,146193.0,50.0,-1.946070326177649
2930.0,146500.0,146243.0,50.0,-1.6723497115295263
2931.0,146550.0,146293.0,50.0,-1.97030749947962
2932.0,146600.0,146343.0,50.0,-2.483449197870217
2933.0,146650.0,146393.0,50.0,-1.8806489354843658
2934.0,146700.0,146443.0,50.0,-1.4473076017197875
2935.0,146750.0,146493.0,50.0,-2.58390767976943
2936.0,146800.0,146543.0,50.0,-1.837057346507278
2937.0,146850.0,146593.0,50.0,-0.8833979999938972
2938.0,146900.0,146643.0,50.0,-0.9744587518269449
2939.0,146950.0,146693.0,50.0,-1.5126437248436806
2940.0,147000.0,146743.0,50.0,-2.140363800410322
2941.0,147050.0,146793.0,50.0,-2.056846636150037
2942.0,147100.0,146843.0,50.0,-1.4445064047934735
2943.0,147150.0,146893.0,50.0,-1.5751875905786545
2944.0,147200.0,146943.0,50.0,-2.452847364629589
2945.0,147250.0,146993.0,50.0,-1.6007832657430063
2946.0,147300.0,147043.0,50.0,-2.9377995949954974
2947.0,147350.0,147093.0,50.0,-1.0861503449326666
2948.0,147400.0,147143.0,50.0,-2.2550382687087502
2949.0,147450.0,147193.0,50.0,-4.042391961473054
2950.0,147500.0,147243.0,50.0,-2.371757592912449
2951.0,147550.0,147293.0,50.0,-2.172302797357689
2952.0,147600.0,147343.0,50.0,-1.3141072530091176
2953.0,147650.0,147393.0,50.0,-1.6267366192700474
2954.0,147700.0,147443.0,50.0,-1.806151953211691
2955.0,147750.0,147493.0,50.0,-1.5802992710740493
2956.0,147800.0,147543.0,50.0,-1.8185098618290063
2957.0,147850.0,147593.0,50.0,-1.1138972086475216
2958.0,147900.0,147643.0,50.0,-2.108505731307879
2959.0,147950.0,147693.0,50.0,-1.5768391575101983
2960.0,148000.0,147743.0,50.0,-1.0061860997661798
2961.0,148050.0,147793.0,50.0,-1.2141798118360452
2962.0,148100.0,147843.0,50.0,-1.6244291938892614
2963.0,148150.0,147893.0,50.0,-2.8945821295175773
2964.0,148200.0,147943.0,50.0,-2.3861799091571574
2965.0,148250.0,147993.0,50.0,-2.658970614264155
2966.0,148300.0,148043.0,50.0,-3.24633693920677
2967.0,148350.0,148093.0,50.0,-2.168318342836831
2968.0,148400.0,148143.0,50.0,-1.1525758245114197
2969.0,148450.0,148193.0,50.0,-2.9707930859156852
2970.0,148500.0,148243.0,50.0,-1.424265486437333
2971.0,148550.0,148293.0,50.0,-1.1727121023663545
2972.0,148600.0,148343.0,50.0,-1.7515936716752816
2973.0,148650.0,148393.0,50.0,-1.8340002809578584
2974.0,148700.0,148443.0,50.0,-1.3085877447068832
2975.0,148750.0,148493.0,50.0,-1.4391392887428642
2976.0,148800.0,148543.0,50.0,-2.337890694696616
2977.0,148850.0,148593.0,50.0,-1.5058305212115275
2978.0,148900.0,148643.0,50.0,-2.784693520956762
2979.0,148950.0,148693.0,50.0,-3.0597132232126785
2980.0,149000.0,148743.0,50.0,-3.0441650600062915
2981.0,149050.0,148793.0,50.0,-2.064258286774841
2982.0,149100.0,148843.0,50.0,-2.360005790446617
2983.0,149150.0,148893.0,50.0,-2.1717321997472867
2984.0,149200.0,148943.0,50.0,-1.1519775926319071
2985.0,149250.0,148993.0,50.0,-1.5797680168916783
2986.0,149300.0,149043.0,50.0,-1.4534224324588612
2987.0,149350.0,149093.0,50.0,-0.8540736434038644
2988.0,149400.0,149143.0,50.0,-1.3775531685068363
2989.0,149450.0,149193.0,50.0,-2.818245312954976
2990.0,149500.0,149243.0,50.0,-1.1822823505636002
2991.0,149550.0,149293.0,50.0,-1.7919936913453416
2992.0,149600.0,149343.0,50.0,-1.948856354475796
2993.0,149650.0,149393.0,50.0,-2.0525822142794565
2994.0,149700.0,149443.0,50.0,-4.61004350948455
2995.0,149750.0,149493.0,50.0,-2.370459588783295
2996.0,149800.0,149543.0,50.0,-3.105208501318381
2997.0,149850.0,149593.0,50.0,-1.633755261803296
2998.0,149900.0,149643.0,50.0,-2.0575276359870918
2999.0,149950.0,149693.0,50.0,-2.4056892662504445
3000.0,150000.0,149743.0,50.0,-2.0744646274156184
3001.0,150050.0,149793.0,50.0,-2.911970686509045
3002.0,150100.0,149843.0,50.0,-1.4252687664595889
3003.0,150150.0,149893.0,50.0,-1.6844645054838918
3004.0,150200.0,149943.0,50.0,-1.7021374929744104
3005.0,150250.0,149993.0,50.0,-1.635558093519356
3006.0,150300.0,150043.0,50.0,-2.5784392714564737
3007.0,150350.0,150093.0,50.0,-1.600708514304303
3008.0,150400.0,150143.0,50.0,-2.6364573259743964
3009.0,150450.0,150193.0,50.0,-2.1768409520766068
3010.0,150500.0,150243.0,50.0,-2.930445507754648
3011.0,150550.0,150293.0,50.0,-1.2232782668338769
3012.0,150600.0,150343.0,50.0,-1.988807059007814
3013.0,150650.0,150393.0,50.0,-2.712787531862699
3014.0,150700.0,150443.0,50.0,-1.6568270353833523
3015.0,150750.0,150493.0,50.0,-2.7570836401466634
3016.0,150800.0,150543.0,50.0,-1.6826314442653736
3017.0,150850.0,150593.0,50.0,-2.7753330699886463
3018.0,150900.0,150643.0,50.0,-1.9398777730486296
3019.0,150950.0,150693.0,50.0,-2.313796371830315
3020.0,151000.0,150743.0,50.0,-3.3385932314469335
3021.0,151050.0,150793.0,50.0,-1.9817489408659417
3022.0,151100.0,150843.0,50.0,-1.5280761964693395
3023.0,151150.0,150893.0,50.0,-1.5812552013917875
3024.0,151200.0,150943.0,50.0,-2.6495055999944683
3025.0,151250.0,150993.0,50.0,-3.395234014381751
3026.0,151300.0,151043.0,50.0,-1.8784634268396179
3027.0,151350.0,151093.0,50.0,-1.9966150014225688
3028.0,151400.0,151143.0,50.0,-2.454397894583662
3029.0,151450.0,151193.0,50.0,-2.357177698128123
3030.0,151500.0,151243.0,50.0,-0.7118752106708701
3031.0,151550.0,151293.0,50.0,-1.0295151296428495
3032.0,151600.0,151343.0,50.0,-1.7435703647740575
3033.0,151650.0,151393.0,50.0,-2.365598873656543
3034.0,151700.0,151443.0,50.0,-1.7753798179660851
3035.0,151750.0,151493.0,50.0,-1.5942359279258496
3036.0,151800.0,151543.0,50.0,-1.9257967676590964
3037.0,151850.0,151593.0,50.0,-2.289933188842425
3038.0,151900.0,151643.0,50.0,-2.6249301654043466
3039.0,151950.0,151693.0,50.0,-2.9307969441871173
3040.0,152000.0,151743.0,50.0,-2.2943424196766053
3041.0,152050.0,151793.0,50.0,-2.0200088012065343
3042.0,152100.0,151843.0,50.0,-1.6154035065524857
3043.0,152150.0,151893.0,50.0,-3.160847046841552
3044.0,152200.0,151943.0,50.0,-3.05251548121383
3045.0,152250.0,151993.0,50.0,-2.0479301936729852
3046.0,152300.0,152043.0,50.0,-2.9467285366857645
3047.0,152350.0,152093.0,50.0,-2.147486077466465
3048.0,152400.0,152143.0,50.0,-1.5453978229632666
3049.0,152450.0,152193.0,50.0,-2.0382961945367146
3050.0,152500.0,152243.0,50.0,-2.699669858629505
3051.0,152550.0,152293.0,50.0,-1.9644833084233944
3052.0,152600.0,152343.0,50.0,-1.705277120400913
3053.0,152650.0,152393.0,50.0,-2.5466366487147076
3054.0,152700.0,152443.0,50.0,-1.3505751010357627
3055.0,152750.0,152493.0,50.0,-2.4083640875454084
3056.0,152800.0,152543.0,50.0,-1.8903926582183017
3057.0,152850.0,152593.0,50.0,-2.0269499112303033
3058.0,152900.0,152643.0,50.0,-1.934249984764554
3059.0,152950.0,152693.0,50.0,-1.2477530514224695
3060.0,153000.0,152743.0,50.0,-3.3211474535850947
3061.0,153050.0,152793.0,50.0,-1.8382156166905608
3062.0,153100.0,152843.0,50.0,-3.124924524487919
3063.0,153150.0,152893.0,50.0,-2.798497837645264
3064.0,153200.0,152943.0,50.0,-2.0701604955434725
3065.0,153250.0,152993.0,50.0,-1.7973791708590985
3066.0,153300.0,153043.0,50.0,-1.492054628789892
3067.0,153350.0,153093.0,50.0,-2.0455136574524424
3068.0,153400.0,153143.0,50.0,-1.7325600446096148
3069.0,153450.0,153193.0,50.0,-1.1136136462291792
3070.0,153500.0,153243.0,50.0,-2.673112250028331
3071.0,153550.0,153293.0,50.0,-1.76135522295224
3072.0,153600.0,153343.0,50.0,-2.357094243663809
3073.0,153650.0,153393.0,50.0,-2.4523009745183693
3074.0,153700.0,153443.0,50.0,-2.219226831351057
3075.0,153750.0,153493.0,50.0,-1.9952465668205268
3076.0,153800.0,153543.0,50.0,-1.3931058372142828
3077.0,153850.0,153593.0,50.0,-1.9372319896113874
3078.0,153900.0,153643.0,50.0,-2.213789360839577
3079.0,153950.0,153693.0,50.0,-1.451060308212622
3080.0,154000.0,153743.0,50.0,-2.131884803728885
3081.0,154050.0,153793.0,50.0,-2.531790552911834
3082.0,154100.0,153843.0,50.0,-2.165635284423464
3083.0,154150.0,153893.0,50.0,-2.5251515408295746
3084.0,154200.0,153943.0,50.0,-1.7292226235383283
3085.0,154250.0,153993.0,50.0,-1.4818046655128718
3086.0,154300.0,154043.0,50.0,-2.2851343613946296
3087.0,154350.0,154093.0,50.0,-2.0006966107175272
3088.0,154400.0,154143.0,50.0,-2.921197485109701
3089.0,154450.0,154193.0,50.0,-1.491827012943669
3090.0,154500.0,154243.0,50.0,-1.630399227228303
3091.0,154550.0,154293.0,50.0,-2.3675283917249326
3092.0,154600.0,154343.0,50.0,-2.8905819935207737
3093.0,154650.0,154393.0,50.0,-2.3608287674963897
3094.0,154700.0,154443.0,50.0,-2.1853881423942902
3095.0,154750.0,154493.0,50.0,-2.207641831761872
3096.0,154800.0,154543.0,50.0,-2.471785501243587
3097.0,154850.0,154593.0,50.0,-3.209620817885684
3098.0,154900.0,154643.0,50.0,-1.6558945661686724
3099.0,154950.0,154693.0,50.0,-3.0669089977409887
3100.0,155000.0,154743.0,50.0,-1.2799590037876865
3101.0,155050.0,154793.0,50.0,-1.5002541732507775
3102.0,155100.0,154843.0,50.0,-1.155280721396503
3103.0,155150.0,154893.0,50.0,-2.166146438082265
3104.0,155200.0,154943.0,50.0,-3.3849659186533922
3105.0,155250.0,154993.0,50.0,-2.2627772253284926
3106.0,155300.0,155043.0,50.0,-2.313547886551451
3107.0,155350.0,155093.0,50.0,-1.2885195665688831
3108.0,155400.0,155143.0,50.0,-4.247930095256845
3109.0,155450.0,155193.0,50.0,-1.8402888950855798
3110.0,155500.0,155243.0,50.0,-1.2573804260728008
3111.0,155550.0,155293.0,50.0,-1.7973202516907865
3112.0,155600.0,155343.0,50.0,-1.4428900214800762
3113.0,155650.0,155393.0,50.0,-2.533171274419197
3114.0,155700.0,155443.0,50.0,-2.12732523762842
3115.0,155750.0,155493.0,50.0,-2.066939282617189
3116.0,155800.0,155543.0,50.0,-1.9587073887786703
3117.0,155850.0,155593.0,50.0,-2.4470868490367246
3118.0,155900.0,155643.0,50.0,-2.1212426153797908
3119.0,155950.0,155693.0,50.0,-2.0699240837300272
3120.0,156000.0,155743.0,50.0,-1.1238285355843483
3121.0,156050.0,155793.0,50.0,-1.347106072293076
3122.0,156100.0,155843.0,50.0,-2.4132400365794586
3123.0,156150.0,155893.0,50.0,-2.3926896731875686
3124.0,156200.0,155943.0,50.0,-2.7607209042891796
3125.0,156250.0,155993.0,50.0,-2.620306171876701
3126.0,156300.0,156043.0,50.0,-2.2624897912306596
3127.0,156350.0,156093.0,50.0,-2.7310917429095123
3128.0,156400.0,156143.0,50.0,-1.7496157477898264
3129.0,156450.0,156193.0,50.0,-1.7785070914597014
3130.0,156500.0,156243.0,50.0,-2.198535578004164
3131.0,156550.0,156293.0,50.0,-2.247246356749608
3132.0,156600.0,156343.0,50.0,-1.3264648718069891
3133.0,156650.0,156393.0,50.0,-2.420633668791207
3134.0,156700.0,156443.0,50.0,-1.6520818386354839
3135.0,156750.0,156493.0,50.0,-2.0179867199056893
3136.0,156800.0,156543.0,50.0,-1.410956540589278
3137.0,156850.0,156593.0,50.0,-1.5246929458332832
3138.0,156900.0,156643.0,50.0,-1.1933030931797015
3139.0,156950.0,156693.0,50.0,-1.9090199225207145
3140.0,157000.0,156743.0,50.0,-2.0321054880569913
3141.0,157050.0,156793.0,50.0,-2.057104711610577
3142.0,157100.0,156843.0,50.0,-0.9874866630847876
3143.0,157150.0,156893.0,50.0,-1.7443979959256153
3144.0,157200.0,156943.0,50.0,-1.8356185467022674
3145.0,157250.0,156993.0,50.0,-1.848823443277384
3146.0,157300.0,157043.0,50.0,-2.780627544412734
3147.0,157350.0,157093.0,50.0,-1.9931196565422087
3148.0,157400.0,157143.0,50.0,-2.088447429078
3149.0,157450.0,157193.0,50.0,-1.8441114907861857
3150.0,157500.0,157243.0,50.0,-1.4008722086135135
3151.0,157550.0,157293.0,50.0,-1.7817858988446744
3152.0,157600.0,157343.0,50.0,-1.296828746426641
3153.0,157650.0,157393.0,50.0,-1.5921364523433323
3154.0,157700.0,157443.0,50.0,-1.8281317656736933
3155.0,157750.0,157493.0,50.0,-2.158503098966021
3156.0,157800.0,157543.0,50.0,-2.815310243879845
3157.0,157850.0,157593.0,50.0,-1.6507493293751563
3158.0,157900.0,157643.0,50.0,-1.5358986164056594
3159.0,157950.0,157693.0,50.0,-2.3739990439694676
3160.0,158000.0,157743.0,50.0,-1.542156919296315
3161.0,158050.0,157793.0,50.0,-1.6191211599340702
3162.0,158100.0,157843.0,50.0,-1.494439656554727
3163.0,158150.0,157893.0,50.0,-2.124730951842929
3164.0,158200.0,157943.0,50.0,-0.959054754394682
3165.0,158250.0,157993.0,50.0,-3.206706405178873
3166.0,158300.0,158043.0,50.0,-1.3156410466602684
3167.0,158350.0,158093.0,50.0,-1.899411202896736
3168.0,158400.0,158143.0,50.0,-2.074639027192623
3169.0,158450.0,158193.0,50.0,-2.864007265492266
3170.0,158500.0,158243.0,50.0,-2.308384813449115
3171.0,158550.0,158293.0,50.0,-2.354785670827574
3172.0,158600.0,158343.0,50.0,-1.4882539765380574
3173.0,158650.0,158393.0,50.0,-2.043425933106871
3174.0,158700.0,158443.0,50.0,-1.9645808045589344
3175.0,158750.0,158493.0,50.0,-2.0549051258748645
3176.0,158800.0,158543.0,50.0,-2.231210975568727
3177.0,158850.0,158593.0,50.0,-1.8789553355624995
3178.0,158900.0,158643.0,50.0,-1.957817996909555
3179.0,158950.0,158693.0,50.0,-1.8567686755636998
3180.0,159000.0,158743.0,50.0,-1.2603410861000057
3181.0,159050.0,158793.0,50.0,-2.0849072580985153
3182.0,159100.0,158843.0,50.0,-1.0787997464067691
3183.0,159150.0,158893.0,50.0,-2.5533631426272976
3184.0,159200.0,158943.0,50.0,-1.171923833946744
3185.0,159250.0,158993.0,50.0,-2.158970028383152
3186.0,159300.0,159043.0,50.0,-2.328649219308261
3187.0,159350.0,159093.0,50.0,-1.558530679022512
3188.0,159400.0,159143.0,50.0,-2.387874644335201
3189.0,159450.0,159193.0,50.0,-1.4675085781177677
3190.0,159500.0,159243.0,50.0,-2.684251929358096
3191.0,159550.0,159293.0,50.0,-1.5287251885847246
3192.0,159600.0,159343.0,50.0,-1.441084492385607
3193.0,159650.0,159393.0,50.0,-1.4381552120270455
3194.0,159700.0,159443.0,50.0,-1.6661693322644584
3195.0,159750.0,159493.0,50.0,-2.293116716577886
3196.0,159800.0,159543.0,50.0,-1.1210016595092864
3197.0,159850.0,159593.0,50.0,-3.8937235836623167
3198.0,159900.0,159643.0,50.0,-3.0168072879009524
3199.0,159950.0,159693.0,50.0,-1.7221046750203721
3200.0,160000.0,159743.0,50.0,-1.597311425602246
3201.0,160050.0,159793.0,50.0,-2.6092507445283903
3202.0,160100.0,159843.0,50.0,-1.6687052066446149
3203.0,160150.0,159893.0,50.0,-1.4733338583419169
3204.0,160200.0,159943.0,50.0,-1.0029649433079222
3205.0,160250.0,159993.0,50.0,-2.055875391953999
3206.0,160300.0,160043.0,50.0,-1.175289801516722
3207.0,160350.0,160093.0,50.0,-1.008813540153237
3208.0,160400.0,160143.0,50.0,-1.5101653576178553
3209.0,160450.0,160193.0,50.0,-1.6547235025819242
3210.0,160500.0,160243.0,50.0,-1.2512176713556598
3211.0,160550.0,160293.0,50.0,-2.7850496419839987
3212.0,160600.0,160343.0,50.0,-1.2095783702251537
3213.0,160650.0,160393.0,50.0,-2.9061646160408485
3214.0,160700.0,160443.0,50.0,-0.865627997305354
3215.0,160750.0,160493.0,50.0,-1.6586643882026382
3216.0,160800.0,160543.0,50.0,-1.5702378872245277
3217.0,160850.0,160593.0,50.0,-3.00346095237206
3218.0,160900.0,160643.0,50.0,-1.7282015787826879
3219.0,160950.0,160693.0,50.0,-1.2268050638685908
3220.0,161000.0,160743.0,50.0,-2.1964983086952894
3221.0,161050.0,160793.0,50.0,-1.4154512854749035
3222.0,161100.0,160843.0,50.0,-1.5371988088709325
3223.0,161150.0,160893.0,50.0,-1.8884402654258787
3224.0,161200.0,160943.0,50.0,-1.2535300096922266
3225.0,161250.0,160993.0,50.0,-0.820092995267576
3226.0,161300.0,161043.0,50.0,-2.5146046376639384
3227.0,161350.0,161093.0,50.0,-1.1831850978910865
3228.0,161400.0,161143.0,50.0,-1.7952093956359325
3229.0,161450.0,161193.0,50.0,-1.1675028681775335
3230.0,161500.0,161243.0,50.0,-2.5655321004733844
3231.0,161550.0,161293.0,50.0,-2.452928967853503
3232.0,161600.0,161343.0,50.0,-1.4623848101483659
3233.0,161650.0,161393.0,50.0,-2.994038618813972
3234.0,161700.0,161443.0,50.0,-2.9739320230693367
3235.0,161750.0,161493.0,50.0,-2.3761679376172076
3236.0,161800.0,161543.0,50.0,-1.4686552628433813
3237.0,161850.0,161593.0,50.0,-2.7789611453099208
3238.0,161900.0,161643.0,50.0,-1.541866568385343
3239.0,161950.0,161693.0,50.0,-1.5989324850606386
3240.0,162000.0,161743.0,50.0,-2.713579067748312
3241.0,162050.0,161793.0,50.0,-2.009372817055203
3242.0,162100.0,161843.0,50.0,-1.6016088633490104
3243.0,162150.0,161893.0,50.0,-2.6067826872624713
3244.0,162200.0,161943.0,50.0,-1.7537378866802587
3245.0,162250.0,161993.0,50.0,-1.2102211834570678
3246.0,162300.0,162043.0,50.0,-1.0902313543409259
3247.0,162350.0,162093.0,50.0,-1.6275695212484191
3248.0,162400.0,162143.0,50.0,-1.915526277010356
3249.0,162450.0,162193.0,50.0,-1.9825811993170444
3250.0,162500.0,162243.0,50.0,-1.2002379150711195
3251.0,162550.0,162293.0,50.0,-1.6544160434792334
3252.0,162600.0,162343.0,50.0,-2.421917039356225
3253.0,162650.0,162393.0,50.0,-2.2099538955164295
3254.0,162700.0,162443.0,50.0,-1.4602478014922184
3255.0,162750.0,162493.0,50.0,-1.6401252888921634
3256.0,162800.0,162543.0,50.0,-2.275407237960421
3257.0,162850.0,162593.0,50.0,-1.6320398382291146
3258.0,162900.0,162643.0,50.0,-2.415734400965154
3259.0,162950.0,162693.0,50.0,-1.3684757913413392
3260.0,163000.0,162743.0,50.0,-1.262125930247046
3261.0,163050.0,162793.0,50.0,-1.8122535547157315
3262.0,163100.0,162843.0,50.0,-1.6029170404370712
3263.0,163150.0,162893.0,50.0,-0.8839472211687295
3264.0,163200.0,162943.0,50.0,-1.5009603814389907
3265.0,163250.0,162993.0,50.0,-1.0588782654479203
3266.0,163300.0,163043.0,50.0,-2.305400093945567
3267.0,163350.0,163093.0,50.0,-1.0243760335953953
3268.0,163400.0,163143.0,50.0,-3.0719837696646155
3269.0,163450.0,163193.0,50.0,-2.3721145492491136
3270.0,163500.0,163243.0,50.0,-1.851809165870685
3271.0,163550.0,163293.0,50.0,-0.9539047656731828
3272.0,163600.0,163343.0,50.0,-0.8963534713098628
3273.0,163650.0,163393.0,50.0,-1.595879774901155
3274.0,163700.0,163443.0,50.0,-1.0144324500810127
3275.0,163750.0,163493.0,50.0,-3.233526673601533
3276.0,163800.0,163543.0,50.0,-2.1087282178169016
3277.0,163850.0,163593.0,50.0,-1.0122030708848304
3278.0,163900.0,163643.0,50.0,-1.82735052736322
3279.0,163950.0,163693.0,50.0,-2.146698747434958
3280.0,164000.0,163743.0,50.0,-1.6778660567718635
3281.0,164050.0,163793.0,50.0,-0.9311064572374705
3282.0,164100.0,163843.0,50.0,-1.6063915497535795
3283.0,164150.0,163893.0,50.0,-2.4621543166988964
3284.0,164200.0,163943.0,50.0,-1.9267376600576045
3285.0,164250.0,163993.0,50.0,-2.016407800760865
3286.0,164300.0,164043.0,50.0,-1.2116513941737463
3287.0,164350.0,164093.0,50.0,-2.9471901442711137
3288.0,164400.0,164143.0,50.0,-1.1870935332155519
3289.0,164450.0,164193.0,50.0,-1.50556102223974
3290.0,164500.0,164243.0,50.0,-1.243274339617257
3291.0,164550.0,164293.0,50.0,-2.503087282116114
3292.0,164600.0,164343.0,50.0,-2.52927568262877
3293.0,164650.0,164393.0,50.0,-0.7887070703911078
3294.0,164700.0,164443.0,50.0,-2.023932466202324
3295.0,164750.0,164493.0,50.0,-2.52380604881278
3296.0,164800.0,164543.0,50.0,-1.101112689198591
3297.0,164850.0,164593.0,50.0,-2.2661792203014333
3298.0,164900.0,164643.0,50.0,-1.7043833736991367
3299.0,164950.0,164693.0,50.0,-1.8790132021627568
3300.0,165000.0,164743.0,50.0,-1.6882083931788405
3301.0,165050.0,164793.0,50.0,-1.6260832179024582
3302.0,165100.0,164843.0,50.0,-2.039766019491099
3303.0,165150.0,164893.0,50.0,-1.5315010281617711
3304.0,165200.0,164943.0,50.0,-1.6962502313209504
3305.0,165250.0,164993.0,50.0,-0.8398401440463689
3306.0,165300.0,165043.0,50.0,-1.788442598207974
3307.0,165350.0,165093.0,50.0,-1.8605009056064812
3308.0,165400.0,165143.0,50.0,-0.9386011260364204
3309.0,165450.0,165193.0,50.0,-2.050762297657031
3310.0,165500.0,165243.0,50.0,-2.7523198996160225
3311.0,165550.0,165293.0,50.0,-1.641661127071445
3312.0,165600.0,165343.0,50.0,-2.4332897762019057
3313.0,165650.0,165393.0,50.0,-2.082063307023765
3314.0,165700.0,165443.0,50.0,-2.002480533481257
3315.0,165750.0,165493.0,50.0,-1.7464353149537644
3316.0,165800.0,165543.0,50.0,-1.264758156874986
3317.0,165850.0,165593.0,50.0,-2.8902542424050157
3318.0,165900.0,165643.0,50.0,-1.6498226203546953
3319.0,165950.0,165693.0,50.0,-1.483642115267046
3320.0,166000.0,165743.0,50.0,-1.7801866439342755
3321.0,166050.0,165793.0,50.0,-2.6224003368883055
3322.0,166100.0,165843.0,50.0,-2.0998469372531825
3323.0,166150.0,165893.0,50.0,-1.5765407833994094
3324.0,166200.0,165943.0,50.0,-1.3677275290092887
3325.0,166250.0,165993.0,50.0,-1.9995728042978025
3326.0,166300.0,166043.0,50.0,-2.0898034718194234
3327.0,166350.0,166093.0,50.0,-1.5944767801248516
3328.0,166400.0,166143.0,50.0,-1.312483682385885
3329.0,166450.0,166193.0,50.0,-2.8926491579120213
3330.0,166500.0,166243.0,50.0,-1.1958769243162444
3331.0,166550.0,166293.0,50.0,-1.7091006926195453
3332.0,166600.0,166343.0,50.0,-2.3853849200928523
3333.0,166650.0,166393.0,50.0,-1.9586875314687215
3334.0,166700.0,166443.0,50.0,-1.9346567078382166
3335.0,166750.0,166493.0,50.0,-1.1265083562774019
3336.0,166800.0,166543.0,50.0,-1.3293491542937432
3337.0,166850.0,166593.0,50.0,-1.6859237514583936
3338.0,166900.0,166643.0,50.0,-1.8092898313243582
3339.0,166950.0,166693.0,50.0,-1.2861658852909281
3340.0,167000.0,166743.0,50.0,-2.519372252294979
3341.0,167050.0,166793.0,50.0,-2.274691304924328
3342.0,167100.0,166843.0,50.0,-2.508649535345828
3343.0,167150.0,166893.0,50.0,-1.1500790601123423
3344.0,167200.0,166943.0,50.0,-1.776986977960234
3345.0,167250.0,166993.0,50.0,-1.5472334118087818
3346.0,167300.0,167043.0,50.0,-1.734512093433387
3347.0,167350.0,167093.0,50.0,-1.794664590007149
3348.0,167400.0,167143.0,50.0,-1.9240188667779046
3349.0,167450.0,167193.0,50.0,-1.7850592049756306
3350.0,167500.0,167243.0,50.0,-1.5082565028054733
3351.0,167550.0,167293.0,50.0,-1.7550495007878728
3352.0,167600.0,167343.0,50.0,-2.0563178688827035
3353.0,167650.0,167393.0,50.0,-3.828191018958172
3354.0,167700.0,167443.0,50.0,-1.6946049788595623
3355.0,167750.0,167493.0,50.0,-1.2297837205885356
3356.0,167800.0,167543.0,50.0,-2.9958692314209996
3357.0,167850.0,167593.0,50.0,-2.794575715378444
3358.0,167900.0,167643.0,50.0,-1.6704205367111318
3359.0,167950.0,167693.0,50.0,-0.9646765840668455
3360.0,168000.0,167743.0,50.0,-1.1280395426536616
3361.0,168050.0,167793.0,50.0,-1.9289277587030789
3362.0,168100.0,167843.0,50.0,-1.8065923762342206
3363.0,168150.0,167893.0,50.0,-1.4586956756212703
3364.0,168200.0,167943.0,50.0,-1.4097301433878067
3365.0,168250.0,167993.0,50.0,-1.1860746228775896
3366.0,168300.0,168043.0,50.0,-1.2788007895293085
3367.0,168350.0,168093.0,50.0,-1.8965708554883591
3368.0,168400.0,168143.0,50.0,-1.6593942901487666
3369.0,168450.0,168193.0,50.0,-1.429215313132479
3370.0,168500.0,168243.0,50.0,-2.2812248963202038
3371.0,168550.0,168293.0,50.0,-1.5208122179200807
3372.0,168600.0,168343.0,50.0,-1.9125151077219358
3373.0,168650.0,168393.0,50.0,-1.5809609185921774
3374.0,168700.0,168443.0,50.0,-1.01469555991852
3375.0,168750.0,168493.0,50.0,-1.1756138104407394
3376.0,168800.0,168543.0,50.0,-2.4235314848441396
3377.0,168850.0,168593.0,50.0,-1.4628913046973522
3378.0,168900.0,168643.0,50.0,-1.378321291624429
3379.0,168950.0,168693.0,50.0,-2.145985047392201
3380.0,169000.0,168743.0,50.0,-1.6995323824168027
3381.0,169050.0,168793.0,50.0,-3.5264227208314605
3382.0,169100.0,168843.0,50.0,-2.0069696482073893
3383.0,169150.0,168893.0,50.0,-1.9944644857517349
3384.0,169200.0,168943.0,50.0,-1.3688805816544267
3385.0,169250.0,168993.0,50.0,-1.696108698602041
3386.0,169300.0,169043.0,50.0,-1.709753368111294
3387.0,169350.0,169093.0,50.0,-1.4940626144903313
3388.0,169400.0,169143.0,50.0,-1.9418109490493642
3389.0,169450.0,169193.0,50.0,-1.7522318026949981
3390.0,169500.0,169243.0,50.0,-2.4335930983739265
3391.0,169550.0,169293.0,50.0,-1.4184453832877768
3392.0,169600.0,169343.0,50.0,-1.2118829978427788
3393.0,169650.0,169393.0,50.0,-2.0027734017609786
3394.0,169700.0,169443.0,50.0,-2.0598653205240662
3395.0,169750.0,169493.0,50.0,-1.1296960497459938
3396.0,169800.0,169543.0,50.0,-1.1679800611002524
3397.0,169850.0,169593.0,50.0,-1.1335594372833109
3398.0,169900.0,169643.0,50.0,-2.481871374103155
3399.0,169950.0,169693.0,50.0,-2.8931743896525886
3400.0,170000.0,169743.0,50.0,-1.605068679633803
3401.0,170050.0,169793.0,50.0,-1.9301770042231658
3402.0,170100.0,169843.0,50.0,-3.1313339628761505
3403.0,170150.0,169893.0,50.0,-1.7792055948471495
3404.0,170200.0,169943.0,50.0,-2.0466553882748832
3405.0,170250.0,169993.0,50.0,-2.050190834765506
3406.0,170300.0,170043.0,50.0,-1.6659604069229783
3407.0,170350.0,170093.0,50.0,-1.7802132424480983
3408.0,170400.0,170143.0,50.0,-1.6057115118687801
3409.0,170450.0,170193.0,50.0,-1.043362781669239
3410.0,170500.0,170243.0,50.0,-1.632139388815128
3411.0,170550.0,170293.0,50.0,-2.098389539259903
3412.0,170600.0,170343.0,50.0,-0.9930888310259782
3413.0,170650.0,170393.0,50.0,-2.2376265456388236
3414.0,170700.0,170443.0,50.0,-1.8559320441743516
3415.0,170750.0,170493.0,50.0,-1.4861620075296647
3416.0,170800.0,170543.0,50.0,-2.6014899460348833
3417.0,170850.0,170593.0,50.0,-2.8451850630418822
3418.0,170900.0,170643.0,50.0,-1.524059820291238
3419.0,170950.0,170693.0,50.0,-2.6022166006242182
3420.0,171000.0,170743.0,50.0,-1.258150651776655
3421.0,171050.0,170793.0,50.0,-2.1854243910165168
3422.0,171100.0,170843.0,50.0,-1.82741126541073
3423.0,171150.0,170893.0,50.0,-1.2124376113253974
3424.0,171200.0,170943.0,50.0,-1.8270581575024827
3425.0,171250.0,170993.0,50.0,-2.491661464660554
3426.0,171300.0,171043.0,50.0,-1.6546402082097025
3427.0,171350.0,171093.0,50.0,-1.8618370855642146
3428.0,171400.0,171143.0,50.0,-1.3976660233674605
3429.0,171450.0,171193.0,50.0,-1.8493427055206832
3430.0,171500.0,171243.0,50.0,-1.285958394528924
3431.0,171550.0,171293.0,50.0,-2.1103769575375226
3432.0,171600.0,171343.0,50.0,-1.6377914354768797
3433.0,171650.0,171393.0,50.0,-1.1644032562697624
3434.0,171700.0,171443.0,50.0,-1.4674665634613575
3435.0,171750.0,171493.0,50.0,-1.33869255141457
3436.0,171800.0,171543.0,50.0,-1.8046744784126012
3437.0,171850.0,171593.0,50.0,-2.0657331859871575
3438.0,171900.0,171643.0,50.0,-1.819325734099186
3439.0,171950.0,171693.0,50.0,-1.503263411714749
3440.0,172000.0,171743.0,50.0,-1.735368963464369
3441.0,172050.0,171793.0,50.0,-1.43561620309604
3442.0,172100.0,171843.0,50.0,-2.159610517221296
3443.0,172150.0,171893.0,50.0,-1.8119359689179146
3444.0,172200.0,171943.0,50.0,-1.1246581896176508
3445.0,172250.0,171993.0,50.0,-1.751100985853685
3446.0,172300.0,172043.0,50.0,-2.6315991894007555
3447.0,172350.0,172093.0,50.0,-2.0724820931110783
3448.0,172400.0,172143.0,50.0,-1.5665771025300657
3449.0,172450.0,172193.0,50.0,-1.8594754271422256
3450.0,172500.0,172243.0,50.0,-1.3175960455022804
3451.0,172550.0,172293.0,50.0,-1.383150225056065
3452.0,172600.0,172343.0,50.0,-1.5236383828804099
3453.0,172650.0,172393.0,50.0,-1.6866540095099205
3454.0,172700.0,172443.0,50.0,-1.1783291990979519
3455.0,172750.0,172493.0,50.0,-1.411962213204403
3456.0,172800.0,172543.0,50.0,-1.1298295691046314
3457.0,172850.0,172593.0,50.0,-1.5983865511800184
3458.0,172900.0,172643.0,50.0,-1.7015196812769302
3459.0,172950.0,172693.0,50.0,-1.7021951559470572
3460.0,173000.0,172743.0,50.0,-1.5466837117969934
3461.0,173050.0,172793.0,50.0,-0.6440573031988049
3462.0,173100.0,172843.0,50.0,-2.210786431712491
3463.0,173150.0,172893.0,50.0,-0.8954089145682865
3464.0,173200.0,172943.0,50.0,-2.1155049637934957
3465.0,173250.0,172993.0,50.0,-2.0303344477180465
3466.0,173300.0,173043.0,50.0,-2.1545687791927066
3467.0,173350.0,173093.0,50.0,-2.3260824843256014
3468.0,173400.0,173143.0,50.0,-1.1331724399692793
3469.0,173450.0,173193.0,50.0,-1.3355283978987766
3470.0,173500.0,173243.0,50.0,-1.7213345367923323
3471.0,173550.0,173293.0,50.0,-1.4400422182262393
3472.0,173600.0,173343.0,50.0,-2.2543679698852603
3473.0,173650.0,173393.0,50.0,-1.252324541563467
3474.0,173700.0,173443.0,50.0,-2.133960206698518
3475.0,173750.0,173493.0,50.0,-2.2165045598338073
3476.0,173800.0,173543.0,50.0,-1.4894051101655752
3477.0,173850.0,173593.0,50.0,-1.5667302613590095
3478.0,173900.0,173643.0,50.0,-1.5912568908419293
3479.0,173950.0,173693.0,50.0,-2.625220351505227
3480.0,174000.0,173743.0,50.0,-1.8834019797054296
3481.0,174050.0,173793.0,50.0,-2.936535144057927
3482.0,174100.0,173843.0,50.0,-2.281254638529441
3483.0,174150.0,173893.0,50.0,-3.0734824387742847
3484.0,174200.0,173943.0,50.0,-1.3963319717738425
3485.0,174250.0,173993.0,50.0,-2.2526732156983544
3486.0,174300.0,174043.0,50.0,-2.141354844477337
3487.0,174350.0,174093.0,50.0,-3.437870021667537
3488.0,174400.0,174143.0,50.0,-2.3681073804840223
3489.0,174450.0,174193.0,50.0,-2.0487234792143316
3490.0,174500.0,174243.0,50.0,-2.0499819624379927
3491.0,174550.0,174293.0,50.0,-2.345661320064048
3492.0,174600.0,174343.0,50.0,-1.2723697717532472
3493.0,174650.0,174393.0,50.0,-1.247538336100412
3494.0,174700.0,174443.0,50.0,-1.393914906888153
3495.0,174750.0,174493.0,50.0,-1.4886744032506216
3496.0,174800.0,174543.0,50.0,-2.2083543771757177
3497.0,174850.0,174593.0,50.0,-1.6524952887425206
3498.0,174900.0,174643.0,50.0,-2.3706198694038094
3499.0,174950.0,174693.0,50.0,-1.9718739566448409
3500.0,175000.0,174743.0,50.0,-2.6148734648618497
3501.0,175050.0,174793.0,50.0,-2.2323293954781835
3502.0,175100.0,174843.0,50.0,-1.9167964256703767
3503.0,175150.0,174893.0,50.0,-2.8446222825463687
3504.0,175200.0,174943.0,50.0,-1.3833347893275731
3505.0,175250.0,174993.0,50.0,-1.3596095281471934
3506.0,175300.0,175043.0,50.0,-2.4303866808611323
3507.0,175350.0,175093.0,50.0,-1.824511250588371
3508.0,175400.0,175143.0,50.0,-1.3082189784411433
3509.0,175450.0,175193.0,50.0,-1.9068235232121475
3510.0,175500.0,175243.0,50.0,-1.449837467858804
3511.0,175550.0,175293.0,50.0,-1.8118887659806726
3512.0,175600.0,175343.0,50.0,-1.2909207270857679
3513.0,175650.0,175393.0,50.0,-1.9317457793338455
3514.0,175700.0,175443.0,50.0,-1.9805300623089797
3515.0,175750.0,175493.0,50.0,-1.7443186719815778
3516.0,175800.0,175543.0,50.0,-2.336963244010807
3517.0,175850.0,175593.0,50.0,-2.533545174852876
3518.0,175900.0,175643.0,50.0,-2.1501252675092046
3519.0,175950.0,175693.0,50.0,-1.280159119745901
3520.0,176000.0,175743.0,50.0,-2.412129402615582
3521.0,176050.0,175793.0,50.0,-1.2027034269469625
3522.0,176100.0,175843.0,50.0,-2.6191509880152632
3523.0,176150.0,175893.0,50.0,-0.9443238848107425
3524.0,176200.0,175943.0,50.0,-1.4922173694454002
3525.0,176250.0,175993.0,50.0,-2.1296019096140895
3526.0,176300.0,176043.0,50.0,-1.3906060137048295
3527.0,176350.0,176093.0,50.0,-1.1329044176515815
3528.0,176400.0,176143.0,50.0,-3.8066911859063506
3529.0,176450.0,176193.0,50.0,-2.2997147876091453
3530.0,176500.0,176243.0,50.0,-2.2658113191733094
3531.0,176550.0,176293.0,50.0,-1.4416591552224753
3532.0,176600.0,176343.0,50.0,-2.0862188112266002
3533.0,176650.0,176393.0,50.0,-1.6201940688505356
3534.0,176700.0,176443.0,50.0,-2.0112283106735402
3535.0,176750.0,176493.0,50.0,-1.6105891336631073
3536.0,176800.0,176543.0,50.0,-1.3819561169132013
3537.0,176850.0,176593.0,50.0,-1.3873479115939287
3538.0,176900.0,176643.0,50.0,-2.4333853389146967
3539.0,176950.0,176693.0,50.0,-2.4018039015221135
3540.0,177000.0,176743.0,50.0,-2.28547969572089
3541.0,177050.0,176793.0,50.0,-1.836704509952546
3542.0,177100.0,176843.0,50.0,-2.4548218953234935
3543.0,177150.0,176893.0,50.0,-1.6554998942913874
3544.0,177200.0,176943.0,50.0,-2.786939168107408
3545.0,177250.0,176993.0,50.0,-2.4522242823248535
3546.0,177300.0,177043.0,50.0,-2.4089610747267995
3547.0,177350.0,177093.0,50.0,-1.843504620154908
3548.0,177400.0,177143.0,50.0,-1.8296302665502762
3549.0,177450.0,177193.0,50.0,-1.403896231554955
3550.0,177500.0,177243.0,50.0,-1.749842563807324
3551.0,177550.0,177293.0,50.0,-2.5921260386494196
3552.0,177600.0,177343.0,50.0,-2.6698519882585803
3553.0,177650.0,177393.0,50.0,-2.500219044833287
3554.0,177700.0,177443.0,50.0,-1.6875175164988814
3555.0,177750.0,177493.0,50.0,-2.491151669925601
3556.0,177800.0,177543.0,50.0,-1.764773182632867
3557.0,177850.0,177593.0,50.0,-1.1175804012277082
3558.0,177900.0,177643.0,50.0,-2.320894215907715
3559.0,177950.0,177693.0,50.0,-1.7652740438294006
3560.0,178000.0,177743.0,50.0,-0.7776228694500708
3561.0,178050.0,177793.0,50.0,-1.6413887752555645
3562.0,178100.0,177843.0,50.0,-0.7855169363187173
3563.0,178150.0,177893.0,50.0,-2.050185312591005
3564.0,178200.0,177943.0,50.0,-1.5871604734838252
3565.0,178250.0,177993.0,50.0,-1.2434079121636148
3566.0,178300.0,178043.0,50.0,-1.5088932761284808
3567.0,178350.0,178093.0,50.0,-1.3548544466304613
3568.0,178400.0,178143.0,50.0,-1.425079575053334
3569.0,178450.0,178193.0,50.0,-2.9044548937751182
3570.0,178500.0,178243.0,50.0,-2.1194336387561226
3571.0,178550.0,178293.0,50.0,-1.9721923256956664
3572.0,178600.0,178343.0,50.0,-1.94801663121079
3573.0,178650.0,178393.0,50.0,-1.7584848721505784
3574.0,178700.0,178443.0,50.0,-1.4151557311043688
3575.0,178750.0,178493.0,50.0,-1.3425944502396305
3576.0,178800.0,178543.0,50.0,-2.5681993996969408
3577.0,178850.0,178593.0,50.0,-1.1831526547013744
3578.0,178900.0,178643.0,50.0,-1.5503522208427072
3579.0,178950.0,178693.0,50.0,-1.1311500727248152
3580.0,179000.0,178743.0,50.0,-1.7938873044333015
3581.0,179050.0,178793.0,50.0,-1.627725919432411
3582.0,179100.0,178843.0,50.0,-1.637019289958414
3583.0,179150.0,178893.0,50.0,-1.4851678564627964
3584.0,179200.0,178943.0,50.0,-1.8766262215706306
3585.0,179250.0,178993.0,50.0,-3.328259742509218
3586.0,179300.0,179043.0,50.0,-2.1872188033660347
3587.0,179350.0,179093.0,50.0,-1.3746729205284527
3588.0,179400.0,179143.0,50.0,-3.0877903233818467
3589.0,179450.0,179193.0,50.0,-2.511002755030171
3590.0,179500.0,179243.0,50.0,-0.9479468793356071
3591.0,179550.0,179293.0,50.0,-1.675871741250876
3592.0,179600.0,179343.0,50.0,-1.7444653192190653
3593.0,179650.0,179393.0,50.0,-2.1339032332079197
3594.0,179700.0,179443.0,50.0,-1.8960954724421604
3595.0,179750.0,179493.0,50.0,-2.1327204093195276
3596.0,179800.0,179543.0,50.0,-2.010257233899121
3597.0,179850.0,179593.0,50.0,-1.0573370408144132
3598.0,179900.0,179643.0,50.0,-1.679569958031761
3599.0,179950.0,179693.0,50.0,-1.0347790233506096
3600.0,180000.0,179743.0,50.0,-1.4963688462863711
3601.0,180050.0,179793.0,50.0,-1.7550720018112964
3602.0,180100.0,179843.0,50.0,-2.2945697924310746
3603.0,180150.0,179893.0,50.0,-1.9821123861514596
3604.0,180200.0,179943.0,50.0,-1.9507301373192574
3605.0,180250.0,179993.0,50.0,-1.1087190875708322
3606.0,180300.0,180043.0,50.0,-1.389301972582061
3607.0,180350.0,180093.0,50.0,-2.650230647140969
3608.0,180400.0,180143.0,50.0,-1.2941580267077517
3609.0,180450.0,180193.0,50.0,-2.4265567275536175
3610.0,180500.0,180243.0,50.0,-1.7306110970641604
3611.0,180550.0,180293.0,50.0,-2.1419468858146073
3612.0,180600.0,180343.0,50.0,-1.2327415066672163
3613.0,180650.0,180393.0,50.0,-1.577818278820354
3614.0,180700.0,180443.0,50.0,-1.5542947528441458
3615.0,180750.0,180493.0,50.0,-2.8790368386439984
3616.0,180800.0,180543.0,50.0,-1.1830603083549867
3617.0,180850.0,180593.0,50.0,-1.9586800930920703
3618.0,180900.0,180643.0,50.0,-1.8870142103283254
3619.0,180950.0,180693.0,50.0,-1.0909027806364593
3620.0,181000.0,180743.0,50.0,-1.3209275548851518
3621.0,181050.0,180793.0,50.0,-1.9054114018232076
3622.0,181100.0,180843.0,50.0,-2.4016459952870033
3623.0,181150.0,180893.0,50.0,-1.3789660584142591
3624.0,181200.0,180943.0,50.0,-2.7974183684944562
3625.0,181250.0,180993.0,50.0,-1.0729592152540406
3626.0,181300.0,181043.0,50.0,-1.518578993940899
3627.0,181350.0,181093.0,50.0,-1.8916826017906243
3628.0,181400.0,181143.0,50.0,-1.1845454253372807
3629.0,181450.0,181193.0,50.0,-2.165608580395041
3630.0,181500.0,181243.0,50.0,-2.396092644012848
3631.0,181550.0,181293.0,50.0,-1.5482742511246061
3632.0,181600.0,181343.0,50.0,-1.1989633934482515
3633.0,181650.0,181393.0,50.0,-1.3262828971487828
3634.0,181700.0,181443.0,50.0,-0.6650488589295722
3635.0,181750.0,181493.0,50.0,-1.7640545851003966
3636.0,181800.0,181543.0,50.0,-1.259135343656734
3637.0,181850.0,181593.0,50.0,-2.000284143976768
3638.0,181900.0,181643.0,50.0,-2.4212547228366526
3639.0,181950.0,181693.0,50.0,-2.4021039481744957
3640.0,182000.0,181743.0,50.0,-3.0947695888619564
3641.0,182050.0,181793.0,50.0,-2.5269450123854384
3642.0,182100.0,181843.0,50.0,-1.7618020638836023
3643.0,182150.0,181893.0,50.0,-2.7818595397341603
3644.0,182200.0,181943.0,50.0,-1.4642765228820849
3645.0,182250.0,181993.0,50.0,-1.5931657760227893
3646.0,182300.0,182043.0,50.0,-1.3028299565510288
3647.0,182350.0,182093.0,50.0,-1.2161091442781207
3648.0,182400.0,182143.0,50.0,-2.2724857646556527
3649.0,182450.0,182193.0,50.0,-2.078820816131704
3650.0,182500.0,182243.0,50.0,-1.4004017995319658
3651.0,182550.0,182293.0,50.0,-2.469012532292877
3652.0,182600.0,182343.0,50.0,-2.784424730240202
3653.0,182650.0,182393.0,50.0,-1.5895689481462156
3654.0,182700.0,182443.0,50.0,-2.8484454461448148
3655.0,182750.0,182493.0,50.0,-1.4400175256345509
3656.0,182800.0,182543.0,50.0,-1.9061502407321906
3657.0,182850.0,182593.0,50.0,-1.6263885810780283
3658.0,182900.0,182643.0,50.0,-2.0353854808630065
3659.0,182950.0,182693.0,50.0,-1.9168493243548979
3660.0,183000.0,182743.0,50.0,-1.3960114357686755
3661.0,183050.0,182793.0,50.0,-2.048845352235818
3662.0,183100.0,182843.0,50.0,-1.728201940433797
3663.0,183150.0,182893.0,50.0,-1.6896944951452038
3664.0,183200.0,182943.0,50.0,-1.9765962045765373
3665.0,183250.0,182993.0,50.0,-2.264723593909813
3666.0,183300.0,183043.0,50.0,-1.0399310453686854
3667.0,183350.0,183093.0,50.0,-0.8148720079223177
3668.0,183400.0,183143.0,50.0,-2.1360261924389823
3669.0,183450.0,183193.0,50.0,-1.6005412885691472
3670.0,183500.0,183243.0,50.0,-2.566017823780394
3671.0,183550.0,183293.0,50.0,-1.591224566087156
3672.0,183600.0,183343.0,50.0,-3.2001409756029
3673.0,183650.0,183393.0,50.0,-1.8934779265163648
3674.0,183700.0,183443.0,50.0,-2.0206426963299378
3675.0,183750.0,183493.0,50.0,-1.3466110810279772
3676.0,183800.0,183543.0,50.0,-1.2963259491124806
3677.0,183850.0,183593.0,50.0,-2.2712678052656763
3678.0,183900.0,183643.0,50.0,-1.4602743809254577
3679.0,183950.0,183693.0,50.0,-1.3307892400431753
3680.0,184000.0,183743.0,50.0,-2.8306972555447434
3681.0,184050.0,183793.0,50.0,-3.0279331699023038
3682.0,184100.0,183843.0,50.0,-1.241913080264797
3683.0,184150.0,183893.0,50.0,-1.6847779905356595
3684.0,184200.0,183943.0,50.0,-1.684997586618341
3685.0,184250.0,183993.0,50.0,-2.3410178794911594
3686.0,184300.0,184043.0,50.0,-1.524399700595568
3687.0,184350.0,184093.0,50.0,-2.0044282393304313
3688.0,184400.0,184143.0,50.0,-2.0228769025775253
3689.0,184450.0,184193.0,50.0,-1.4860270476186805
3690.0,184500.0,184243.0,50.0,-1.4399076674157727
3691.0,184550.0,184293.0,50.0,-1.888747230809946
3692.0,184600.0,184343.0,50.0,-0.9991209271055359
3693.0,184650.0,184393.0,50.0,-1.3957598346547644
3694.0,184700.0,184443.0,50.0,-2.349579500686144
3695.0,184750.0,184493.0,50.0,-1.169531213832093
3696.0,184800.0,184543.0,50.0,-1.9763904523320661
3697.0,184850.0,184593.0,50.0,-0.8513376204196944
3698.0,184900.0,184643.0,50.0,-2.29893339038437
3699.0,184950.0,184693.0,50.0,-1.6176366846795984
3700.0,185000.0,184743.0,50.0,-1.4862809009631364
3701.0,185050.0,184793.0,50.0,-1.89649163112847
3702.0,185100.0,184843.0,50.0,-1.9521504003107684
3703.0,185150.0,184893.0,50.0,-1.6825127623500429
3704.0,185200.0,184943.0,50.0,-1.5995558093058717
3705.0,185250.0,184993.0,50.0,-2.3365001116831565
3706.0,185300.0,185043.0,50.0,-1.6539707831384125
3707.0,185350.0,185093.0,50.0,-1.5386577624912094
3708.0,185400.0,185143.0,50.0,-2.6762056373535428
3709.0,185450.0,185193.0,50.0,-1.2548625356104106
3710.0,185500.0,185243.0,50.0,-2.167379228639825
3711.0,185550.0,185293.0,50.0,-1.621206901236215
3712.0,185600.0,185343.0,50.0,-1.645012335404714
3713.0,185650.0,185393.0,50.0,-1.3749863816656975
3714.0,185700.0,185443.0,50.0,-2.473899148571409
3715.0,185750.0,185493.0,50.0,-1.5786785309190796
3716.0,185800.0,185543.0,50.0,-1.7038205916198974
3717.0,185850.0,185593.0,50.0,-1.9342429085515196
3718.0,185900.0,185643.0,50.0,-1.2365139264662226
3719.0,185950.0,185693.0,50.0,-2.085317622898814
3720.0,186000.0,185743.0,50.0,-1.8991525313267028
3721.0,186050.0,185793.0,50.0,-1.2259136008461877
3722.0,186100.0,185843.0,50.0,-2.1616058197059522
3723.0,186150.0,185893.0,50.0,-1.9575135828229095
3724.0,186200.0,185943.0,50.0,-2.0215821645831094
3725.0,186250.0,185993.0,50.0,-2.1336160370740553
3726.0,186300.0,186043.0,50.0,-2.14390596113233
3727.0,186350.0,186093.0,50.0,-2.178092666332518
3728.0,186400.0,186143.0,50.0,-1.5927715177621171
3729.0,186450.0,186193.0,50.0,-0.936730929105566
3730.0,186500.0,186243.0,50.0,-2.506401790180853
3731.0,186550.0,186293.0,50.0,-2.065164754841815
3732.0,186600.0,186343.0,50.0,-1.7030751027943147
3733.0,186650.0,186393.0,50.0,-2.7063566925750924
3734.0,186700.0,186443.0,50.0,-1.7739273200352
3735.0,186750.0,186493.0,50.0,-1.1566163132426155
3736.0,186800.0,186543.0,50.0,-0.9032465477001425
3737.0,186850.0,186593.0,50.0,-1.0603127066664315
3738.0,186900.0,186643.0,50.0,-1.4623101109850274
3739.0,186950.0,186693.0,50.0,-1.5423800585623246
3740.0,187000.0,186743.0,50.0,-1.600211434654645
3741.0,187050.0,186793.0,50.0,-1.5741644418698946
3742.0,187100.0,186843.0,50.0,-1.5958126987922667
3743.0,187150.0,186893.0,50.0,-1.5534285036303064
3744.0,187200.0,186943.0,50.0,-1.7634416917584654
3745.0,187250.0,186993.0,50.0,-0.9044638417559004
3746.0,187300.0,187043.0,50.0,-2.6190463191795748
3747.0,187350.0,187093.0,50.0,-1.2032407610302567
3748.0,187400.0,187143.0,50.0,-1.489678480128855
3749.0,187450.0,187193.0,50.0,-0.7526852587354538
3750.0,187500.0,187243.0,50.0,-1.803936797653401
3751.0,187550.0,187293.0,50.0,-2.704777819422267
3752.0,187600.0,187343.0,50.0,-1.5325104485568017
3753.0,187650.0,187393.0,50.0,-1.650003472503238
3754.0,187700.0,187443.0,50.0,-0.9391692819802133
3755.0,187750.0,187493.0,50.0,-1.2759687313345744
3756.0,187800.0,187543.0,50.0,-1.6473754855153175
3757.0,187850.0,187593.0,50.0,-2.003471504819021
3758.0,187900.0,187643.0,50.0,-2.9520875228173966
3759.0,187950.0,187693.0,50.0,-1.218671611401701
3760.0,188000.0,187743.0,50.0,-2.3040137180503724
3761.0,188050.0,187793.0,50.0,-2.4364675515521763
3762.0,188100.0,187843.0,50.0,-1.817872573395474
3763.0,188150.0,187893.0,50.0,-0.6286936095809332
3764.0,188200.0,187943.0,50.0,-2.2830704463506644
3765.0,188250.0,187993.0,50.0,-1.4552232597582524
3766.0,188300.0,188043.0,50.0,-1.9455470445302714
3767.0,188350.0,188093.0,50.0,-1.470411990915091
3768.0,188400.0,188143.0,50.0,-1.091183832930393
3769.0,188450.0,188193.0,50.0,-1.8526887423394542
3770.0,188500.0,188243.0,50.0,-1.5463495507883938
3771.0,188550.0,188293.0,50.0,-1.165500577132263
3772.0,188600.0,188343.0,50.0,-2.4077841593840836
3773.0,188650.0,188393.0,50.0,-1.8906284036779397
3774.0,188700.0,188443.0,50.0,-2.1156058459535094
3775.0,188750.0,188493.0,50.0,-3.302522906329446
3776.0,188800.0,188543.0,50.0,-1.0894568916551246
3777.0,188850.0,188593.0,50.0,-0.9504496335462547
3778.0,188900.0,188643.0,50.0,-1.3516358195299158
3779.0,188950.0,188693.0,50.0,-1.8545879568003332
3780.0,189000.0,188743.0,50.0,-1.8976989487656026
3781.0,189050.0,188793.0,50.0,-2.4030431137475188
3782.0,189100.0,188843.0,50.0,-1.2295098487441536
3783.0,189150.0,188893.0,50.0,-1.192488330882586
3784.0,189200.0,188943.0,50.0,-2.52287605505581
3785.0,189250.0,188993.0,50.0,-2.677868775669753
3786.0,189300.0,189043.0,50.0,-1.2438024710168245
3787.0,189350.0,189093.0,50.0,-3.1566278459449233
3788.0,189400.0,189143.0,50.0,-1.0433030435354413
3789.0,189450.0,189193.0,50.0,-2.0918196673978984
3790.0,189500.0,189243.0,50.0,-2.057473348664453
3791.0,189550.0,189293.0,50.0,-2.2055192459084823
3792.0,189600.0,189343.0,50.0,-2.1286034959861664
3793.0,189650.0,189393.0,50.0,-1.7478115070183506
3794.0,189700.0,189443.0,50.0,-2.565849150861057
3795.0,189750.0,189493.0,50.0,-1.4764771405406825
3796.0,189800.0,189543.0,50.0,-1.600442619465532
3797.0,189850.0,189593.0,50.0,-1.481692430195255
3798.0,189900.0,189643.0,50.0,-0.9886121859774939
3799.0,189950.0,189693.0,50.0,-1.3219138974369662
3800.0,190000.0,189743.0,50.0,-2.130867155055508
3801.0,190050.0,189793.0,50.0,-1.0599572142536688
3802.0,190100.0,189843.0,50.0,-1.7361480649052978
3803.0,190150.0,189893.0,50.0,-1.8244982425303364
3804.0,190200.0,189943.0,50.0,-1.501237422538162
3805.0,190250.0,189993.0,50.0,-1.6973758367538632
3806.0,190300.0,190043.0,50.0,-1.5062709810279502
3807.0,190350.0,190093.0,50.0,-1.7125838083461886
3808.0,190400.0,190143.0,50.0,-1.2270178759209456
3809.0,190450.0,190193.0,50.0,-1.7123268579057562
3810.0,190500.0,190243.0,50.0,-1.1608455195858645
3811.0,190550.0,190293.0,50.0,-1.4983813091868696
3812.0,190600.0,190343.0,50.0,-1.7814219752220495
3813.0,190650.0,190393.0,50.0,-2.2514927633120134
3814.0,190700.0,190443.0,50.0,-2.6774082118931446
3815.0,190750.0,190493.0,50.0,-1.8028831061755182
3816.0,190800.0,190543.0,50.0,-1.8081248071725617
3817.0,190850.0,190593.0,50.0,-1.5407579800197626
3818.0,190900.0,190643.0,50.0,-1.747193522118823
3819.0,190950.0,190693.0,50.0,-2.8657795502387398
3820.0,191000.0,190743.0,50.0,-0.9484629958228961
3821.0,191050.0,190793.0,50.0,-1.1795085708228412
3822.0,191100.0,190843.0,50.0,-1.7754389092371612
3823.0,191150.0,190893.0,50.0,-1.4442491110984195
3824.0,191200.0,190943.0,50.0,-1.697731832710759
3825.0,191250.0,190993.0,50.0,-1.9855452980405297
3826.0,191300.0,191043.0,50.0,-1.5230494191128192
3827.0,191350.0,191093.0,50.0,-3.2044526884043862
3828.0,191400.0,191143.0,50.0,-1.7132296739150026
3829.0,191450.0,191193.0,50.0,-1.6207303320746531
3830.0,191500.0,191243.0,50.0,-1.8391044173932678
3831.0,191550.0,191293.0,50.0,-0.8446689038968485
3832.0,191600.0,191343.0,50.0,-1.15072926813932
3833.0,191650.0,191393.0,50.0,-2.8119825600550437
3834.0,191700.0,191443.0,50.0,-2.661545010911794
3835.0,191750.0,191493.0,50.0,-1.229161621139644
3836.0,191800.0,191543.0,50.0,-1.2907123349946312
3837.0,191850.0,191593.0,50.0,-1.0481668154816204
3838.0,191900.0,191643.0,50.0,-3.1910625354784967
3839.0,191950.0,191693.0,50.0,-1.6403914348959818
3840.0,192000.0,191743.0,50.0,-1.0968914473574503
3841.0,192050.0,191793.0,50.0,-1.630674114436111
3842.0,192100.0,191843.0,50.0,-1.0765600501590507
3843.0,192150.0,191893.0,50.0,-0.7711993043874428
3844.0,192200.0,191943.0,50.0,-0.6801231118349225
3845.0,192250.0,191993.0,50.0,-1.178821151026658
3846.0,192300.0,192043.0,50.0,-1.4299733123649996
3847.0,192350.0,192093.0,50.0,-1.2419238342698198
3848.0,192400.0,192143.0,50.0,-1.334641403509668
3849.0,192450.0,192193.0,50.0,-1.6454642186150035
3850.0,192500.0,192243.0,50.0,-1.541027052790658
3851.0,192550.0,192293.0,50.0,-1.4245840621027632
3852.0,192600.0,192343.0,50.0,-1.5814517773322365
3853.0,192650.0,192393.0,50.0,-1.7684026535978103
3854.0,192700.0,192443.0,50.0,-1.1761753816863068
3855.0,192750.0,192493.0,50.0,-1.7927640069064987
3856.0,192800.0,192543.0,50.0,-1.97622031655605
3857.0,192850.0,192593.0,50.0,-2.0015299484621267
3858.0,192900.0,192643.0,50.0,-1.4716263853262768
3859.0,192950.0,192693.0,50.0,-1.4691988365751445
3860.0,193000.0,192743.0,50.0,-3.306506778980239
3861.0,193050.0,192793.0,50.0,-1.4014354062872232
3862.0,193100.0,192843.0,50.0,-1.940135638767777
3863.0,193150.0,192893.0,50.0,-0.796410193520833
3864.0,193200.0,192943.0,50.0,-1.563965539066587
3865.0,193250.0,192993.0,50.0,-1.5558313373894042
3866.0,193300.0,193043.0,50.0,-1.0638132754210603
3867.0,193350.0,193093.0,50.0,-2.0243522440511637
3868.0,193400.0,193143.0,50.0,-1.1783550639283906
3869.0,193450.0,193193.0,50.0,-1.840128541799903
3870.0,193500.0,193243.0,50.0,-1.5701104123708003
3871.0,193550.0,193293.0,50.0,-1.8603176369998786
3872.0,193600.0,193343.0,50.0,-1.3971402960291295
3873.0,193650.0,193393.0,50.0,-1.1654923706554077
3874.0,193700.0,193443.0,50.0,-2.2428827140898937
3875.0,193750.0,193493.0,50.0,-1.1342476467436973
3876.0,193800.0,193543.0,50.0,-1.6673482206327055
3877.0,193850.0,193593.0,50.0,-1.568380103092485
3878.0,193900.0,193643.0,50.0,-0.7070432543834462
3879.0,193950.0,193693.0,50.0,-3.023479958024072
3880.0,194000.0,193743.0,50.0,-1.980289695508728
3881.0,194050.0,193793.0,50.0,-1.7825190762148306
3882.0,194100.0,193843.0,50.0,-1.8973411420161728
3883.0,194150.0,193893.0,50.0,-0.7739140107769502
3884.0,194200.0,193943.0,50.0,-1.3426767871753302
3885.0,194250.0,193993.0,50.0,-1.7538254385988896
3886.0,194300.0,194043.0,50.0,-1.5669475133236732
3887.0,194350.0,194093.0,50.0,-1.1193298673996872
3888.0,194400.0,194143.0,50.0,-1.6152767884428965
3889.0,194450.0,194193.0,50.0,-1.2346525504557169
3890.0,194500.0,194243.0,50.0,-1.601662231658763
3891.0,194550.0,194293.0,50.0,-0.8111404204844156
3892.0,194600.0,194343.0,50.0,-1.977985127989923
3893.0,194650.0,194393.0,50.0,-1.0647634577027687
3894.0,194700.0,194443.0,50.0,-1.5169370487022464
3895.0,194750.0,194493.0,50.0,-1.5144767327829387
3896.0,194800.0,194543.0,50.0,-2.3778993887422932
3897.0,194850.0,194593.0,50.0,-2.2501926192706843
3898.0,194900.0,194643.0,50.0,-1.629920685889668
3899.0,194950.0,194693.0,50.0,-1.5638996300570895
3900.0,195000.0,194743.0,50.0,-1.187420817626305
3901.0,195050.0,194793.0,50.0,-1.9995232082072392
3902.0,195100.0,194843.0,50.0,-1.5385556128068192
3903.0,195150.0,194893.0,50.0,-2.461498502692092
3904.0,195200.0,194943.0,50.0,-2.8548938627128044
3905.0,195250.0,194993.0,50.0,-2.1796852881115227
3906.0,195300.0,195043.0,50.0,-1.7548159509790555
3907.0,195350.0,195093.0,50.0,-0.9453080039024534
3908.0,195400.0,195143.0,50.0,-1.2882408149881925
3909.0,195450.0,195193.0,50.0,-1.6618127575751473
3910.0,195500.0,195243.0,50.0,-1.2242087782040025
3911.0,195550.0,195293.0,50.0,-0.8759633344627851
3912.0,195600.0,195343.0,50.0,-1.155250348852496
3913.0,195650.0,195393.0,50.0,-1.9163712794449097
3914.0,195700.0,195443.0,50.0,-1.040123754198528
3915.0,195750.0,195493.0,50.0,-0.9077741496182788
3916.0,195800.0,195543.0,50.0,-1.638881687971918
3917.0,195850.0,195593.0,50.0,-0.6754084563707862
3918.0,195900.0,195643.0,50.0,-1.2904097234817837
3919.0,195950.0,195693.0,50.0,-2.040119390826512
3920.0,196000.0,195743.0,50.0,-1.662644379831819
3921.0,196050.0,195793.0,50.0,-1.2337906604650495
3922.0,196100.0,195843.0,50.0,-1.3249165484712917
3923.0,196150.0,195893.0,50.0,-2.4823630866221564
3924.0,196200.0,195943.0,50.0,-2.655839079778929
3925.0,196250.0,195993.0,50.0,-1.9986112073139504
3926.0,196300.0,196043.0,50.0,-1.0490027285760566
3927.0,196350.0,196093.0,50.0,-1.3470544355933283
3928.0,196400.0,196143.0,50.0,-0.9173422908250922
3929.0,196450.0,196193.0,50.0,-1.4758821303261684
3930.0,196500.0,196243.0,50.0,-1.2407077257750028
3931.0,196550.0,196293.0,50.0,-2.4581341535060437
3932.0,196600.0,196343.0,50.0,-1.9687051049764879
3933.0,196650.0,196393.0,50.0,-2.0985274098590923
3934.0,196700.0,196443.0,50.0,-1.2188440730595345
3935.0,196750.0,196493.0,50.0,-2.3545676305731074
3936.0,196800.0,196543.0,50.0,-0.7416250373201634
3937.0,196850.0,196593.0,50.0,-1.496913975668638
3938.0,196900.0,196643.0,50.0,-2.8763954580941067
3939.0,196950.0,196693.0,50.0,-1.458566797525008
3940.0,197000.0,196743.0,50.0,-2.285870004718996
3941.0,197050.0,196793.0,50.0,-1.313023338185248
3942.0,197100.0,196843.0,50.0,-1.1974197618132392
3943.0,197150.0,196893.0,50.0,-2.2707397789727843
3944.0,197200.0,196943.0,50.0,-1.935646621084782
3945.0,197250.0,196993.0,50.0,-1.8348002930246516
3946.0,197300.0,197043.0,50.0,-1.3989112989641728
3947.0,197350.0,197093.0,50.0,-1.5656233372756438
3948.0,197400.0,197143.0,50.0,-1.428561530444647
3949.0,197450.0,197193.0,50.0,-2.16085736171825
3950.0,197500.0,197243.0,50.0,-1.8440782533029834
3951.0,197550.0,197293.0,50.0,-1.2841609963683684
3952.0,197600.0,197343.0,50.0,-1.10264260541563
3953.0,197650.0,197393.0,50.0,-2.601982951458217
3954.0,197700.0,197443.0,50.0,-1.4215724866084085
3955.0,197750.0,197493.0,50.0,-2.1994791873109856
3956.0,197800.0,197543.0,50.0,-2.081595376822507
3957.0,197850.0,197593.0,50.0,-1.6082687640363975
3958.0,197900.0,197643.0,50.0,-1.1435751365841185
3959.0,197950.0,197693.0,50.0,-2.26326019249193
3960.0,198000.0,197743.0,50.0,-0.9477169081132945
3961.0,198050.0,197793.0,50.0,-1.85842301065175
3962.0,198100.0,197843.0,50.0,-1.4770811657741854
3963.0,198150.0,197893.0,50.0,-2.776543273775477
3964.0,198200.0,197943.0,50.0,-2.007376570659788
3965.0,198250.0,197993.0,50.0,-1.7369657272532601
3966.0,198300.0,198043.0,50.0,-1.1402674304096667
3967.0,198350.0,198093.0,50.0,-1.2208959729790394
3968.0,198400.0,198143.0,50.0,-2.2361597028528366
3969.0,198450.0,198193.0,50.0,-1.9171176675723411
3970.0,198500.0,198243.0,50.0,-1.4664470125115516
3971.0,198550.0,198293.0,50.0,-1.852633011428027
3972.0,198600.0,198343.0,50.0,-1.5889812227199753
3973.0,198650.0,198393.0,50.0,-0.9657414485968011
3974.0,198700.0,198443.0,50.0,-1.0400217096573219
3975.0,198750.0,198493.0,50.0,-1.849023107974789
3976.0,198800.0,198543.0,50.0,-1.2517809983571493
3977.0,198850.0,198593.0,50.0,-1.2123673469086786
3978.0,198900.0,198643.0,50.0,-1.1459007542985844
3979.0,198950.0,198693.0,50.0,-2.5219142242864683
3980.0,199000.0,198743.0,50.0,-2.4481933630514034
3981.0,199050.0,198793.0,50.0,-2.376529467368204
3982.0,199100.0,198843.0,50.0,-2.118250261424373
3983.0,199150.0,198893.0,50.0,-2.0422096970438015
3984.0,199200.0,198943.0,50.0,-1.7732782817375878
3985.0,199250.0,198993.0,50.0,-0.9983533326851108
3986.0,199300.0,199043.0,50.0,-1.0870687306456603
3987.0,199350.0,199093.0,50.0,-2.621533727168386
3988.0,199400.0,199143.0,50.0,-1.7738878902727715
3989.0,199450.0,199193.0,50.0,-1.2104544869754426
3990.0,199500.0,199243.0,50.0,-1.6005741544384138
3991.0,199550.0,199293.0,50.0,-1.766350004001483
3992.0,199600.0,199343.0,50.0,-1.2400089227416395
3993.0,199650.0,199393.0,50.0,-1.5462337502163732
3994.0,199700.0,199443.0,50.0,-1.7114911916788573
3995.0,199750.0,199493.0,50.0,-1.9489676286509219
3996.0,199800.0,199543.0,50.0,-1.1664027029965967
3997.0,199850.0,199593.0,50.0,-1.564645538309939
3998.0,199900.0,199643.0,50.0,-1.1464691495823234
3999.0,199950.0,199693.0,50.0,-2.9261247769474474
4000.0,200000.0,199743.0,50.0,-2.3944796224393228
4001.0,200050.0,199793.0,50.0,-3.049237709711562
4002.0,200100.0,199843.0,50.0,-1.3508632059347894
4003.0,200150.0,199893.0,50.0,-2.251520083346652
4004.0,200200.0,199943.0,50.0,-1.0308093782056966
4005.0,200250.0,199993.0,50.0,-2.4816475745873583
4006.0,200300.0,200043.0,50.0,-1.6519132681968525
4007.0,200350.0,200093.0,50.0,-1.4594212728939573
4008.0,200400.0,200143.0,50.0,-2.649029737125935
4009.0,200450.0,200193.0,50.0,-2.191738224518197
4010.0,200500.0,200243.0,50.0,-1.3943126690350927
4011.0,200550.0,200293.0,50.0,-2.071585804326078
4012.0,200600.0,200343.0,50.0,-1.275692070036684
4013.0,200650.0,200393.0,50.0,-1.0234987804791162
4014.0,200700.0,200443.0,50.0,-1.1870581347613693
4015.0,200750.0,200493.0,50.0,-1.312479991400937
4016.0,200800.0,200543.0,50.0,-1.0448177211111669
4017.0,200850.0,200593.0,50.0,-1.5099960137798902
4018.0,200900.0,200643.0,50.0,-0.8096901482235134
4019.0,200950.0,200693.0,50.0,-0.9339634429182176
4020.0,201000.0,200743.0,50.0,-1.3138381682126807
4021.0,201050.0,200793.0,50.0,-1.6366221348458143
4022.0,201100.0,200843.0,50.0,-1.7527820688863567
4023.0,201150.0,200893.0,50.0,-2.0099358484160508
4024.0,201200.0,200943.0,50.0,-1.7931474575294206
4025.0,201250.0,200993.0,50.0,-2.823804854890344
4026.0,201300.0,201043.0,50.0,-0.795657205632056
4027.0,201350.0,201093.0,50.0,-1.7393149110736528
4028.0,201400.0,201143.0,50.0,-0.9265436702639988
4029.0,201450.0,201193.0,50.0,-1.3766168308235347
4030.0,201500.0,201243.0,50.0,-2.0349624108549342
4031.0,201550.0,201293.0,50.0,-1.8425130762739135
4032.0,201600.0,201343.0,50.0,-1.2182294094452764
4033.0,201650.0,201393.0,50.0,-1.2242016079763187
4034.0,201700.0,201443.0,50.0,-1.9081396825445922
4035.0,201750.0,201493.0,50.0,-1.3613431404226992
4036.0,201800.0,201543.0,50.0,-2.212934940641853
4037.0,201850.0,201593.0,50.0,-1.4489087855309721
4038.0,201900.0,201643.0,50.0,-2.3012992544383226
4039.0,201950.0,201693.0,50.0,-0.8953765501753241
4040.0,202000.0,201743.0,50.0,-1.5085209597146623
4041.0,202050.0,201793.0,50.0,-2.855671336068684
4042.0,202100.0,201843.0,50.0,-1.1241702339160389
4043.0,202150.0,201893.0,50.0,-1.231586583499275
4044.0,202200.0,201943.0,50.0,-1.385569729324479
4045.0,202250.0,201993.0,50.0,-1.053665131416953
4046.0,202300.0,202043.0,50.0,-2.0614593568099124
4047.0,202350.0,202093.0,50.0,-1.4201300469860587
4048.0,202400.0,202143.0,50.0,-1.5769799819688854
4049.0,202450.0,202193.0,50.0,-1.3081204143630074
4050.0,202500.0,202243.0,50.0,-1.2612944378663162
4051.0,202550.0,202293.0,50.0,-2.848805211379297
4052.0,202600.0,202343.0,50.0,-2.5339151599186054
4053.0,202650.0,202393.0,50.0,-0.7481157707708889
4054.0,202700.0,202443.0,50.0,-1.7371935029413679
4055.0,202750.0,202493.0,50.0,-1.0196134021660277
4056.0,202800.0,202543.0,50.0,-2.033671266342573
4057.0,202850.0,202593.0,50.0,-1.2991917336839145
4058.0,202900.0,202643.0,50.0,-2.6322756626319492
4059.0,202950.0,202693.0,50.0,-0.9611597297554481
4060.0,203000.0,202743.0,50.0,-0.8150213085947847
4061.0,203050.0,202793.0,50.0,-1.1897106993537137
4062.0,203100.0,202843.0,50.0,-1.1956594707233543
4063.0,203150.0,202893.0,50.0,-0.984577891305701
4064.0,203200.0,202943.0,50.0,-0.903552137064629
4065.0,203250.0,202993.0,50.0,-1.6747771843370998
4066.0,203300.0,203043.0,50.0,-1.3735234191154617
4067.0,203350.0,203093.0,50.0,-2.664526288554823
4068.0,203400.0,203143.0,50.0,-1.7690008280010114
4069.0,203450.0,203193.0,50.0,-3.3988883077748944
4070.0,203500.0,203243.0,50.0,-2.038488528738229
4071.0,203550.0,203293.0,50.0,-1.107897742045209
4072.0,203600.0,203343.0,50.0,-1.067145818000788
4073.0,203650.0,203393.0,50.0,-1.6484048168659742
4074.0,203700.0,203443.0,50.0,-0.9629633995015761
4075.0,203750.0,203493.0,50.0,-2.307775361262494
4076.0,203800.0,203543.0,50.0,-2.052530068341459
4077.0,203850.0,203593.0,50.0,-1.7875373562542731
4078.0,203900.0,203643.0,50.0,-1.5698619890919634
4079.0,203950.0,203693.0,50.0,-2.2502797512807997
4080.0,204000.0,203743.0,50.0,-2.2978099731218604
4081.0,204050.0,203793.0,50.0,-1.5230213182857015
4082.0,204100.0,203843.0,50.0,-1.9258433172152107
4083.0,204150.0,203893.0,50.0,-0.9857189971941747
4084.0,204200.0,203943.0,50.0,-1.1362957205964608
4085.0,204250.0,203993.0,50.0,-0.8817515178477264
4086.0,204300.0,204043.0,50.0,-1.1553037028130329
4087.0,204350.0,204093.0,50.0,-1.508697832382806
4088.0,204400.0,204143.0,50.0,-2.48833562108674
4089.0,204450.0,204193.0,50.0,-2.218678490440753
4090.0,204500.0,204243.0,50.0,-1.7609573403943621
4091.0,204550.0,204293.0,50.0,-1.891271258770126
4092.0,204600.0,204343.0,50.0,-1.7703546503629342
4093.0,204650.0,204393.0,50.0,-1.8061943733419539
4094.0,204700.0,204443.0,50.0,-2.038657035912456
4095.0,204750.0,204493.0,50.0,-1.4696444014352659
4096.0,204800.0,204543.0,50.0,-2.623004555213182
4097.0,204850.0,204593.0,50.0,-1.712576422803456
4098.0,204900.0,204643.0,50.0,-1.394273141348411
4099.0,204950.0,204693.0,50.0,-1.5308381417481827
4100.0,205000.0,204743.0,50.0,-2.442216186920286
4101.0,205050.0,204793.0,50.0,-1.2549820254958766
4102.0,205100.0,204843.0,50.0,-1.2188971027091267
4103.0,205150.0,204893.0,50.0,-1.8432729579966316
4104.0,205200.0,204943.0,50.0,-1.464180863003865
4105.0,205250.0,204993.0,50.0,-1.7487925152292016
4106.0,205300.0,205043.0,50.0,-1.1452526019078226
4107.0,205350.0,205093.0,50.0,-1.5819621837942148
4108.0,205400.0,205143.0,50.0,-2.3578994643582036
4109.0,205450.0,205193.0,50.0,-1.8011119225089378
4110.0,205500.0,205243.0,50.0,-1.539619149019979
4111.0,205550.0,205293.0,50.0,-2.758537176047463
4112.0,205600.0,205343.0,50.0,-1.9313673424338604
4113.0,205650.0,205393.0,50.0,-1.2208924821037919
4114.0,205700.0,205443.0,50.0,-1.1404981656418782
4115.0,205750.0,205493.0,50.0,-1.451153634593723
4116.0,205800.0,205543.0,50.0,-2.1634363383509605
4117.0,205850.0,205593.0,50.0,-2.103497709556526
4118.0,205900.0,205643.0,50.0,-1.734988755396015
4119.0,205950.0,205693.0,50.0,-1.761350526913063
4120.0,206000.0,205743.0,50.0,-2.1712872050609477
4121.0,206050.0,205793.0,50.0,-0.898936323367151
4122.0,206100.0,205843.0,50.0,-1.3253394266934262
4123.0,206150.0,205893.0,50.0,-1.6160413453189981
4124.0,206200.0,205943.0,50.0,-0.8875932693170187
4125.0,206250.0,205993.0,50.0,-2.1457747495588477
4126.0,206300.0,206043.0,50.0,-0.8578593665290182
4127.0,206350.0,206093.0,50.0,-1.75511313504098
4128.0,206400.0,206143.0,50.0,-0.9458584559045572
4129.0,206450.0,206193.0,50.0,-0.9974042876948186
4130.0,206500.0,206243.0,50.0,-1.4861570550204488
4131.0,206550.0,206293.0,50.0,-2.8223493393780585
4132.0,206600.0,206343.0,50.0,-1.0162348602428464
4133.0,206650.0,206393.0,50.0,-2.419037310781056
4134.0,206700.0,206443.0,50.0,-1.8301210505736005
4135.0,206750.0,206493.0,50.0,-1.102681628250447
4136.0,206800.0,206543.0,50.0,-1.420802152390471
4137.0,206850.0,206593.0,50.0,-0.9526049783511823
4138.0,206900.0,206643.0,50.0,-1.3188386498172162
4139.0,206950.0,206693.0,50.0,-1.5599158558621262
4140.0,207000.0,206743.0,50.0,-2.360009283095461
4141.0,207050.0,206793.0,50.0,-1.542155906483848
4142.0,207100.0,206843.0,50.0,-2.205177215641208
4143.0,207150.0,206893.0,50.0,-1.579649719591888
4144.0,207200.0,206943.0,50.0,-2.1884272768310185
4145.0,207250.0,206993.0,50.0,-2.037366721624186
4146.0,207300.0,207043.0,50.0,-1.5641477555088406
4147.0,207350.0,207093.0,50.0,-1.8676167861943707
4148.0,207400.0,207143.0,50.0,-1.5646769758770815
4149.0,207450.0,207193.0,50.0,-1.5900366710133862
4150.0,207500.0,207243.0,50.0,-1.8557923662466334
4151.0,207550.0,207293.0,50.0,-1.6840024940252134
4152.0,207600.0,207343.0,50.0,-1.6289985980965478
4153.0,207650.0,207393.0,50.0,-1.0834575050648445
4154.0,207700.0,207443.0,50.0,-1.893431464677972
4155.0,207750.0,207493.0,50.0,-1.437944900365738
4156.0,207800.0,207543.0,50.0,-1.7838113286309816
4157.0,207850.0,207593.0,50.0,-2.2501180455764347
4158.0,207900.0,207643.0,50.0,-2.418137956819494
4159.0,207950.0,207693.0,50.0,-1.0797506889876392
4160.0,208000.0,207743.0,50.0,-1.4876752432311748
4161.0,208050.0,207793.0,50.0,-1.6009523311522298
4162.0,208100.0,207843.0,50.0,-1.7881321606459408
4163.0,208150.0,207893.0,50.0,-1.843724745258124
4164.0,208200.0,207943.0,50.0,-1.1364540834385808
4165.0,208250.0,207993.0,50.0,-1.401562776094796
4166.0,208300.0,208043.0,50.0,-1.1109251522329326
4167.0,208350.0,208093.0,50.0,-1.5786966742106454
4168.0,208400.0,208143.0,50.0,-1.176729644743209
4169.0,208450.0,208193.0,50.0,-1.3256258726016505
4170.0,208500.0,208243.0,50.0,-1.3243511087529742
4171.0,208550.0,208293.0,50.0,-2.3766034663531004
4172.0,208600.0,208343.0,50.0,-0.8630164380820968
4173.0,208650.0,208393.0,50.0,-1.8523125631085038
4174.0,208700.0,208443.0,50.0,-1.2891444975195048
4175.0,208750.0,208493.0,50.0,-2.2230231652727013
4176.0,208800.0,208543.0,50.0,-1.0931162102773813
4177.0,208850.0,208593.0,50.0,-0.7328226273931941
4178.0,208900.0,208643.0,50.0,-0.8488620460692204
4179.0,208950.0,208693.0,50.0,-1.9986405179312163
4180.0,209000.0,208743.0,50.0,-1.000780202725718
4181.0,209050.0,208793.0,50.0,-1.5058563667247746
4182.0,209100.0,208843.0,50.0,-1.7741891445981985
4183.0,209150.0,208893.0,50.0,-1.9991906999766667
4184.0,209200.0,208943.0,50.0,-1.6179953400357876
4185.0,209250.0,208993.0,50.0,-1.4167995193669658
4186.0,209300.0,209043.0,50.0,-2.301808660303256
4187.0,209350.0,209093.0,50.0,-1.2048882476101215
4188.0,209400.0,209143.0,50.0,-1.8347180719392193
4189.0,209450.0,209193.0,50.0,-1.2161677225912308
4190.0,209500.0,209243.0,50.0,-1.5545352504483254
4191.0,209550.0,209293.0,50.0,-1.6629602051535584
4192.0,209600.0,209343.0,50.0,-1.231818097442489
4193.0,209650.0,209393.0,50.0,-1.6298828397529985
4194.0,209700.0,209443.0,50.0,-2.493382789188181
4195.0,209750.0,209493.0,50.0,-2.2797504084127236
4196.0,209800.0,209543.0,50.0,-1.8014432952211543
4197.0,209850.0,209593.0,50.0,-2.122994298966982
4198.0,209900.0,209643.0,50.0,-1.858311695453213
4199.0,209950.0,209693.0,50.0,-1.0794157345432387
4200.0,210000.0,209743.0,50.0,-1.9558805191797637
4201.0,210050.0,209793.0,50.0,-2.5056059266090904
4202.0,210100.0,209843.0,50.0,-1.1965297149975929
4203.0,210150.0,209893.0,50.0,-1.7491531070507864
4204.0,210200.0,209943.0,50.0,-1.3250064625912854
4205.0,210250.0,209993.0,50.0,-2.980286022823394
4206.0,210300.0,210043.0,50.0,-1.1084232323625762
4207.0,210350.0,210093.0,50.0,-1.9692199818741554
4208.0,210400.0,210143.0,50.0,-1.6230724852231901
4209.0,210450.0,210193.0,50.0,-2.6464912628850703
4210.0,210500.0,210243.0,50.0,-1.3032714414953013
4211.0,210550.0,210293.0,50.0,-1.1835508493223446
4212.0,210600.0,210343.0,50.0,-1.6393432067118243
4213.0,210650.0,210393.0,50.0,-1.8715724886056053
4214.0,210700.0,210443.0,50.0,-1.1607581853752176
4215.0,210750.0,210493.0,50.0,-0.7501582307679766
4216.0,210800.0,210543.0,50.0,-1.8147931252452334
4217.0,210850.0,210593.0,50.0,-1.1462669864361366
4218.0,210900.0,210643.0,50.0,-2.046576781680844
4219.0,210950.0,210693.0,50.0,-1.9526359208239619
4220.0,211000.0,210743.0,50.0,-1.1732191382177763
4221.0,211050.0,210793.0,50.0,-2.0827076124068546
4222.0,211100.0,210843.0,50.0,-2.525883048281543
4223.0,211150.0,210893.0,50.0,-1.541998584345901
4224.0,211200.0,210943.0,50.0,-0.8834703559077136
4225.0,211250.0,210993.0,50.0,-1.6381004182902679
4226.0,211300.0,211043.0,50.0,-0.7057301857954191
4227.0,211350.0,211093.0,50.0,-1.827327869757312
4228.0,211400.0,211143.0,50.0,-1.0455848531002492
4229.0,211450.0,211193.0,50.0,-1.4647000288584608
4230.0,211500.0,211243.0,50.0,-1.9994143728012663
4231.0,211550.0,211293.0,50.0,-1.153281794264912
4232.0,211600.0,211343.0,50.0,-1.5289469906073527
4233.0,211650.0,211393.0,50.0,-1.7963916598661924
4234.0,211700.0,211443.0,50.0,-1.097661979328599
4235.0,211750.0,211493.0,50.0,-1.73287640232348
4236.0,211800.0,211543.0,50.0,-1.1863222923768504
4237.0,211850.0,211593.0,50.0,-1.6097793847806359
4238.0,211900.0,211643.0,50.0,-2.138909512480973
4239.0,211950.0,211693.0,50.0,-0.7185642348354184
4240.0,212000.0,211743.0,50.0,-2.4457122142216243
4241.0,212050.0,211793.0,50.0,-1.0418175793444135
4242.0,212100.0,211843.0,50.0,-1.7793347345045403
4243.0,212150.0,211893.0,50.0,-1.318507851592838
4244.0,212200.0,211943.0,50.0,-1.5101251758625391
4245.0,212250.0,211993.0,50.0,-1.0778978573051174
4246.0,212300.0,212043.0,50.0,-1.4845553502053541
4247.0,212350.0,212093.0,50.0,-1.9178008257973191
4248.0,212400.0,212143.0,50.0,-2.1784566962635896
4249.0,212450.0,212193.0,50.0,-2.2951735615312985
4250.0,212500.0,212243.0,50.0,-1.1576530616505714
4251.0,212550.0,212293.0,50.0,-0.9069575896582724
4252.0,212600.0,212343.0,50.0,-1.338081214217975
4253.0,212650.0,212393.0,50.0,-1.2312340065861724
4254.0,212700.0,212443.0,50.0,-0.8700018937700468
4255.0,212750.0,212493.0,50.0,-1.885282128515997
4256.0,212800.0,212543.0,50.0,-1.3354845228617849
4257.0,212850.0,212593.0,50.0,-1.8898426637689203
4258.0,212900.0,212643.0,50.0,-2.1243214462726563
4259.0,212950.0,212693.0,50.0,-1.2108727307500735
4260.0,213000.0,212743.0,50.0,-2.7248693771257244
4261.0,213050.0,212793.0,50.0,-2.418112793496344
4262.0,213100.0,212843.0,50.0,-1.2927939350015554
4263.0,213150.0,212893.0,50.0,-2.141876823451933
4264.0,213200.0,212943.0,50.0,-1.3641326122959383
4265.0,213250.0,212993.0,50.0,-2.201048185864033
4266.0,213300.0,213043.0,50.0,-2.107450498397112
4267.0,213350.0,213093.0,50.0,-1.1245111651556725
4268.0,213400.0,213143.0,50.0,-1.6567246020752753
4269.0,213450.0,213193.0,50.0,-1.2839242108726738
4270.0,213500.0,213243.0,50.0,-2.1897832811593965
4271.0,213550.0,213293.0,50.0,-1.1799683474045335
4272.0,213600.0,213343.0,50.0,-1.957325284670894
4273.0,213650.0,213393.0,50.0,-3.4302445778718114
4274.0,213700.0,213443.0,50.0,-0.9097343900902068
4275.0,213750.0,213493.0,50.0,-1.378807477316169
4276.0,213800.0,213543.0,50.0,-0.952119138426153
4277.0,213850.0,213593.0,50.0,-1.269905782680942
4278.0,213900.0,213643.0,50.0,-1.4152311650704756
4279.0,213950.0,213693.0,50.0,-1.399323285817066
4280.0,214000.0,213743.0,50.0,-1.3617316910509933
4281.0,214050.0,213793.0,50.0,-1.8875685559948325
4282.0,214100.0,213843.0,50.0,-1.874324142221569
4283.0,214150.0,213893.0,50.0,-1.6453788247992367
4284.0,214200.0,213943.0,50.0,-2.3329011500776904
4285.0,214250.0,213993.0,50.0,-1.073154040630538
4286.0,214300.0,214043.0,50.0,-1.769036973898571
4287.0,214350.0,214093.0,50.0,-1.4151341658837087
4288.0,214400.0,214143.0,50.0,-1.7646308154726271
4289.0,214450.0,214193.0,50.0,-1.2659831791855733
4290.0,214500.0,214243.0,50.0,-2.5085000297904982
4291.0,214550.0,214293.0,50.0,-2.6327183095425557
4292.0,214600.0,214343.0,50.0,-2.6940614724741834
4293.0,214650.0,214393.0,50.0,-1.7231157231052232
4294.0,214700.0,214443.0,50.0,-2.794512544349962
4295.0,214750.0,214493.0,50.0,-1.1679888237962743
4296.0,214800.0,214543.0,50.0,-2.9058627235157792
4297.0,214850.0,214593.0,50.0,-1.491300078337509
4298.0,214900.0,214643.0,50.0,-2.493798176612244
4299.0,214950.0,214693.0,50.0,-2.446665264254341
4300.0,215000.0,214743.0,50.0,-0.9305734244011142
4301.0,215050.0,214793.0,50.0,-0.9959066582729139
4302.0,215100.0,214843.0,50.0,-1.2201990431828926
4303.0,215150.0,214893.0,50.0,-1.4182974567694018
4304.0,215200.0,214943.0,50.0,-1.104800570318607
4305.0,215250.0,214993.0,50.0,-0.9375627672213186
4306.0,215300.0,215043.0,50.0,-1.429432159516125
4307.0,215350.0,215093.0,50.0,-2.084955969242688
4308.0,215400.0,215143.0,50.0,-1.6863529986758456
4309.0,215450.0,215193.0,50.0,-2.3001973540683083
4310.0,215500.0,215243.0,50.0,-1.7527874157717211
4311.0,215550.0,215293.0,50.0,-2.0880784136734616
4312.0,215600.0,215343.0,50.0,-1.331465230830807
4313.0,215650.0,215393.0,50.0,-2.0464123413256607
4314.0,215700.0,215443.0,50.0,-2.502124762605772
4315.0,215750.0,215493.0,50.0,-1.6998754537129992
4316.0,215800.0,215543.0,50.0,-2.2462142127411155
4317.0,215850.0,215593.0,50.0,-2.26147010535342
4318.0,215900.0,215643.0,50.0,-1.2236299159894333
4319.0,215950.0,215693.0,50.0,-1.1092339385630738
4320.0,216000.0,215743.0,50.0,-2.115860065831075
4321.0,216050.0,215793.0,50.0,-2.3152815857224764
4322.0,216100.0,215843.0,50.0,-2.1660883893147598
4323.0,216150.0,215893.0,50.0,-1.1930792669826615
4324.0,216200.0,215943.0,50.0,-1.5561131528553578
4325.0,216250.0,215993.0,50.0,-1.3194322805704348
4326.0,216300.0,216043.0,50.0,-1.4466783347334664
4327.0,216350.0,216093.0,50.0,-2.2462675219852
4328.0,216400.0,216143.0,50.0,-2.997401669578228
4329.0,216450.0,216193.0,50.0,-1.3063653773752266
4330.0,216500.0,216243.0,50.0,-1.6827341870220558
4331.0,216550.0,216293.0,50.0,-2.286041079972226
4332.0,216600.0,216343.0,50.0,-0.9592831562341441
4333.0,216650.0,216393.0,50.0,-2.4234318043313885
4334.0,216700.0,216443.0,50.0,-1.8092661488277018
4335.0,216750.0,216493.0,50.0,-0.9593611756272883
4336.0,216800.0,216543.0,50.0,-1.3845440970449379
4337.0,216850.0,216593.0,50.0,-2.2118347237057447
4338.0,216900.0,216643.0,50.0,-2.217346965009151
4339.0,216950.0,216693.0,50.0,-2.2967617324655905
4340.0,217000.0,216743.0,50.0,-0.9018260170635165
4341.0,217050.0,216793.0,50.0,-1.888249008702502
4342.0,217100.0,216843.0,50.0,-1.5432010885597574
4343.0,217150.0,216893.0,50.0,-2.5654117135421
4344.0,217200.0,216943.0,50.0,-1.1381036585525242
4345.0,217250.0,216993.0,50.0,-0.6062296789724833
4346.0,217300.0,217043.0,50.0,-1.9117656694798526
4347.0,217350.0,217093.0,50.0,-2.3864232555871054
4348.0,217400.0,217143.0,50.0,-2.0863651275363986
4349.0,217450.0,217193.0,50.0,-1.2652959382789335
4350.0,217500.0,217243.0,50.0,-2.1860243327364954
4351.0,217550.0,217293.0,50.0,-2.276182100956435
4352.0,217600.0,217343.0,50.0,-1.2390841048276064
4353.0,217650.0,217393.0,50.0,-1.5625849892863275
4354.0,217700.0,217443.0,50.0,-0.9090960023796113
4355.0,217750.0,217493.0,50.0,-2.184024134215072
4356.0,217800.0,217543.0,50.0,-1.0226104278767845
4357.0,217850.0,217593.0,50.0,-2.7465420406514687
4358.0,217900.0,217643.0,50.0,-1.29613138806696
4359.0,217950.0,217693.0,50.0,-1.4727713589522027
4360.0,218000.0,217743.0,50.0,-2.206001720685132
4361.0,218050.0,217793.0,50.0,-1.0851564517038352
4362.0,218100.0,217843.0,50.0,-1.0796143371362534
4363.0,218150.0,217893.0,50.0,-1.6766557799572788
4364.0,218200.0,217943.0,50.0,-2.189256933305237
4365.0,218250.0,217993.0,50.0,-2.1775464272716083
4366.0,218300.0,218043.0,50.0,-0.858223858206492
4367.0,218350.0,218093.0,50.0,-2.0935045242789885
4368.0,218400.0,218143.0,50.0,-2.588542052417264
4369.0,218450.0,218193.0,50.0,-2.1396639025743225
4370.0,218500.0,218243.0,50.0,-1.9635218136519814
4371.0,218550.0,218293.0,50.0,-1.2108636809185969
4372.0,218600.0,218343.0,50.0,-1.1545503443119085
4373.0,218650.0,218393.0,50.0,-1.4182338008360675
4374.0,218700.0,218443.0,50.0,-1.5584409598002391
4375.0,218750.0,218493.0,50.0,-1.0845825864479068
4376.0,218800.0,218543.0,50.0,-2.098620729365533
4377.0,218850.0,218593.0,50.0,-1.9422289465098832
4378.0,218900.0,218643.0,50.0,-1.3491268934071248
4379.0,218950.0,218693.0,50.0,-3.056296767419942
4380.0,219000.0,218743.0,50.0,-1.4748973550570839
4381.0,219050.0,218793.0,50.0,-1.2286250016131803
4382.0,219100.0,218843.0,50.0,-2.272528144094922
4383.0,219150.0,218893.0,50.0,-2.21602804824053
4384.0,219200.0,218943.0,50.0,-2.5963029339336696
4385.0,219250.0,218993.0,50.0,-2.1991239981958253
4386.0,219300.0,219043.0,50.0,-2.3405548118029564
4387.0,219350.0,219093.0,50.0,-2.10384556246824
4388.0,219400.0,219143.0,50.0,-1.1004255534736378
4389.0,219450.0,219193.0,50.0,-1.719126922753622
4390.0,219500.0,219243.0,50.0,-2.6648894188596057
4391.0,219550.0,219293.0,50.0,-2.068650865414619
4392.0,219600.0,219343.0,50.0,-2.1343165089122538
4393.0,219650.0,219393.0,50.0,-2.269893444774834
4394.0,219700.0,219443.0,50.0,-2.165352671975876
4395.0,219750.0,219493.0,50.0,-2.16799562434118
4396.0,219800.0,219543.0,50.0,-1.3532648561340883
4397.0,219850.0,219593.0,50.0,-1.3313459221216897
4398.0,219900.0,219643.0,50.0,-1.5975680673388684
4399.0,219950.0,219693.0,50.0,-1.1460147265148324
4400.0,220000.0,219743.0,50.0,-1.4060355394882043
4401.0,220050.0,219793.0,50.0,-1.03423416749394
4402.0,220100.0,219843.0,50.0,-1.4802700044256225
4403.0,220150.0,219893.0,50.0,-1.7662031714673114
4404.0,220200.0,219943.0,50.0,-2.890150585969676
4405.0,220250.0,219993.0,50.0,-1.825208929272557
4406.0,220300.0,220043.0,50.0,-1.099286580266974
4407.0,220350.0,220093.0,50.0,-1.946704947627309
4408.0,220400.0,220143.0,50.0,-1.3126737643462423
4409.0,220450.0,220193.0,50.0,-2.1475623902025927
4410.0,220500.0,220243.0,50.0,-1.4797067019733796
4411.0,220550.0,220293.0,50.0,-1.5152856247505635
4412.0,220600.0,220343.0,50.0,-2.1838749072386094
4413.0,220650.0,220393.0,50.0,-1.646008979085116
4414.0,220700.0,220443.0,50.0,-2.9823544085181455
4415.0,220750.0,220493.0,50.0,-1.5713368902663152
4416.0,220800.0,220543.0,50.0,-2.6248265398172936
4417.0,220850.0,220593.0,50.0,-1.8788142309757507
4418.0,220900.0,220643.0,50.0,-0.8354943001787236
4419.0,220950.0,220693.0,50.0,-1.3095584048467988
4420.0,221000.0,220743.0,50.0,-1.3023847875958323
4421.0,221050.0,220793.0,50.0,-1.658747994550829
4422.0,221100.0,220843.0,50.0,-1.473193587521208
4423.0,221150.0,220893.0,50.0,-1.3792482039169898
4424.0,221200.0,220943.0,50.0,-0.7870613991947164
4425.0,221250.0,220993.0,50.0,-1.8889253081151878
4426.0,221300.0,221043.0,50.0,-1.6101252932957621
4427.0,221350.0,221093.0,50.0,-2.0574953583383095
4428.0,221400.0,221143.0,50.0,-1.3810652334860856
4429.0,221450.0,221193.0,50.0,-2.322079040682701
4430.0,221500.0,221243.0,50.0,-1.7811400055753668
4431.0,221550.0,221293.0,50.0,-1.1672774538493196
4432.0,221600.0,221343.0,50.0,-1.7168889915023557
4433.0,221650.0,221393.0,50.0,-1.046064762984938
4434.0,221700.0,221443.0,50.0,-2.08107603338435
4435.0,221750.0,221493.0,50.0,-2.2481343562178844
4436.0,221800.0,221543.0,50.0,-1.08885899392243
4437.0,221850.0,221593.0,50.0,-1.7212895393766607
4438.0,221900.0,221643.0,50.0,-1.343227951941298
4439.0,221950.0,221693.0,50.0,-1.002411313539817
4440.0,222000.0,221743.0,50.0,-1.8514424200439616
4441.0,222050.0,221793.0,50.0,-1.3308755181459604
4442.0,222100.0,221843.0,50.0,-1.8577522869849115
4443.0,222150.0,221893.0,50.0,-2.086192812045292
4444.0,222200.0,221943.0,50.0,-1.6792290503952394
4445.0,222250.0,221993.0,50.0,-2.2552819068385745
4446.0,222300.0,222043.0,50.0,-1.419268417926277
4447.0,222350.0,222093.0,50.0,-2.7663581490812432
4448.0,222400.0,222143.0,50.0,-1.0639808528590957
4449.0,222450.0,222193.0,50.0,-1.743073068542254
4450.0,222500.0,222243.0,50.0,-1.7443313140068992
4451.0,222550.0,222293.0,50.0,-3.145619427191299
4452.0,222600.0,222343.0,50.0,-1.5522274837985073
4453.0,222650.0,222393.0,50.0,-0.9743522646608725
4454.0,222700.0,222443.0,50.0,-1.0752478092515656
4455.0,222750.0,222493.0,50.0,-2.4023325888854306
4456.0,222800.0,222543.0,50.0,-1.8102919075156554
4457.0,222850.0,222593.0,50.0,-1.9204710552728734
4458.0,222900.0,222643.0,50.0,-1.3352360717811835
4459.0,222950.0,222693.0,50.0,-1.4603171830070225
4460.0,223000.0,222743.0,50.0,-1.4368159569707302
4461.0,223050.0,222793.0,50.0,-1.0221460791739163
4462.0,223100.0,222843.0,50.0,-1.2215205219316245
4463.0,223150.0,222893.0,50.0,-1.873388117252084
4464.0,223200.0,222943.0,50.0,-2.4772859264024976
4465.0,223250.0,222993.0,50.0,-1.8286366636649567
4466.0,223300.0,223043.0,50.0,-1.583397480295996
4467.0,223350.0,223093.0,50.0,-1.997197161151101
4468.0,223400.0,223143.0,50.0,-1.446576196236045
4469.0,223450.0,223193.0,50.0,-2.165367402401826
4470.0,223500.0,223243.0,50.0,-0.9701631599024172
4471.0,223550.0,223293.0,50.0,-1.2674043667458414
4472.0,223600.0,223343.0,50.0,-1.267567620555153
4473.0,223650.0,223393.0,50.0,-1.7359505495780154
4474.0,223700.0,223443.0,50.0,-1.6315640123172124
4475.0,223750.0,223493.0,50.0,-2.060312965828351
4476.0,223800.0,223543.0,50.0,-1.2810136263960703
4477.0,223850.0,223593.0,50.0,-1.2445510164915492
4478.0,223900.0,223643.0,50.0,-1.8016276465071357
4479.0,223950.0,223693.0,50.0,-1.7201423645078253
4480.0,224000.0,223743.0,50.0,-0.932401693292745
4481.0,224050.0,223793.0,50.0,-1.8221387833982736
4482.0,224100.0,223843.0,50.0,-1.4315916490901808
4483.0,224150.0,223893.0,50.0,-2.391549922922742
4484.0,224200.0,223943.0,50.0,-2.023644395851006
4485.0,224250.0,223993.0,50.0,-1.1855159916668763
4486.0,224300.0,224043.0,50.0,-2.2490087759806965
4487.0,224350.0,224093.0,50.0,-0.9567551581452163
4488.0,224400.0,224143.0,50.0,-1.0267218621145533
4489.0,224450.0,224193.0,50.0,-1.9867825028682915
4490.0,224500.0,224243.0,50.0,-1.3499717919486545
4491.0,224550.0,224293.0,50.0,-2.6371626736965603
4492.0,224600.0,224343.0,50.0,-1.5453289372718237
4493.0,224650.0,224393.0,50.0,-1.0108879513712505
4494.0,224700.0,224443.0,50.0,-2.0947173572587308
4495.0,224750.0,224493.0,50.0,-1.2943497236830148
4496.0,224800.0,224543.0,50.0,-1.0853757348152018
4497.0,224850.0,224593.0,50.0,-1.0673920395049743
4498.0,224900.0,224643.0,50.0,-1.1080623107582863
4499.0,224950.0,224693.0,50.0,-2.8823009882364596
4500.0,225000.0,224743.0,50.0,-2.4217829043072285
4501.0,225050.0,224793.0,50.0,-1.1010492560284286
4502.0,225100.0,224843.0,50.0,-1.4309355180364507
4503.0,225150.0,224893.0,50.0,-1.7419957784724924
4504.0,225200.0,224943.0,50.0,-1.0138863762357786
4505.0,225250.0,224993.0,50.0,-0.9213813738058669
4506.0,225300.0,225043.0,50.0,-1.4667988019711018
4507.0,225350.0,225093.0,50.0,-1.844137266540744
4508.0,225400.0,225143.0,50.0,-1.271345157086854
4509.0,225450.0,225193.0,50.0,-0.840092847461666
4510.0,225500.0,225243.0,50.0,-0.9107428978770369
4511.0,225550.0,225293.0,50.0,-3.476688286515256
4512.0,225600.0,225343.0,50.0,-1.314942999201349
4513.0,225650.0,225393.0,50.0,-1.697232886371196
4514.0,225700.0,225443.0,50.0,-1.1293904864605653
4515.0,225750.0,225493.0,50.0,-1.4400181040448023
4516.0,225800.0,225543.0,50.0,-1.7143354745340047
4517.0,225850.0,225593.0,50.0,-2.4208281148357806
4518.0,225900.0,225643.0,50.0,-1.4178154403844523
4519.0,225950.0,225693.0,50.0,-1.512335911406736
4520.0,226000.0,225743.0,50.0,-1.37481591154373
4521.0,226050.0,225793.0,50.0,-2.198894989984029
4522.0,226100.0,225843.0,50.0,-1.3709712357185158
4523.0,226150.0,225893.0,50.0,-0.9444242185307903
4524.0,226200.0,225943.0,50.0,-2.1924134252481164
4525.0,226250.0,225993.0,50.0,-1.0893608218499193
4526.0,226300.0,226043.0,50.0,-2.0016849164466017
4527.0,226350.0,226093.0,50.0,-1.459358573497007
4528.0,226400.0,226143.0,50.0,-2.0521222299516424
4529.0,226450.0,226193.0,50.0,-0.6756110352060615
4530.0,226500.0,226243.0,50.0,-1.901827326336273
4531.0,226550.0,226293.0,50.0,-1.6506524353815
4532.0,226600.0,226343.0,50.0,-2.1265311683188783
4533.0,226650.0,226393.0,50.0,-0.7623744432331034
4534.0,226700.0,226443.0,50.0,-1.8465729151707675
4535.0,226750.0,226493.0,50.0,-1.649278962834634
4536.0,226800.0,226543.0,50.0,-1.217894417567749
4537.0,226850.0,226593.0,50.0,-1.3403482825873887
4538.0,226900.0,226643.0,50.0,-1.6443720184606614
4539.0,226950.0,226693.0,50.0,-1.705426525670285
4540.0,227000.0,226743.0,50.0,-2.588536893866267
4541.0,227050.0,226793.0,50.0,-1.392140446260979
4542.0,227100.0,226843.0,50.0,-2.296224592271163
4543.0,227150.0,226893.0,50.0,-1.67980901021557
4544.0,227200.0,226943.0,50.0,-0.928760351094433
4545.0,227250.0,226993.0,50.0,-1.359441660388966
4546.0,227300.0,227043.0,50.0,-2.063709575599072
4547.0,227350.0,227093.0,50.0,-1.5198857399695536
4548.0,227400.0,227143.0,50.0,-1.610466043160025
4549.0,227450.0,227193.0,50.0,-1.4905699582044367
4550.0,227500.0,227243.0,50.0,-2.096224031277379
4551.0,227550.0,227293.0,50.0,-3.052394875786491
4552.0,227600.0,227343.0,50.0,-2.312385505272279
4553.0,227650.0,227393.0,50.0,-1.9042499059628566
4554.0,227700.0,227443.0,50.0,-1.6125774661629673
4555.0,227750.0,227493.0,50.0,-1.5012563662241512
4556.0,227800.0,227543.0,50.0,-1.002345538103952
4557.0,227850.0,227593.0,50.0,-1.070214094863859
4558.0,227900.0,227643.0,50.0,-1.016750315268827
4559.0,227950.0,227693.0,50.0,-0.8620551099104979
4560.0,228000.0,227743.0,50.0,-1.8852556883272475
4561.0,228050.0,227793.0,50.0,-2.373554027905407
4562.0,228100.0,227843.0,50.0,-1.431503378217979
4563.0,228150.0,227893.0,50.0,-2.4174294113708696
4564.0,228200.0,227943.0,50.0,-1.6396575609342343
4565.0,228250.0,227993.0,50.0,-1.6764174841187367
4566.0,228300.0,228043.0,50.0,-1.289469827035066
4567.0,228350.0,228093.0,50.0,-0.9397089714945758
4568.0,228400.0,228143.0,50.0,-1.162634279798089
4569.0,228450.0,228193.0,50.0,-1.085230783685086
4570.0,228500.0,228243.0,50.0,-1.144354713087504
4571.0,228550.0,228293.0,50.0,-2.2564686115517976
4572.0,228600.0,228343.0,50.0,-1.887846966227873
4573.0,228650.0,228393.0,50.0,-1.517606143917381
4574.0,228700.0,228443.0,50.0,-1.4518221541254197
4575.0,228750.0,228493.0,50.0,-1.264842346224894
4576.0,228800.0,228543.0,50.0,-2.2332796223407194
4577.0,228850.0,228593.0,50.0,-2.0488803680638936
4578.0,228900.0,228643.0,50.0,-1.6994162474139312
4579.0,228950.0,228693.0,50.0,-1.1023744498446577
4580.0,229000.0,228743.0,50.0,-1.9026436525669266
4581.0,229050.0,228793.0,50.0,-1.5683890070443118
4582.0,229100.0,228843.0,50.0,-1.044268525106764
4583.0,229150.0,228893.0,50.0,-1.0466093895002833
4584.0,229200.0,228943.0,50.0,-0.9235771584414189
4585.0,229250.0,228993.0,50.0,-1.7358358151204687
4586.0,229300.0,229043.0,50.0,-1.5291817985035563
4587.0,229350.0,229093.0,50.0,-3.4947818194243583
4588.0,229400.0,229143.0,50.0,-1.1947660035472232
4589.0,229450.0,229193.0,50.0,-2.118901448723441
4590.0,229500.0,229243.0,50.0,-2.94455541918771
4591.0,229550.0,229293.0,50.0,-1.5051935141528334
4592.0,229600.0,229343.0,50.0,-1.630307715697591
4593.0,229650.0,229393.0,50.0,-1.8740401954024124
4594.0,229700.0,229443.0,50.0,-1.4112858687905543
4595.0,229750.0,229493.0,50.0,-1.7722756097813572
4596.0,229800.0,229543.0,50.0,-1.3122860721312164
4597.0,229850.0,229593.0,50.0,-1.1375861407763044
4598.0,229900.0,229643.0,50.0,-1.9381341448042846
4599.0,229950.0,229693.0,50.0,-0.9794391511141947
4600.0,230000.0,229743.0,50.0,-2.085324866375355
4601.0,230050.0,229793.0,50.0,-2.900403617638073
4602.0,230100.0,229843.0,50.0,-1.5984636613767234
4603.0,230150.0,229893.0,50.0,-1.528038738268147
4604.0,230200.0,229943.0,50.0,-1.4882678270605447
4605.0,230250.0,229993.0,50.0,-1.6599593507270032
4606.0,230300.0,230043.0,50.0,-1.7373256171414913
4607.0,230350.0,230093.0,50.0,-2.1666490159626313
4608.0,230400.0,230143.0,50.0,-1.6044877254757877
4609.0,230450.0,230193.0,50.0,-1.3208670268410867
4610.0,230500.0,230243.0,50.0,-1.5907181233690826
4611.0,230550.0,230293.0,50.0,-1.6036331002883863
4612.0,230600.0,230343.0,50.0,-1.3619210115785298
4613.0,230650.0,230393.0,50.0,-1.9276645264413046
4614.0,230700.0,230443.0,50.0,-2.9571207320999555
4615.0,230750.0,230493.0,50.0,-1.5721534535912607
4616.0,230800.0,230543.0,50.0,-1.4107336345172576
4617.0,230850.0,230593.0,50.0,-1.0394241002537392
4618.0,230900.0,230643.0,50.0,-1.682220945317347
4619.0,230950.0,230693.0,50.0,-1.5662082288258037
4620.0,231000.0,230743.0,50.0,-1.0134079178174742
4621.0,231050.0,230793.0,50.0,-1.8267422563949984
4622.0,231100.0,230843.0,50.0,-1.4831390407504634
4623.0,231150.0,230893.0,50.0,-1.9008209216799876
4624.0,231200.0,230943.0,50.0,-1.3501248291058445
4625.0,231250.0,230993.0,50.0,-2.1826612847803935
4626.0,231300.0,231043.0,50.0,-1.5267052795546494
4627.0,231350.0,231093.0,50.0,-0.9720162207407484
4628.0,231400.0,231143.0,50.0,-2.4057826916873957
4629.0,231450.0,231193.0,50.0,-1.5624021943474078
4630.0,231500.0,231243.0,50.0,-1.820390175861495
4631.0,231550.0,231293.0,50.0,-1.8791509505151724
4632.0,231600.0,231343.0,50.0,-1.7812169251075225
4633.0,231650.0,231393.0,50.0,-1.6488868915900274
4634.0,231700.0,231443.0,50.0,-1.4480779487694562
4635.0,231750.0,231493.0,50.0,-1.4132150528210439
4636.0,231800.0,231543.0,50.0,-0.9982195178187683
4637.0,231850.0,231593.0,50.0,-1.1607262395087425
4638.0,231900.0,231643.0,50.0,-1.1483437448206857
4639.0,231950.0,231693.0,50.0,-1.2984895339936575
4640.0,232000.0,231743.0,50.0,-2.36307684127687
4641.0,232050.0,231793.0,50.0,-1.8781095522065594
4642.0,232100.0,231843.0,50.0,-1.7203817045869465
4643.0,232150.0,231893.0,50.0,-1.2212387461163112
4644.0,232200.0,231943.0,50.0,-1.2933679625481906
4645.0,232250.0,231993.0,50.0,-1.7563829466723402
4646.0,232300.0,232043.0,50.0,-0.9919467852997385
4647.0,232350.0,232093.0,50.0,-1.7595742133158758
4648.0,232400.0,232143.0,50.0,-1.4298778661199927
4649.0,232450.0,232193.0,50.0,-0.9252520824660836
4650.0,232500.0,232243.0,50.0,-0.8656621208584739
4651.0,232550.0,232293.0,50.0,-1.8220574668003298
4652.0,232600.0,232343.0,50.0,-1.0668418036215321
4653.0,232650.0,232393.0,50.0,-1.7083892546457873
4654.0,232700.0,232443.0,50.0,-1.5055387513239156
4655.0,232750.0,232493.0,50.0,-3.073987578901093
4656.0,232800.0,232543.0,50.0,-1.4983178170543694
4657.0,232850.0,232593.0,50.0,-1.6225286898870457
4658.0,232900.0,232643.0,50.0,-1.469513296957537
4659.0,232950.0,232693.0,50.0,-1.4093059899411742
4660.0,233000.0,232743.0,50.0,-1.1987804398984114
4661.0,233050.0,232793.0,50.0,-1.7050262924569626
4662.0,233100.0,232843.0,50.0,-1.3830563800525644
4663.0,233150.0,232893.0,50.0,-2.9627992066060083
4664.0,233200.0,232943.0,50.0,-1.2741177261510601
4665.0,233250.0,232993.0,50.0,-1.9316252801404679
4666.0,233300.0,233043.0,50.0,-1.6596120012528648
4667.0,233350.0,233093.0,50.0,-2.4047301872548554
4668.0,233400.0,233143.0,50.0,-2.560291208762495
4669.0,233450.0,233193.0,50.0,-1.4946773354116867
4670.0,233500.0,233243.0,50.0,-1.6363851768298625
4671.0,233550.0,233293.0,50.0,-1.1917282626544745
4672.0,233600.0,233343.0,50.0,-3.4114342429359303
4673.0,233650.0,233393.0,50.0,-1.7881201990128974
4674.0,233700.0,233443.0,50.0,-1.0116579678876152
4675.0,233750.0,233493.0,50.0,-1.618727130857626
4676.0,233800.0,233543.0,50.0,-1.4834328791638944
4677.0,233850.0,233593.0,50.0,-1.2611238391765878
4678.0,233900.0,233643.0,50.0,-1.780051987313317
4679.0,233950.0,233693.0,50.0,-1.2818279211961496
4680.0,234000.0,233743.0,50.0,-1.3122408957790181
4681.0,234050.0,233793.0,50.0,-2.146329012920422
4682.0,234100.0,233843.0,50.0,-1.5053593496400963
4683.0,234150.0,233893.0,50.0,-1.4759085971206125
4684.0,234200.0,233943.0,50.0,-1.2965893472321053
4685.0,234250.0,233993.0,50.0,-1.929648948500161
4686.0,234300.0,234043.0,50.0,-1.4407235941446326
4687.0,234350.0,234093.0,50.0,-1.732386101513992
4688.0,234400.0,234143.0,50.0,-1.0634555331686397
4689.0,234450.0,234193.0,50.0,-1.1783569564466925
4690.0,234500.0,234243.0,50.0,-1.6210337564170496
4691.0,234550.0,234293.0,50.0,-1.1943700907890147
4692.0,234600.0,234343.0,50.0,-1.3964232235433718
4693.0,234650.0,234393.0,50.0,-1.5123988594856215
4694.0,234700.0,234443.0,50.0,-1.5046619270210768
4695.0,234750.0,234493.0,50.0,-1.290505290829161
4696.0,234800.0,234543.0,50.0,-1.313694904672091
4697.0,234850.0,234593.0,50.0,-1.648090218956838
4698.0,234900.0,234643.0,50.0,-1.1785224116336712
4699.0,234950.0,234693.0,50.0,-2.3560506809129853
4700.0,235000.0,234743.0,50.0,-1.5907994255139073
4701.0,235050.0,234793.0,50.0,-2.2248801074137803
4702.0,235100.0,234843.0,50.0,-2.5161733672043574
4703.0,235150.0,234893.0,50.0,-1.5644641590661001
4704.0,235200.0,234943.0,50.0,-1.6600151395280087
4705.0,235250.0,234993.0,50.0,-1.9578612810985576
4706.0,235300.0,235043.0,50.0,-1.8388112026350443
4707.0,235350.0,235093.0,50.0,-1.0038756077256346
4708.0,235400.0,235143.0,50.0,-1.587037844728561
4709.0,235450.0,235193.0,50.0,-1.0514838817380374
4710.0,235500.0,235243.0,50.0,-1.4612293025199505
4711.0,235550.0,235293.0,50.0,-1.7807420876576145
4712.0,235600.0,235343.0,50.0,-1.4280402969242016
4713.0,235650.0,235393.0,50.0,-1.3294445468416913
4714.0,235700.0,235443.0,50.0,-2.007253988104183
4715.0,235750.0,235493.0,50.0,-1.553885053423174
4716.0,235800.0,235543.0,50.0,-1.4472036510560058
4717.0,235850.0,235593.0,50.0,-2.138947064753495
4718.0,235900.0,235643.0,50.0,-1.7353036186613302
4719.0,235950.0,235693.0,50.0,-1.1457809645804526
4720.0,236000.0,235743.0,50.0,-2.174269569589056
4721.0,236050.0,235793.0,50.0,-2.0064276668880647
4722.0,236100.0,235843.0,50.0,-1.4725336549874668
4723.0,236150.0,235893.0,50.0,-1.91437500859876
4724.0,236200.0,235943.0,50.0,-1.5449041396415986
4725.0,236250.0,235993.0,50.0,-1.3350525208817507
4726.0,236300.0,236043.0,50.0,-1.7182210000313152
4727.0,236350.0,236093.0,50.0,-1.2290861739970698
4728.0,236400.0,236143.0,50.0,-1.6956602728459518
4729.0,236450.0,236193.0,50.0,-1.4228073559474095
4730.0,236500.0,236243.0,50.0,-3.0577531591386546
4731.0,236550.0,236293.0,50.0,-1.3016199077702293
4732.0,236600.0,236343.0,50.0,-1.7594360096298596
4733.0,236650.0,236393.0,50.0,-1.2330760319866034
4734.0,236700.0,236443.0,50.0,-1.1402359363383008
4735.0,236750.0,236493.0,50.0,-2.3963396721530383
4736.0,236800.0,236543.0,50.0,-2.574456647709594
4737.0,236850.0,236593.0,50.0,-0.8749929060764638
4738.0,236900.0,236643.0,50.0,-2.560587376422674
4739.0,236950.0,236693.0,50.0,-2.8097553056461755
4740.0,237000.0,236743.0,50.0,-1.6752983505862316
4741.0,237050.0,236793.0,50.0,-1.5805499949270607
4742.0,237100.0,236843.0,50.0,-1.7940581825059436
4743.0,237150.0,236893.0,50.0,-1.5656191512556015
4744.0,237200.0,236943.0,50.0,-2.417571774488908
4745.0,237250.0,236993.0,50.0,-2.2536922656462126
4746.0,237300.0,237043.0,50.0,-1.3676638735921396
4747.0,237350.0,237093.0,50.0,-1.5477537713596936
4748.0,237400.0,237143.0,50.0,-1.6173028875282331
4749.0,237450.0,237193.0,50.0,-1.639580591547652
4750.0,237500.0,237243.0,50.0,-1.67700634740553
4751.0,237550.0,237293.0,50.0,-1.8855103254771466
4752.0,237600.0,237343.0,50.0,-1.3467118891610361
4753.0,237650.0,237393.0,50.0,-2.0226661922812132
4754.0,237700.0,237443.0,50.0,-1.4176115900606567
4755.0,237750.0,237493.0,50.0,-2.9309318822080432
4756.0,237800.0,237543.0,50.0,-1.4811752309126562
4757.0,237850.0,237593.0,50.0,-1.7151086838307397
4758.0,237900.0,237643.0,50.0,-1.96450691281794
4759.0,237950.0,237693.0,50.0,-2.417707982815041
4760.0,238000.0,237743.0,50.0,-2.964386072442609
4761.0,238050.0,237793.0,50.0,-1.3306671422412935
4762.0,238100.0,237843.0,50.0,-2.921571520095921
4763.0,238150.0,237893.0,50.0,-2.7250900680784937
4764.0,238200.0,237943.0,50.0,-1.9207488861313338
4765.0,238250.0,237993.0,50.0,-2.2893286327495495
4766.0,238300.0,238043.0,50.0,-1.8689124833973103
4767.0,238350.0,238093.0,50.0,-2.088978053535552
4768.0,238400.0,238143.0,50.0,-2.5222692864278735
4769.0,238450.0,238193.0,50.0,-1.6189252577661117
4770.0,238500.0,238243.0,50.0,-2.1229340786774937
4771.0,238550.0,238293.0,50.0,-1.002824133372998
4772.0,238600.0,238343.0,50.0,-1.3307819970543973
4773.0,238650.0,238393.0,50.0,-1.3368849703565342
4774.0,238700.0,238443.0,50.0,-2.4665664640344294
4775.0,238750.0,238493.0,50.0,-1.330796070689434
4776.0,238800.0,238543.0,50.0,-2.2213025715080725
4777.0,238850.0,238593.0,50.0,-1.5136705038093603
4778.0,238900.0,238643.0,50.0,-1.4843773668907547
4779.0,238950.0,238693.0,50.0,-1.5708771019067131
4780.0,239000.0,238743.0,50.0,-2.2789878657475926
4781.0,239050.0,238793.0,50.0,-2.1656670886408325
4782.0,239100.0,238843.0,50.0,-3.662467105062361
4783.0,239150.0,238893.0,50.0,-1.718875327025137
4784.0,239200.0,238943.0,50.0,-1.180922509804676
4785.0,239250.0,238993.0,50.0,-1.6925391259797056
4786.0,239300.0,239043.0,50.0,-1.304646036278983
4787.0,239350.0,239093.0,50.0,-1.6149880560840484
4788.0,239400.0,239143.0,50.0,-1.6478198186010244
4789.0,239450.0,239193.0,50.0,-1.1293796719027729
4790.0,239500.0,239243.0,50.0,-2.1855991816501965
4791.0,239550.0,239293.0,50.0,-1.6806335959637173
4792.0,239600.0,239343.0,50.0,-2.5522542587641515
4793.0,239650.0,239393.0,50.0,-3.4955597712391886
4794.0,239700.0,239443.0,50.0,-1.9176618787857076
4795.0,239750.0,239493.0,50.0,-2.5193807500918495
4796.0,239800.0,239543.0,50.0,-1.8098371782520453
4797.0,239850.0,239593.0,50.0,-0.9235943801051947
4798.0,239900.0,239643.0,50.0,-0.9168328092284781
4799.0,239950.0,239693.0,50.0,-1.645039624929062
4800.0,240000.0,239743.0,50.0,-1.543816306638127
4801.0,240050.0,239793.0,50.0,-1.6846985993620245
4802.0,240100.0,239843.0,50.0,-0.7706094841323453
4803.0,240150.0,239893.0,50.0,-1.7472238284441017
4804.0,240200.0,239943.0,50.0,-1.6120230979039405
4805.0,240250.0,239993.0,50.0,-1.912335834204469
4806.0,240300.0,240043.0,50.0,-1.8608675968827995
4807.0,240350.0,240093.0,50.0,-2.4605352481217113
4808.0,240400.0,240143.0,50.0,-1.5208000052252315
4809.0,240450.0,240193.0,50.0,-1.5868076325311897
4810.0,240500.0,240243.0,50.0,-1.2506153294694842
4811.0,240550.0,240293.0,50.0,-1.9600910459069518
4812.0,240600.0,240343.0,50.0,-1.8086196815867264
4813.0,240650.0,240393.0,50.0,-1.1495883985356743
4814.0,240700.0,240443.0,50.0,-2.711405812654914
4815.0,240750.0,240493.0,50.0,-1.439763746094418
4816.0,240800.0,240543.0,50.0,-2.1820542713873388
4817.0,240850.0,240593.0,50.0,-1.1363781939496003
4818.0,240900.0,240643.0,50.0,-1.083420814234569
4819.0,240950.0,240693.0,50.0,-1.1873463283427381
4820.0,241000.0,240743.0,50.0,-1.416889774615621
4821.0,241050.0,240793.0,50.0,-1.1533822973166694
4822.0,241100.0,240843.0,50.0,-2.0357737063048322
4823.0,241150.0,240893.0,50.0,-1.6754749002238578
4824.0,241200.0,240943.0,50.0,-1.7153220693460702
4825.0,241250.0,240993.0,50.0,-1.3128349474044645
4826.0,241300.0,241043.0,50.0,-2.0657677223719833
4827.0,241350.0,241093.0,50.0,-1.1902481869793837
4828.0,241400.0,241143.0,50.0,-1.700446550142786
4829.0,241450.0,241193.0,50.0,-2.514879268981651
4830.0,241500.0,241243.0,50.0,-1.1904295497877984
4831.0,241550.0,241293.0,50.0,-1.1573238571749542
4832.0,241600.0,241343.0,50.0,-1.9846424920251
4833.0,241650.0,241393.0,50.0,-1.722071183728361
4834.0,241700.0,241443.0,50.0,-4.027591176359743
4835.0,241750.0,241493.0,50.0,-0.7351033868858285
4836.0,241800.0,241543.0,50.0,-1.8217300964884156
4837.0,241850.0,241593.0,50.0,-1.3949584746662431
4838.0,241900.0,241643.0,50.0,-2.035585719898664
4839.0,241950.0,241693.0,50.0,-1.8239329930373671
4840.0,242000.0,241743.0,50.0,-2.749911001640858
4841.0,242050.0,241793.0,50.0,-1.1478638545949773
4842.0,242100.0,241843.0,50.0,-0.6995811489687737
4843.0,242150.0,241893.0,50.0,-1.4724799170140854
4844.0,242200.0,241943.0,50.0,-1.2490179473359355
4845.0,242250.0,241993.0,50.0,-1.2381302803931498
4846.0,242300.0,242043.0,50.0,-0.9374726506466855
4847.0,242350.0,242093.0,50.0,-1.0339473395017176
4848.0,242400.0,242143.0,50.0,-1.5310221012385166
4849.0,242450.0,242193.0,50.0,-2.0089360918082453
4850.0,242500.0,242243.0,50.0,-0.9478809374631535
4851.0,242550.0,242293.0,50.0,-2.037803247783788
4852.0,242600.0,242343.0,50.0,-1.1772263431697505
4853.0,242650.0,242393.0,50.0,-0.906047175975774
4854.0,242700.0,242443.0,50.0,-0.9693747305185698
4855.0,242750.0,242493.0,50.0,-2.203415666458439
4856.0,242800.0,242543.0,50.0,-2.0903806718833517
4857.0,242850.0,242593.0,50.0,-1.754788778651719
4858.0,242900.0,242643.0,50.0,-1.2294953339317667
4859.0,242950.0,242693.0,50.0,-1.9798975431936505
4860.0,243000.0,242743.0,50.0,-2.2234729960567137
4861.0,243050.0,242793.0,50.0,-1.0678326031228258
4862.0,243100.0,242843.0,50.0,-2.7770841232138985
4863.0,243150.0,242893.0,50.0,-1.4121110596541426
4864.0,243200.0,242943.0,50.0,-1.208920848755617
4865.0,243250.0,242993.0,50.0,-1.5709300335928016
4866.0,243300.0,243043.0,50.0,-1.4164524610657419
4867.0,243350.0,243093.0,50.0,-1.242708398199317
4868.0,243400.0,243143.0,50.0,-1.0152095307506783
4869.0,243450.0,243193.0,50.0,-1.4027673377003553
4870.0,243500.0,243243.0,50.0,-1.601194489545363
4871.0,243550.0,243293.0,50.0,-1.7260399954830214
4872.0,243600.0,243343.0,50.0,-1.6804605573555158
4873.0,243650.0,243393.0,50.0,-1.0981350477076397
4874.0,243700.0,243443.0,50.0,-1.039763707650414
4875.0,243750.0,243493.0,50.0,-1.116759142031976
4876.0,243800.0,243543.0,50.0,-1.7020007616968742
4877.0,243850.0,243593.0,50.0,-1.2314030072843647
4878.0,243900.0,243643.0,50.0,-1.5264420631104227
4879.0,243950.0,243693.0,50.0,-2.078360729377493
4880.0,244000.0,243743.0,50.0,-1.80611425584087
4881.0,244050.0,243793.0,50.0,-0.7422700663909261
4882.0,244100.0,243843.0,50.0,-2.165810592274291
4883.0,244150.0,243893.0,50.0,-1.3255384744443934
4884.0,244200.0,243943.0,50.0,-2.0676104410075937
4885.0,244250.0,243993.0,50.0,-0.871393176431437
4886.0,244300.0,244043.0,50.0,-1.6825942220275683
4887.0,244350.0,244093.0,50.0,-1.0762243548345292
4888.0,244400.0,244143.0,50.0,-1.4399329848426792
4889.0,244450.0,244193.0,50.0,-1.168509436651644
4890.0,244500.0,244243.0,50.0,-1.0912684855329546
4891.0,244550.0,244293.0,50.0,-1.2594106347690006
4892.0,244600.0,244343.0,50.0,-1.4966341677395623
4893.0,244650.0,244393.0,50.0,-1.625129235496284
4894.0,244700.0,244443.0,50.0,-1.3964831135258147
4895.0,244750.0,244493.0,50.0,-2.30423086738609
4896.0,244800.0,244543.0,50.0,-1.2346946962800747
4897.0,244850.0,244593.0,50.0,-1.3019228507482088
4898.0,244900.0,244643.0,50.0,-1.5751887931121509
4899.0,244950.0,244693.0,50.0,-2.145636232499631
4900.0,245000.0,244743.0,50.0,-2.3644933673921775
4901.0,245050.0,244793.0,50.0,-1.2196539405015927
4902.0,245100.0,244843.0,50.0,-1.210424261305523
4903.0,245150.0,244893.0,50.0,-1.1872259035462172
4904.0,245200.0,244943.0,50.0,-1.1871529958648914
4905.0,245250.0,244993.0,50.0,-1.4318756165916595
4906.0,245300.0,245043.0,50.0,-1.814841152602844
4907.0,245350.0,245093.0,50.0,-1.4695773882368126
4908.0,245400.0,245143.0,50.0,-2.054859901959775
4909.0,245450.0,245193.0,50.0,-3.1905942925528183
4910.0,245500.0,245243.0,50.0,-1.6917062352439332
4911.0,245550.0,245293.0,50.0,-1.2568303163898833
4912.0,245600.0,245343.0,50.0,-1.858333897611383
4913.0,245650.0,245393.0,50.0,-1.8916602335556993
4914.0,245700.0,245443.0,50.0,-1.392964838332046
4915.0,245750.0,245493.0,50.0,-1.4851275525583223
4916.0,245800.0,245543.0,50.0,-1.298645548793187
4917.0,245850.0,245593.0,50.0,-1.5931518643420643
4918.0,245900.0,245643.0,50.0,-1.0163175968929554
4919.0,245950.0,245693.0,50.0,-1.2641926042946352
4920.0,246000.0,245743.0,50.0,-1.8853568682536583
4921.0,246050.0,245793.0,50.0,-1.7242285894358376
4922.0,246100.0,245843.0,50.0,-1.5957309114897686
4923.0,246150.0,245893.0,50.0,-1.0968465645539014
4924.0,246200.0,245943.0,50.0,-1.345241588387485
4925.0,246250.0,245993.0,50.0,-1.6231682622860892
4926.0,246300.0,246043.0,50.0,-1.6781642134468358
4927.0,246350.0,246093.0,50.0,-2.5049311194319097
4928.0,246400.0,246143.0,50.0,-1.4460271160500744
4929.0,246450.0,246193.0,50.0,-2.07687497873024
4930.0,246500.0,246243.0,50.0,-1.5051389174278984
4931.0,246550.0,246293.0,50.0,-0.975736869341645
4932.0,246600.0,246343.0,50.0,-1.7173317030953872
4933.0,246650.0,246393.0,50.0,-1.9724506860642075
4934.0,246700.0,246443.0,50.0,-1.918245238378142
4935.0,246750.0,246493.0,50.0,-1.444188913860144
4936.0,246800.0,246543.0,50.0,-0.7743887534291103
4937.0,246850.0,246593.0,50.0,-2.0779117596574426
4938.0,246900.0,246643.0,50.0,-0.9281222786400477
4939.0,246950.0,246693.0,50.0,-1.3544620393396127
4940.0,247000.0,246743.0,50.0,-2.1862675870482122
4941.0,247050.0,246793.0,50.0,-1.1744231020822378
4942.0,247100.0,246843.0,50.0,-1.3736629266934706
4943.0,247150.0,246893.0,50.0,-3.259475731226351
4944.0,247200.0,246943.0,50.0,-1.6959837086260163
4945.0,247250.0,246993.0,50.0,-2.078055888934432
4946.0,247300.0,247043.0,50.0,-1.1599431509078657
4947.0,247350.0,247093.0,50.0,-1.6423630953864339
4948.0,247400.0,247143.0,50.0,-2.001418690741188
4949.0,247450.0,247193.0,50.0,-3.833269530957708
4950.0,247500.0,247243.0,50.0,-1.7924814477589237
4951.0,247550.0,247293.0,50.0,-1.8370308487482956
4952.0,247600.0,247343.0,50.0,-1.1518525397517059
4953.0,247650.0,247393.0,50.0,-1.4967842595904977
4954.0,247700.0,247443.0,50.0,-0.7234383026301872
4955.0,247750.0,247493.0,50.0,-2.553672572663568
4956.0,247800.0,247543.0,50.0,-0.9961342154308044
4957.0,247850.0,247593.0,50.0,-1.410759995489977
4958.0,247900.0,247643.0,50.0,-1.2218136576186431
4959.0,247950.0,247693.0,50.0,-1.9050418442899475
4960.0,248000.0,247743.0,50.0,-1.4926025152315439
4961.0,248050.0,247793.0,50.0,-1.1780290327978125
4962.0,248100.0,247843.0,50.0,-0.7965764051502087
4963.0,248150.0,247893.0,50.0,-1.3925242966766866
4964.0,248200.0,247943.0,50.0,-1.7015377639016531
4965.0,248250.0,247993.0,50.0,-0.7241578859582455
4966.0,248300.0,248043.0,50.0,-1.3078922556956647
4967.0,248350.0,248093.0,50.0,-2.1589084217513905
4968.0,248400.0,248143.0,50.0,-1.593711350404005
4969.0,248450.0,248193.0,50.0,-1.1355942116896107
4970.0,248500.0,248243.0,50.0,-0.9133616474777841
4971.0,248550.0,248293.0,50.0,-1.7595149357947875
4972.0,248600.0,248343.0,50.0,-0.9500089757807356
4973.0,248650.0,248393.0,50.0,-1.3473717906621696
4974.0,248700.0,248443.0,50.0,-0.9232772689335313
4975.0,248750.0,248493.0,50.0,-0.8184153707312231
4976.0,248800.0,248543.0,50.0,-1.0728197175140466
4977.0,248850.0,248593.0,50.0,-1.0896515271942218
4978.0,248900.0,248643.0,50.0,-2.0304423476932807
4979.0,248950.0,248693.0,50.0,-1.0073670896794602
4980.0,249000.0,248743.0,50.0,-1.0305472169097996
4981.0,249050.0,248793.0,50.0,-1.5079869637546748
4982.0,249100.0,248843.0,50.0,-1.2571190303910027
4983.0,249150.0,248893.0,50.0,-1.4097938883924541
4984.0,249200.0,248943.0,50.0,-1.5270615917522672
4985.0,249250.0,248993.0,50.0,-1.193180180502808
4986.0,249300.0,249043.0,50.0,-1.0443632876402515
4987.0,249350.0,249093.0,50.0,-1.4698781634800848
4988.0,249400.0,249143.0,50.0,-2.1307066355319004
4989.0,249450.0,249193.0,50.0,-2.8661258263112908
4990.0,249500.0,249243.0,50.0,-1.5273588997794552
4991.0,249550.0,249293.0,50.0,-0.8978494442906122
4992.0,249600.0,249343.0,50.0,-1.8572511828954565
4993.0,249650.0,249393.0,50.0,-1.2822463415610479
4994.0,249700.0,249443.0,50.0,-3.623313862279023
4995.0,249750.0,249493.0,50.0,-1.584874128945671
4996.0,249800.0,249543.0,50.0,-0.657417260052233
4997.0,249850.0,249593.0,50.0,-2.4632341402319193
4998.0,249900.0,249643.0,50.0,-1.2170239072126026
4999.0,249950.0,249693.0,50.0,-1.1318564789001404
5000.0,250000.0,249743.0,50.0,-1.2213821380202916
5001.0,250050.0,249793.0,50.0,-1.7589105437620138
5002.0,250100.0,249843.0,50.0,-2.2725082807784234
5003.0,250150.0,249893.0,50.0,-1.3105623670062967
5004.0,250200.0,249943.0,50.0,-1.1590292227456898
5005.0,250250.0,249993.0,50.0,-2.1158200486444825
5006.0,250300.0,250043.0,50.0,-1.566632308239214
5007.0,250350.0,250093.0,50.0,-1.640728644655632
5008.0,250400.0,250143.0,50.0,-1.7007673817665003
5009.0,250450.0,250193.0,50.0,-1.5856368618461254
5010.0,250500.0,250243.0,50.0,-1.4229772889203198
5011.0,250550.0,250293.0,50.0,-1.322007082488161
5012.0,250600.0,250343.0,50.0,-0.6779013993704591
5013.0,250650.0,250393.0,50.0,-1.1924495500700112
5014.0,250700.0,250443.0,50.0,-1.08801541127084
5015.0,250750.0,250493.0,50.0,-1.6893749559235791
5016.0,250800.0,250543.0,50.0,-1.4966813691708527
5017.0,250850.0,250593.0,50.0,-1.681985043729857
5018.0,250900.0,250643.0,50.0,-1.7207464703617217
5019.0,250950.0,250693.0,50.0,-0.8697964607182526
5020.0,251000.0,250743.0,50.0,-1.6579275123070192
5021.0,251050.0,250793.0,50.0,-0.9705214214734302
5022.0,251100.0,250843.0,50.0,-1.0488663339640651
5023.0,251150.0,250893.0,50.0,-0.8105928814702029
5024.0,251200.0,250943.0,50.0,-0.7711850890665773
5025.0,251250.0,250993.0,50.0,-1.7644273177586856
5026.0,251300.0,251043.0,50.0,-1.729708737166247
5027.0,251350.0,251093.0,50.0,-1.7222641688883429
5028.0,251400.0,251143.0,50.0,-1.0481091194463976
5029.0,251450.0,251193.0,50.0,-2.045728238564074
5030.0,251500.0,251243.0,50.0,-0.8365899690504983
5031.0,251550.0,251293.0,50.0,-3.3126774790046514
5032.0,251600.0,251343.0,50.0,-1.0568029293407344
5033.0,251650.0,251393.0,50.0,-1.9611976973838494
5034.0,251700.0,251443.0,50.0,-1.689140092456305
5035.0,251750.0,251493.0,50.0,-2.422173267646429
5036.0,251800.0,251543.0,50.0,-1.5449826897320256
5037.0,251850.0,251593.0,50.0,-1.5189590253458067
5038.0,251900.0,251643.0,50.0,-1.964497863956948
5039.0,251950.0,251693.0,50.0,-1.5156441020755862
5040.0,252000.0,251743.0,50.0,-0.785060786641557
5041.0,252050.0,251793.0,50.0,-1.4083179200905716
5042.0,252100.0,251843.0,50.0,-1.1771791608343387
5043.0,252150.0,251893.0,50.0,-1.6639114955709362
5044.0,252200.0,251943.0,50.0,-2.5252474498824804
5045.0,252250.0,251993.0,50.0,-1.2978890606656297
5046.0,252300.0,252043.0,50.0,-1.6151461139083931
5047.0,252350.0,252093.0,50.0,-1.3610418461454483
5048.0,252400.0,252143.0,50.0,-1.709436514569095
5049.0,252450.0,252193.0,50.0,-1.4320340239330944
5050.0,252500.0,252243.0,50.0,-1.4479815545828776
5051.0,252550.0,252293.0,50.0,-1.0049361748339978
5052.0,252600.0,252343.0,50.0,-1.2672591590571054
5053.0,252650.0,252393.0,50.0,-1.5508597210022554
5054.0,252700.0,252443.0,50.0,-1.145308748889777
5055.0,252750.0,252493.0,50.0,-1.8061780623312949
5056.0,252800.0,252543.0,50.0,-2.192892060683106
5057.0,252850.0,252593.0,50.0,-1.7469477487941842
5058.0,252900.0,252643.0,50.0,-2.3015277579826425
5059.0,252950.0,252693.0,50.0,-1.866611619812148
5060.0,253000.0,252743.0,50.0,-1.6777952955985327
5061.0,253050.0,252793.0,50.0,-1.31133694061809
5062.0,253100.0,252843.0,50.0,-1.6591816061323443
5063.0,253150.0,252893.0,50.0,-1.6332457604714212
5064.0,253200.0,252943.0,50.0,-1.264706416648189
5065.0,253250.0,252993.0,50.0,-2.1897152419403025
5066.0,253300.0,253043.0,50.0,-1.5031202121864329
5067.0,253350.0,253093.0,50.0,-1.768997109639342
5068.0,253400.0,253143.0,50.0,-0.8425287171425164
5069.0,253450.0,253193.0,50.0,-1.8951475247145
5070.0,253500.0,253243.0,50.0,-1.1412077378592047
5071.0,253550.0,253293.0,50.0,-1.2087940520645164
5072.0,253600.0,253343.0,50.0,-2.214993490851272
5073.0,253650.0,253393.0,50.0,-2.9236710735897535
5074.0,253700.0,253443.0,50.0,-1.5927224711009684
5075.0,253750.0,253493.0,50.0,-0.7806610834339881
5076.0,253800.0,253543.0,50.0,-1.6035031953127774
5077.0,253850.0,253593.0,50.0,-1.2339720836812191
5078.0,253900.0,253643.0,50.0,-0.9332835159557334
5079.0,253950.0,253693.0,50.0,-1.629498024841781
5080.0,254000.0,253743.0,50.0,-1.2956743909748072
5081.0,254050.0,253793.0,50.0,-2.7448643534709483
5082.0,254100.0,253843.0,50.0,-1.2505193855317605
5083.0,254150.0,253893.0,50.0,-1.566643759798427
5084.0,254200.0,253943.0,50.0,-1.244989723486808
5085.0,254250.0,253993.0,50.0,-1.0301400690248201
5086.0,254300.0,254043.0,50.0,-2.2805403886836677
5087.0,254350.0,254093.0,50.0,-2.089983365493395
5088.0,254400.0,254143.0,50.0,-1.2337190555704025
5089.0,254450.0,254193.0,50.0,-0.7825147968055102
5090.0,254500.0,254243.0,50.0,-0.9026416908411017
5091.0,254550.0,254293.0,50.0,-0.9085792904340914
5092.0,254600.0,254343.0,50.0,-1.6982934662324416
5093.0,254650.0,254393.0,50.0,-1.4393571070513702
5094.0,254700.0,254443.0,50.0,-2.1955156045333117
5095.0,254750.0,254493.0,50.0,-1.7919608555941022
5096.0,254800.0,254543.0,50.0,-0.8880115574837986
5097.0,254850.0,254593.0,50.0,-1.3711389811226178
5098.0,254900.0,254643.0,50.0,-1.4899785047695289
5099.0,254950.0,254693.0,50.0,-1.676024656930623
5100.0,255000.0,254743.0,50.0,-1.8843630802785132
5101.0,255050.0,254793.0,50.0,-1.4514936495956985
5102.0,255100.0,254843.0,50.0,-1.3311140314918846
5103.0,255150.0,254893.0,50.0,-1.368413995267812
5104.0,255200.0,254943.0,50.0,-1.1127355129472918
5105.0,255250.0,254993.0,50.0,-1.5176250735869654
5106.0,255300.0,255043.0,50.0,-0.908698845354962
5107.0,255350.0,255093.0,50.0,-1.6350053989544744
5108.0,255400.0,255143.0,50.0,-1.2292218029841073
5109.0,255450.0,255193.0,50.0,-1.3424219623409792
5110.0,255500.0,255243.0,50.0,-1.5305114258715584
5111.0,255550.0,255293.0,50.0,-1.8151154446071216
5112.0,255600.0,255343.0,50.0,-1.7124678333219834
5113.0,255650.0,255393.0,50.0,-1.4251112215791641
5114.0,255700.0,255443.0,50.0,-1.8116143820963222
5115.0,255750.0,255493.0,50.0,-1.8882871946271722
5116.0,255800.0,255543.0,50.0,-2.2764298564012564
5117.0,255850.0,255593.0,50.0,-1.3828413944677576
5118.0,255900.0,255643.0,50.0,-1.009279035095802
5119.0,255950.0,255693.0,50.0,-1.1512317969579746
5120.0,256000.0,255743.0,50.0,-1.8893645814293236
5121.0,256050.0,255793.0,50.0,-1.4611292828206213
5122.0,256100.0,255843.0,50.0,-0.9856435497391584
5123.0,256150.0,255893.0,50.0,-1.1953140255262307
5124.0,256200.0,255943.0,50.0,-1.2481498219029505
5125.0,256250.0,255993.0,50.0,-1.740906309116536
5126.0,256300.0,256043.0,50.0,-2.363000730710809
5127.0,256350.0,256093.0,50.0,-0.7065971725466557
5128.0,256400.0,256143.0,50.0,-1.934650390555793
5129.0,256450.0,256193.0,50.0,-2.34244038583135
5130.0,256500.0,256243.0,50.0,-2.86825434497352
5131.0,256550.0,256293.0,50.0,-1.3606106096843262
5132.0,256600.0,256343.0,50.0,-2.137660521794496
5133.0,256650.0,256393.0,50.0,-1.735663660817428
5134.0,256700.0,256443.0,50.0,-1.1350234884438297
5135.0,256750.0,256493.0,50.0,-1.8389945003529955
5136.0,256800.0,256543.0,50.0,-1.2919765477271774
5137.0,256850.0,256593.0,50.0,-1.2935215410855065
5138.0,256900.0,256643.0,50.0,-2.2588096176629953
5139.0,256950.0,256693.0,50.0,-1.8682826365324745
5140.0,257000.0,256743.0,50.0,-1.414983571926336
5141.0,257050.0,256793.0,50.0,-1.3181388670565028
5142.0,257100.0,256843.0,50.0,-0.6764399477862892
5143.0,257150.0,256893.0,50.0,-0.9825948645930556
5144.0,257200.0,256943.0,50.0,-1.1638489093930318
5145.0,257250.0,256993.0,50.0,-0.8785037770277734
5146.0,257300.0,257043.0,50.0,-0.9500628664179145
5147.0,257350.0,257093.0,50.0,-1.857577219269751
5148.0,257400.0,257143.0,50.0,-1.067242519343691
5149.0,257450.0,257193.0,50.0,-1.853179384343585
5150.0,257500.0,257243.0,50.0,-0.9377832756741135
5151.0,257550.0,257293.0,50.0,-1.9936769069218507
5152.0,257600.0,257343.0,50.0,-2.115659578476314
5153.0,257650.0,257393.0,50.0,-1.799068351623505
5154.0,257700.0,257443.0,50.0,-2.1011814781592304
5155.0,257750.0,257493.0,50.0,-0.9419899813699288
5156.0,257800.0,257543.0,50.0,-1.3467476508225
5157.0,257850.0,257593.0,50.0,-1.512494508741878
5158.0,257900.0,257643.0,50.0,-0.8449701349919055
5159.0,257950.0,257693.0,50.0,-1.579831538988918
5160.0,258000.0,257743.0,50.0,-1.2993641757589087
5161.0,258050.0,257793.0,50.0,-1.3404598938125207
5162.0,258100.0,257843.0,50.0,-1.202538076803892
5163.0,258150.0,257893.0,50.0,-1.6944841226612644
5164.0,258200.0,257943.0,50.0,-1.4145147222283123
5165.0,258250.0,257993.0,50.0,-1.0233986494230012
5166.0,258300.0,258043.0,50.0,-2.1284409775481268
5167.0,258350.0,258093.0,50.0,-2.104040074924307
5168.0,258400.0,258143.0,50.0,-1.3491263492802519
5169.0,258450.0,258193.0,50.0,-1.1479039510543574
5170.0,258500.0,258243.0,50.0,-2.2079737376423565
5171.0,258550.0,258293.0,50.0,-1.50909367364982
5172.0,258600.0,258343.0,50.0,-0.943143324670521
5173.0,258650.0,258393.0,50.0,-1.26937353697002
5174.0,258700.0,258443.0,50.0,-1.2235601476800444
5175.0,258750.0,258493.0,50.0,-1.92477608293416
5176.0,258800.0,258543.0,50.0,-1.9177119486970466
5177.0,258850.0,258593.0,50.0,-1.8443618126717447
5178.0,258900.0,258643.0,50.0,-2.184126384774634
5179.0,258950.0,258693.0,50.0,-1.4622964386698116
5180.0,259000.0,258743.0,50.0,-1.3228924376503346
5181.0,259050.0,258793.0,50.0,-1.0363974615619482
5182.0,259100.0,258843.0,50.0,-1.9056592965007302
5183.0,259150.0,258893.0,50.0,-1.8565778213933217
5184.0,259200.0,258943.0,50.0,-1.078724974601599
5185.0,259250.0,258993.0,50.0,-2.9505372037302804
5186.0,259300.0,259043.0,50.0,-2.4075147628354316
5187.0,259350.0,259093.0,50.0,-0.9608536285027429
5188.0,259400.0,259143.0,50.0,-2.1057210281986407
5189.0,259450.0,259193.0,50.0,-1.3981427716012007
5190.0,259500.0,259243.0,50.0,-1.7650268637420896
5191.0,259550.0,259293.0,50.0,-1.4183695502098015
5192.0,259600.0,259343.0,50.0,-1.1049147481609387
5193.0,259650.0,259393.0,50.0,-1.4454137190563991
5194.0,259700.0,259443.0,50.0,-2.0155196995792606
5195.0,259750.0,259493.0,50.0,-1.5043120251419853
5196.0,259800.0,259543.0,50.0,-1.5170164137150215
5197.0,259850.0,259593.0,50.0,-0.6576674446676679
5198.0,259900.0,259643.0,50.0,-1.7143858021169982
5199.0,259950.0,259693.0,50.0,-1.2409655532188328
5200.0,260000.0,259743.0,50.0,-0.9183016355916946
5201.0,260050.0,259793.0,50.0,-1.0844314142172813
5202.0,260100.0,259843.0,50.0,-0.9344857901816315
5203.0,260150.0,259893.0,50.0,-1.1769994151505236
5204.0,260200.0,259943.0,50.0,-1.300742314097785
5205.0,260250.0,259993.0,50.0,-1.1525993702776196
5206.0,260300.0,260043.0,50.0,-1.1484127659569283
5207.0,260350.0,260093.0,50.0,-2.0016397630273053
5208.0,260400.0,260143.0,50.0,-1.1774233285800262
5209.0,260450.0,260193.0,50.0,-0.8805587208901969
5210.0,260500.0,260243.0,50.0,-1.809630420441798
5211.0,260550.0,260293.0,50.0,-1.637273714733017
5212.0,260600.0,260343.0,50.0,-0.7711664991285312
5213.0,260650.0,260393.0,50.0,-1.7693743081521285
5214.0,260700.0,260443.0,50.0,-0.7577369856551679
5215.0,260750.0,260493.0,50.0,-1.015078530155271
5216.0,260800.0,260543.0,50.0,-1.7898101326551699
5217.0,260850.0,260593.0,50.0,-0.9942247152661083
5218.0,260900.0,260643.0,50.0,-0.9256989394180554
5219.0,260950.0,260693.0,50.0,-2.0596526822342023
5220.0,261000.0,260743.0,50.0,-1.1662815921847964
5221.0,261050.0,260793.0,50.0,-1.109203265234744
5222.0,261100.0,260843.0,50.0,-2.169010555198196
5223.0,261150.0,260893.0,50.0,-0.7141737984837222
5224.0,261200.0,260943.0,50.0,-0.7411377479531002
5225.0,261250.0,260993.0,50.0,-2.5269027226397225
5226.0,261300.0,261043.0,50.0,-1.586587129694409
5227.0,261350.0,261093.0,50.0,-1.9392061626017438
5228.0,261400.0,261143.0,50.0,-2.209001457869494
5229.0,261450.0,261193.0,50.0,-2.5996987575100685
5230.0,261500.0,261243.0,50.0,-1.9477565316168233
5231.0,261550.0,261293.0,50.0,-1.8681530268022764
5232.0,261600.0,261343.0,50.0,-1.4284371534537135
5233.0,261650.0,261393.0,50.0,-1.3238763715035065
5234.0,261700.0,261443.0,50.0,-1.2957823629820748
5235.0,261750.0,261493.0,50.0,-2.015232578323906
5236.0,261800.0,261543.0,50.0,-1.2917968560560393
5237.0,261850.0,261593.0,50.0,-1.197663692786173
5238.0,261900.0,261643.0,50.0,-1.2826950289804662
5239.0,261950.0,261693.0,50.0,-1.6474198183580306
5240.0,262000.0,261743.0,50.0,-1.1554686492878063
5241.0,262050.0,261793.0,50.0,-1.5392103000860533
5242.0,262100.0,261843.0,50.0,-2.025970878327607
5243.0,262150.0,261893.0,50.0,-1.7609408401853788
5244.0,262200.0,261943.0,50.0,-1.8841455998467485
5245.0,262250.0,261993.0,50.0,-1.4218207145775639
5246.0,262300.0,262043.0,50.0,-2.192553309354949
5247.0,262350.0,262093.0,50.0,-1.7610357396210807
5248.0,262400.0,262143.0,50.0,-1.3900985533811423
5249.0,262450.0,262193.0,50.0,-1.2886627070305003
5250.0,262500.0,262243.0,50.0,-1.8475204778675973
5251.0,262550.0,262293.0,50.0,-1.7308800927656345
5252.0,262600.0,262343.0,50.0,-1.4516831309651033
5253.0,262650.0,262393.0,50.0,-1.2172510038446764
5254.0,262700.0,262443.0,50.0,-1.861933013297529
5255.0,262750.0,262493.0,50.0,-1.3240919958930848
5256.0,262800.0,262543.0,50.0,-1.9301666627088931
5257.0,262850.0,262593.0,50.0,-1.8742379568649505
5258.0,262900.0,262643.0,50.0,-2.0330274146355016
5259.0,262950.0,262693.0,50.0,-2.401466544591843
5260.0,263000.0,262743.0,50.0,-0.8801122900100664
5261.0,263050.0,262793.0,50.0,-0.8838297187833423
5262.0,263100.0,262843.0,50.0,-1.3616415550767884
5263.0,263150.0,262893.0,50.0,-1.7007885246245882
5264.0,263200.0,262943.0,50.0,-2.616482282268737
5265.0,263250.0,262993.0,50.0,-1.3957165735793589
5266.0,263300.0,263043.0,50.0,-1.0217783394519298
5267.0,263350.0,263093.0,50.0,-1.6992869827959538
5268.0,263400.0,263143.0,50.0,-1.0640645920831293
5269.0,263450.0,263193.0,50.0,-1.6570004729152779
5270.0,263500.0,263243.0,50.0,-1.2845712205566853
5271.0,263550.0,263293.0,50.0,-1.6629964073673558
5272.0,263600.0,263343.0,50.0,-1.5375698374021367
5273.0,263650.0,263393.0,50.0,-1.4225400570156634
5274.0,263700.0,263443.0,50.0,-1.0361674741561029
5275.0,263750.0,263493.0,50.0,-1.199783785497636
5276.0,263800.0,263543.0,50.0,-1.0216399515723438
5277.0,263850.0,263593.0,50.0,-1.3052267983541266
5278.0,263900.0,263643.0,50.0,-1.715948881164532
5279.0,263950.0,263693.0,50.0,-1.4519498091285663
5280.0,264000.0,263743.0,50.0,-1.7869225465568337
5281.0,264050.0,263793.0,50.0,-1.5192831668490292
5282.0,264100.0,263843.0,50.0,-2.63451042962138
5283.0,264150.0,263893.0,50.0,-1.0198065548025246
5284.0,264200.0,263943.0,50.0,-1.5544728856692958
5285.0,264250.0,263993.0,50.0,-2.6791263266111334
5286.0,264300.0,264043.0,50.0,-2.0352356257914312
5287.0,264350.0,264093.0,50.0,-1.3426441674550442
5288.0,264400.0,264143.0,50.0,-1.1461204263231675
5289.0,264450.0,264193.0,50.0,-2.0385560402459957
5290.0,264500.0,264243.0,50.0,-1.6669449498223696
5291.0,264550.0,264293.0,50.0,-1.3771736557888232
5292.0,264600.0,264343.0,50.0,-1.1018321890512186
5293.0,264650.0,264393.0,50.0,-1.7594387788928403
5294.0,264700.0,264443.0,50.0,-1.7985701774719558
5295.0,264750.0,264493.0,50.0,-0.7357917419548764
5296.0,264800.0,264543.0,50.0,-1.0476603153176243
5297.0,264850.0,264593.0,50.0,-1.6145824761708254
5298.0,264900.0,264643.0,50.0,-1.7458310412360614
5299.0,264950.0,264693.0,50.0,-1.1364758311206775
5300.0,265000.0,264743.0,50.0,-1.2530356618705754
5301.0,265050.0,264793.0,50.0,-0.9185639808521879
5302.0,265100.0,264843.0,50.0,-2.547144104935903
5303.0,265150.0,264893.0,50.0,-1.019566211222541
5304.0,265200.0,264943.0,50.0,-1.0956257479188571
5305.0,265250.0,264993.0,50.0,-1.5171341287764255
5306.0,265300.0,265043.0,50.0,-0.5360568153017595
5307.0,265350.0,265093.0,50.0,-1.40689806871252
5308.0,265400.0,265143.0,50.0,-1.276136983499573
5309.0,265450.0,265193.0,50.0,-1.3311350347719706
5310.0,265500.0,265243.0,50.0,-0.7885466702114832
5311.0,265550.0,265293.0,50.0,-1.6343473763587237
5312.0,265600.0,265343.0,50.0,-1.1134013557102376
5313.0,265650.0,265393.0,50.0,-0.8708921173708161
5314.0,265700.0,265443.0,50.0,-1.2361544480864004
5315.0,265750.0,265493.0,50.0,-0.97902048641699
5316.0,265800.0,265543.0,50.0,-0.8627907753832956
5317.0,265850.0,265593.0,50.0,-2.2997886218967754
5318.0,265900.0,265643.0,50.0,-1.2778388473032427
5319.0,265950.0,265693.0,50.0,-2.200478979415664
5320.0,266000.0,265743.0,50.0,-1.2518498764375958
5321.0,266050.0,265793.0,50.0,-1.4460323006042477
5322.0,266100.0,265843.0,50.0,-1.3492037549612947
5323.0,266150.0,265893.0,50.0,-1.1025264351366064
5324.0,266200.0,265943.0,50.0,-0.9603982142682171
5325.0,266250.0,265993.0,50.0,-1.0078671730170365
5326.0,266300.0,266043.0,50.0,-1.3771599030560906
5327.0,266350.0,266093.0,50.0,-1.3253626529533762
5328.0,266400.0,266143.0,50.0,-1.869696054586157
5329.0,266450.0,266193.0,50.0,-1.9191364727656328
5330.0,266500.0,266243.0,50.0,-1.2944297522392683
5331.0,266550.0,266293.0,50.0,-1.1554882272538527
5332.0,266600.0,266343.0,50.0,-0.6599105961152725
5333.0,266650.0,266393.0,50.0,-1.5370191944982765
5334.0,266700.0,266443.0,50.0,-1.9344397287630783
5335.0,266750.0,266493.0,50.0,-1.44271056032075
5336.0,266800.0,266543.0,50.0,-1.1467493615376805
5337.0,266850.0,266593.0,50.0,-1.499845626259622
5338.0,266900.0,266643.0,50.0,-1.2586883425341333
5339.0,266950.0,266693.0,50.0,-1.0304418195968177
5340.0,267000.0,266743.0,50.0,-1.280960954608083
5341.0,267050.0,266793.0,50.0,-0.7174217188070645
5342.0,267100.0,266843.0,50.0,-1.5631042435238531
5343.0,267150.0,266893.0,50.0,-1.1067220704831768
5344.0,267200.0,266943.0,50.0,-1.403036621532179
5345.0,267250.0,266993.0,50.0,-1.23391277658324
5346.0,267300.0,267043.0,50.0,-1.5978667033711655
5347.0,267350.0,267093.0,50.0,-1.6672274870271662
5348.0,267400.0,267143.0,50.0,-0.8751764886481483
5349.0,267450.0,267193.0,50.0,-2.714919397344602
5350.0,267500.0,267243.0,50.0,-1.6257166372576684
5351.0,267550.0,267293.0,50.0,-1.6464170590359577
5352.0,267600.0,267343.0,50.0,-2.60197164047691
5353.0,267650.0,267393.0,50.0,-1.752490697890399
5354.0,267700.0,267443.0,50.0,-1.5811948860233251
5355.0,267750.0,267493.0,50.0,-0.8423819343425927
5356.0,267800.0,267543.0,50.0,-1.3881606137571207
5357.0,267850.0,267593.0,50.0,-1.393416647593688
5358.0,267900.0,267643.0,50.0,-1.1152832628549334
5359.0,267950.0,267693.0,50.0,-1.4485343943149558
5360.0,268000.0,267743.0,50.0,-0.9017923280283443
5361.0,268050.0,267793.0,50.0,-1.182057239145164
5362.0,268100.0,267843.0,50.0,-0.8062206004723665
5363.0,268150.0,267893.0,50.0,-1.4328944440412223
5364.0,268200.0,267943.0,50.0,-1.3215335192702378
5365.0,268250.0,267993.0,50.0,-1.4965400008769096
5366.0,268300.0,268043.0,50.0,-1.4791116265041535
5367.0,268350.0,268093.0,50.0,-1.7898162469103678
5368.0,268400.0,268143.0,50.0,-2.327483453882324
5369.0,268450.0,268193.0,50.0,-0.6647202878771376
5370.0,268500.0,268243.0,50.0,-0.931689297441481
5371.0,268550.0,268293.0,50.0,-1.2952285053844703
5372.0,268600.0,268343.0,50.0,-0.99227733037082
5373.0,268650.0,268393.0,50.0,-0.8714855488783849
5374.0,268700.0,268443.0,50.0,-1.0527052803413222
5375.0,268750.0,268493.0,50.0,-2.0931688422190806
5376.0,268800.0,268543.0,50.0,-2.304530586910251
5377.0,268850.0,268593.0,50.0,-2.552565527624556
5378.0,268900.0,268643.0,50.0,-2.3300712683798275
5379.0,268950.0,268693.0,50.0,-1.8117641549509496
5380.0,269000.0,268743.0,50.0,-0.9784654460931629
5381.0,269050.0,268793.0,50.0,-1.5944783681676546
5382.0,269100.0,268843.0,50.0,-1.6097011721802772
5383.0,269150.0,268893.0,50.0,-2.1072421469022844
5384.0,269200.0,268943.0,50.0,-1.6111501463458544
5385.0,269250.0,268993.0,50.0,-1.0964338851974977
5386.0,269300.0,269043.0,50.0,-1.6257851121505895
5387.0,269350.0,269093.0,50.0,-1.4315292667462247
5388.0,269400.0,269143.0,50.0,-1.7623197233376118
5389.0,269450.0,269193.0,50.0,-1.2864631434950784
5390.0,269500.0,269243.0,50.0,-1.5060680384007339
5391.0,269550.0,269293.0,50.0,-1.7154484050033527
5392.0,269600.0,269343.0,50.0,-1.242407209997978
5393.0,269650.0,269393.0,50.0,-1.5780383591291574
5394.0,269700.0,269443.0,50.0,-1.9048939465310306
5395.0,269750.0,269493.0,50.0,-1.0966591047923313
5396.0,269800.0,269543.0,50.0,-3.1366754305808313
5397.0,269850.0,269593.0,50.0,-1.4961972675748112
5398.0,269900.0,269643.0,50.0,-1.6478064972482291
5399.0,269950.0,269693.0,50.0,-1.2067338431382377
5400.0,270000.0,269743.0,50.0,-1.1155611998784696
5401.0,270050.0,269793.0,50.0,-0.8406987971404972
5402.0,270100.0,269843.0,50.0,-1.828698886650706
5403.0,270150.0,269893.0,50.0,-1.1014934836595927
5404.0,270200.0,269943.0,50.0,-1.3564819816363776
5405.0,270250.0,269993.0,50.0,-0.9938565691885582
5406.0,270300.0,270043.0,50.0,-1.335832759728162
5407.0,270350.0,270093.0,50.0,-1.026440749204505
5408.0,270400.0,270143.0,50.0,-2.595809542785257
5409.0,270450.0,270193.0,50.0,-0.9328919838992733
5410.0,270500.0,270243.0,50.0,-2.143063200224493
5411.0,270550.0,270293.0,50.0,-1.2206333828727136
5412.0,270600.0,270343.0,50.0,-1.2290910081760156
5413.0,270650.0,270393.0,50.0,-0.7085763454153322
5414.0,270700.0,270443.0,50.0,-1.31429168398399
5415.0,270750.0,270493.0,50.0,-1.0165590560921471
5416.0,270800.0,270543.0,50.0,-1.3941656622296
5417.0,270850.0,270593.0,50.0,-1.5880741559491247
5418.0,270900.0,270643.0,50.0,-1.7423952153204552
5419.0,270950.0,270693.0,50.0,-1.243674459946028
5420.0,271000.0,270743.0,50.0,-1.1215307886852657
5421.0,271050.0,270793.0,50.0,-1.1828765302897264
5422.0,271100.0,270843.0,50.0,-1.0982803200569804
5423.0,271150.0,270893.0,50.0,-1.2599709290875627
5424.0,271200.0,270943.0,50.0,-0.9760115746796549
5425.0,271250.0,270993.0,50.0,-0.9719901144499207
5426.0,271300.0,271043.0,50.0,-1.781788221706391
5427.0,271350.0,271093.0,50.0,-0.9485452693498354
5428.0,271400.0,271143.0,50.0,-1.978979424603684
5429.0,271450.0,271193.0,50.0,-2.135519064393662
5430.0,271500.0,271243.0,50.0,-2.4868926182629623
5431.0,271550.0,271293.0,50.0,-1.6881333009246842
5432.0,271600.0,271343.0,50.0,-1.1934436528811685
5433.0,271650.0,271393.0,50.0,-1.8281985925498856
5434.0,271700.0,271443.0,50.0,-1.5074029133100781
5435.0,271750.0,271493.0,50.0,-1.7004900935355276
5436.0,271800.0,271543.0,50.0,-1.536467974952097
5437.0,271850.0,271593.0,50.0,-0.9934137109811785
5438.0,271900.0,271643.0,50.0,-0.8911743031035937
5439.0,271950.0,271693.0,50.0,-2.235964566019087
5440.0,272000.0,271743.0,50.0,-0.9619793457890116
5441.0,272050.0,271793.0,50.0,-0.8116726269747386
5442.0,272100.0,271843.0,50.0,-1.523807840889099
5443.0,272150.0,271893.0,50.0,-1.6255830857965676
5444.0,272200.0,271943.0,50.0,-0.7978352828255373
5445.0,272250.0,271993.0,50.0,-0.9427689466002626
5446.0,272300.0,272043.0,50.0,-1.8106097888428572
5447.0,272350.0,272093.0,50.0,-1.1111273246479514
5448.0,272400.0,272143.0,50.0,-1.8685035315777305
5449.0,272450.0,272193.0,50.0,-1.3538127457477342
5450.0,272500.0,272243.0,50.0,-0.6542765871781655
5451.0,272550.0,272293.0,50.0,-1.7089740632034225
5452.0,272600.0,272343.0,50.0,-0.8873320084788555
5453.0,272650.0,272393.0,50.0,-1.5392141467622589
5454.0,272700.0,272443.0,50.0,-1.4948645742848121
5455.0,272750.0,272493.0,50.0,-1.5938820719358529
5456.0,272800.0,272543.0,50.0,-1.4863438154288675
5457.0,272850.0,272593.0,50.0,-0.8945279246814586
5458.0,272900.0,272643.0,50.0,-1.3819430286660985
5459.0,272950.0,272693.0,50.0,-1.4744079185831385
5460.0,273000.0,272743.0,50.0,-1.3438131963233355
5461.0,273050.0,272793.0,50.0,-1.4221250569343362
5462.0,273100.0,272843.0,50.0,-1.1900976847663678
5463.0,273150.0,272893.0,50.0,-1.297942949650151
5464.0,273200.0,272943.0,50.0,-1.6430546231298837
5465.0,273250.0,272993.0,50.0,-1.9918439639385899
5466.0,273300.0,273043.0,50.0,-1.5313426799055891
5467.0,273350.0,273093.0,50.0,-2.1606845435250808
5468.0,273400.0,273143.0,50.0,-1.4166309903437886
5469.0,273450.0,273193.0,50.0,-1.0561351321556587
5470.0,273500.0,273243.0,50.0,-0.8550899104590702
5471.0,273550.0,273293.0,50.0,-1.344085440857808
5472.0,273600.0,273343.0,50.0,-1.857397293753675
5473.0,273650.0,273393.0,50.0,-2.0196975961489954
5474.0,273700.0,273443.0,50.0,-1.1104642668525255
5475.0,273750.0,273493.0,50.0,-1.6814511406599648
5476.0,273800.0,273543.0,50.0,-1.2649979574834047
5477.0,273850.0,273593.0,50.0,-1.550976846977902
5478.0,273900.0,273643.0,50.0,-0.8154855952117569
5479.0,273950.0,273693.0,50.0,-1.9130313814206925
5480.0,274000.0,273743.0,50.0,-2.033532543371742
5481.0,274050.0,273793.0,50.0,-1.635971855195327
5482.0,274100.0,273843.0,50.0,-1.1878153455836167
5483.0,274150.0,273893.0,50.0,-1.2927478964731915
5484.0,274200.0,273943.0,50.0,-1.6165942404099836
5485.0,274250.0,273993.0,50.0,-1.4021955452681516
5486.0,274300.0,274043.0,50.0,-1.7742326706327833
5487.0,274350.0,274093.0,50.0,-1.0325218651872885
5488.0,274400.0,274143.0,50.0,-2.295747754439339
5489.0,274450.0,274193.0,50.0,-0.8735801389403525
5490.0,274500.0,274243.0,50.0,-1.0320052224604055
5491.0,274550.0,274293.0,50.0,-1.4893701743333563
5492.0,274600.0,274343.0,50.0,-2.8857242604959388
5493.0,274650.0,274393.0,50.0,-1.6035211965671938
5494.0,274700.0,274443.0,50.0,-0.7539826769923744
5495.0,274750.0,274493.0,50.0,-1.235021833052998
5496.0,274800.0,274543.0,50.0,-1.938153927863518
5497.0,274850.0,274593.0,50.0,-1.6855570058466556
5498.0,274900.0,274643.0,50.0,-1.3597386849056274
5499.0,274950.0,274693.0,50.0,-2.7004334602846463
5500.0,275000.0,274743.0,50.0,-0.8552358341761781
5501.0,275050.0,274793.0,50.0,-1.4659007871681218
5502.0,275100.0,274843.0,50.0,-1.9392369763861939
5503.0,275150.0,274893.0,50.0,-1.3287884757332602
5504.0,275200.0,274943.0,50.0,-1.3836285546905065
5505.0,275250.0,274993.0,50.0,-1.1896361748881812
5506.0,275300.0,275043.0,50.0,-0.8028215521350388
5507.0,275350.0,275093.0,50.0,-1.633498314762098
5508.0,275400.0,275143.0,50.0,-2.0355883349368376
5509.0,275450.0,275193.0,50.0,-1.8411640375605356
5510.0,275500.0,275243.0,50.0,-2.7519584889247732
5511.0,275550.0,275293.0,50.0,-1.9828036919663963
5512.0,275600.0,275343.0,50.0,-1.1107265433342455
5513.0,275650.0,275393.0,50.0,-2.152185104174952
5514.0,275700.0,275443.0,50.0,-0.8425226138348141
5515.0,275750.0,275493.0,50.0,-1.2682941863913404
5516.0,275800.0,275543.0,50.0,-1.2300564910285827
5517.0,275850.0,275593.0,50.0,-3.5891889767688863
5518.0,275900.0,275643.0,50.0,-1.6520687605600044
5519.0,275950.0,275693.0,50.0,-1.1261403822883855
5520.0,276000.0,275743.0,50.0,-1.1372078770730474
5521.0,276050.0,275793.0,50.0,-1.2368212030694323
5522.0,276100.0,275843.0,50.0,-2.176258377462019
5523.0,276150.0,275893.0,50.0,-1.5247234609845983
5524.0,276200.0,275943.0,50.0,-0.948365461791775
5525.0,276250.0,275993.0,50.0,-1.5716578393597942
5526.0,276300.0,276043.0,50.0,-1.4870378658174115
5527.0,276350.0,276093.0,50.0,-1.563635228293235
5528.0,276400.0,276143.0,50.0,-1.2836158733628078
5529.0,276450.0,276193.0,50.0,-1.438854919011811
5530.0,276500.0,276243.0,50.0,-0.8674210332350762
5531.0,276550.0,276293.0,50.0,-1.3387805005700908
5532.0,276600.0,276343.0,50.0,-1.5510055903451874
5533.0,276650.0,276393.0,50.0,-1.7803462031846293
5534.0,276700.0,276443.0,50.0,-2.273630424634184
5535.0,276750.0,276493.0,50.0,-1.908471268751779
5536.0,276800.0,276543.0,50.0,-1.0638910846120078
5537.0,276850.0,276593.0,50.0,-1.2878899224256397
5538.0,276900.0,276643.0,50.0,-1.1462914941582942
5539.0,276950.0,276693.0,50.0,-1.3793075791061333
5540.0,277000.0,276743.0,50.0,-1.0857719965979908
5541.0,277050.0,276793.0,50.0,-0.9377394145443725
5542.0,277100.0,276843.0,50.0,-1.179856040177803
5543.0,277150.0,276893.0,50.0,-2.8220670550797435
5544.0,277200.0,276943.0,50.0,-1.2096181034265947
5545.0,277250.0,276993.0,50.0,-1.8005939509543696
5546.0,277300.0,277043.0,50.0,-2.1216693303869385
5547.0,277350.0,277093.0,50.0,-1.2200291338611071
5548.0,277400.0,277143.0,50.0,-1.584758981573273
5549.0,277450.0,277193.0,50.0,-1.1779883590919433
5550.0,277500.0,277243.0,50.0,-1.4832743077998005
5551.0,277550.0,277293.0,50.0,-1.1361736825637505
5552.0,277600.0,277343.0,50.0,-1.1110885140443227
5553.0,277650.0,277393.0,50.0,-1.2344209292922523
5554.0,277700.0,277443.0,50.0,-3.0166699225317735
5555.0,277750.0,277493.0,50.0,-1.7480925223663921
5556.0,277800.0,277543.0,50.0,-1.072151037347775
5557.0,277850.0,277593.0,50.0,-1.9255166476980787
5558.0,277900.0,277643.0,50.0,-1.769246449165432
5559.0,277950.0,277693.0,50.0,-1.156961923375465
5560.0,278000.0,277743.0,50.0,-0.8530972600912362
5561.0,278050.0,277793.0,50.0,-1.4811730322164687
5562.0,278100.0,277843.0,50.0,-1.3436261418637498
5563.0,278150.0,277893.0,50.0,-1.9882844143301759
5564.0,278200.0,277943.0,50.0,-1.1178161232370611
5565.0,278250.0,277993.0,50.0,-1.2400984828684956
5566.0,278300.0,278043.0,50.0,-1.5532127627720513
5567.0,278350.0,278093.0,50.0,-2.0562244219170625
5568.0,278400.0,278143.0,50.0,-1.7822267326947867
5569.0,278450.0,278193.0,50.0,-3.1454921394365933
5570.0,278500.0,278243.0,50.0,-1.1833674557500349
5571.0,278550.0,278293.0,50.0,-0.8393519074940001
5572.0,278600.0,278343.0,50.0,-1.674936774371047
5573.0,278650.0,278393.0,50.0,-1.6903852650094533
5574.0,278700.0,278443.0,50.0,-1.948291579864637
5575.0,278750.0,278493.0,50.0,-0.8460446353659267
5576.0,278800.0,278543.0,50.0,-1.9110014700910738
5577.0,278850.0,278593.0,50.0,-1.025812144286468
5578.0,278900.0,278643.0,50.0,-1.6719388524472292
5579.0,278950.0,278693.0,50.0,-2.23632399852789
5580.0,279000.0,278743.0,50.0,-1.277043867010925
5581.0,279050.0,278793.0,50.0,-1.9543110710048888
5582.0,279100.0,278843.0,50.0,-1.3231885147227644
5583.0,279150.0,278893.0,50.0,-1.6633158744533472
5584.0,279200.0,278943.0,50.0,-2.398628154432064
5585.0,279250.0,278993.0,50.0,-1.364502411466251
5586.0,279300.0,279043.0,50.0,-1.1108878048989768
5587.0,279350.0,279093.0,50.0,-1.1041510172043543
5588.0,279400.0,279143.0,50.0,-1.8875102654858895
5589.0,279450.0,279193.0,50.0,-2.6767940093215272
5590.0,279500.0,279243.0,50.0,-2.307000126864323
5591.0,279550.0,279293.0,50.0,-1.2405009399942153
5592.0,279600.0,279343.0,50.0,-1.2931446899056775
5593.0,279650.0,279393.0,50.0,-1.175504338624143
5594.0,279700.0,279443.0,50.0,-0.8684645384838352
5595.0,279750.0,279493.0,50.0,-1.1677421560239016
5596.0,279800.0,279543.0,50.0,-0.7911032622860905
5597.0,279850.0,279593.0,50.0,-1.4866427140137548
5598.0,279900.0,279643.0,50.0,-1.4749939064253244
5599.0,279950.0,279693.0,50.0,-0.7593438114372876
5600.0,280000.0,279743.0,50.0,-1.1128643932157205
5601.0,280050.0,279793.0,50.0,-1.5268114645246982
5602.0,280100.0,279843.0,50.0,-1.9525066723941367
5603.0,280150.0,279893.0,50.0,-1.0434116775337339
5604.0,280200.0,279943.0,50.0,-1.5553834295408957
5605.0,280250.0,279993.0,50.0,-1.914910641196994
5606.0,280300.0,280043.0,50.0,-0.8345063497523094
5607.0,280350.0,280093.0,50.0,-1.5495557190852216
5608.0,280400.0,280143.0,50.0,-0.7604110534311119
5609.0,280450.0,280193.0,50.0,-0.9654444351078779
5610.0,280500.0,280243.0,50.0,-1.6590861987455556
5611.0,280550.0,280293.0,50.0,-1.2357450204095946
5612.0,280600.0,280343.0,50.0,-0.8896298973784456
5613.0,280650.0,280393.0,50.0,-0.8531276882212071
5614.0,280700.0,280443.0,50.0,-0.7172974289601832
5615.0,280750.0,280493.0,50.0,-0.8072261846046179
5616.0,280800.0,280543.0,50.0,-1.1673184601041378
5617.0,280850.0,280593.0,50.0,-1.369519225412392
5618.0,280900.0,280643.0,50.0,-1.2934676636532485
5619.0,280950.0,280693.0,50.0,-1.5967264484104744
5620.0,281000.0,280743.0,50.0,-0.9522817496157818
5621.0,281050.0,280793.0,50.0,-0.854713906735034
5622.0,281100.0,280843.0,50.0,-1.5371168335329857
5623.0,281150.0,280893.0,50.0,-1.3987718711443131
5624.0,281200.0,280943.0,50.0,-0.9125514032489889
5625.0,281250.0,280993.0,50.0,-1.9370680978572583
5626.0,281300.0,281043.0,50.0,-2.12186585743653
5627.0,281350.0,281093.0,50.0,-1.2705007447181438
5628.0,281400.0,281143.0,50.0,-1.1599272958142521
5629.0,281450.0,281193.0,50.0,-1.333559309011034
5630.0,281500.0,281243.0,50.0,-1.0502036815196487
5631.0,281550.0,281293.0,50.0,-2.473486778181968
5632.0,281600.0,281343.0,50.0,-1.1636485354872386
5633.0,281650.0,281393.0,50.0,-0.979697784019425
5634.0,281700.0,281443.0,50.0,-1.3410041114414026
5635.0,281750.0,281493.0,50.0,-1.223206552881454
5636.0,281800.0,281543.0,50.0,-1.3080674931418295
5637.0,281850.0,281593.0,50.0,-0.8825237664611449
5638.0,281900.0,281643.0,50.0,-2.196457661974818
5639.0,281950.0,281693.0,50.0,-0.8303430621209037
5640.0,282000.0,281743.0,50.0,-2.2418689207675566
5641.0,282050.0,281793.0,50.0,-1.4690138911192028
5642.0,282100.0,281843.0,50.0,-1.1075922344709248
5643.0,282150.0,281893.0,50.0,-2.1451535980255567
5644.0,282200.0,281943.0,50.0,-1.0881279296693098
5645.0,282250.0,281993.0,50.0,-1.7085917180644756
5646.0,282300.0,282043.0,50.0,-1.316343361851249
5647.0,282350.0,282093.0,50.0,-2.2620336109211236
5648.0,282400.0,282143.0,50.0,-1.2162476057649263
5649.0,282450.0,282193.0,50.0,-1.8673704814805785
5650.0,282500.0,282243.0,50.0,-1.2884402322035884
5651.0,282550.0,282293.0,50.0,-1.2972193554384603
5652.0,282600.0,282343.0,50.0,-1.1535961247400321
5653.0,282650.0,282393.0,50.0,-1.8693355841345172
5654.0,282700.0,282443.0,50.0,-0.9675243658210305
5655.0,282750.0,282493.0,50.0,-1.041753832913192
5656.0,282800.0,282543.0,50.0,-1.657709277962926
5657.0,282850.0,282593.0,50.0,-0.9830458100036137
5658.0,282900.0,282643.0,50.0,-1.6727548795667677
5659.0,282950.0,282693.0,50.0,-1.4569203325291482
5660.0,283000.0,282743.0,50.0,-2.6257834694619566
5661.0,283050.0,282793.0,50.0,-0.8059373531726574
5662.0,283100.0,282843.0,50.0,-1.134220628873758
5663.0,283150.0,282893.0,50.0,-1.0051536153754712
5664.0,283200.0,282943.0,50.0,-1.121293823378343
5665.0,283250.0,282993.0,50.0,-2.7029722439787816
5666.0,283300.0,283043.0,50.0,-1.5875608545412427
5667.0,283350.0,283093.0,50.0,-1.1418096387401027
5668.0,283400.0,283143.0,50.0,-1.2920581590275466
5669.0,283450.0,283193.0,50.0,-1.3736283816746746
5670.0,283500.0,283243.0,50.0,-2.6533548315245414
5671.0,283550.0,283293.0,50.0,-1.315036819570438
5672.0,283600.0,283343.0,50.0,-1.5104318609609009
5673.0,283650.0,283393.0,50.0,-2.0192787596640147
5674.0,283700.0,283443.0,50.0,-1.5654805011024935
5675.0,283750.0,283493.0,50.0,-1.1502607737392683
5676.0,283800.0,283543.0,50.0,-1.114982669802248
5677.0,283850.0,283593.0,50.0,-0.9216560362360089
5678.0,283900.0,283643.0,50.0,-1.1412511406395294
5679.0,283950.0,283693.0,50.0,-0.7741780923697837
5680.0,284000.0,283743.0,50.0,-1.7419366888319456
5681.0,284050.0,283793.0,50.0,-1.429783217903105
5682.0,284100.0,283843.0,50.0,-1.6132780846791837
5683.0,284150.0,283893.0,50.0,-0.7560507474928237
5684.0,284200.0,283943.0,50.0,-2.0641802882527287
5685.0,284250.0,283993.0,50.0,-1.592698741552
5686.0,284300.0,284043.0,50.0,-1.5580899000707746
5687.0,284350.0,284093.0,50.0,-1.925050039465102
5688.0,284400.0,284143.0,50.0,-2.2663075240724178
5689.0,284450.0,284193.0,50.0,-1.0339102120282284
5690.0,284500.0,284243.0,50.0,-1.3008870158473673
5691.0,284550.0,284293.0,50.0,-1.4114035452514928
5692.0,284600.0,284343.0,50.0,-0.985450053610411
5693.0,284650.0,284393.0,50.0,-0.8294890859372471
5694.0,284700.0,284443.0,50.0,-1.2277925862575787
5695.0,284750.0,284493.0,50.0,-3.3567421169761205
5696.0,284800.0,284543.0,50.0,-1.7238054237839793
5697.0,284850.0,284593.0,50.0,-2.2733507634521026
5698.0,284900.0,284643.0,50.0,-1.9668682412874805
5699.0,284950.0,284693.0,50.0,-1.050605140333034
5700.0,285000.0,284743.0,50.0,-1.1400422579679408
5701.0,285050.0,284793.0,50.0,-1.467082249116723
5702.0,285100.0,284843.0,50.0,-1.0525597675799294
5703.0,285150.0,284893.0,50.0,-1.7234777610572678
5704.0,285200.0,284943.0,50.0,-1.2770391029644064
5705.0,285250.0,284993.0,50.0,-1.2240412789843376
5706.0,285300.0,285043.0,50.0,-2.3891812691063365
5707.0,285350.0,285093.0,50.0,-1.2596364088824439
5708.0,285400.0,285143.0,50.0,-1.8386254125592145
5709.0,285450.0,285193.0,50.0,-1.7677472950923203
5710.0,285500.0,285243.0,50.0,-1.5568304860689919
5711.0,285550.0,285293.0,50.0,-0.9738287767112216
5712.0,285600.0,285343.0,50.0,-1.2282803799920738
5713.0,285650.0,285393.0,50.0,-2.260547484801715
5714.0,285700.0,285443.0,50.0,-0.8355876267023712
5715.0,285750.0,285493.0,50.0,-1.3200649519377037
5716.0,285800.0,285543.0,50.0,-2.1566084812125625
5717.0,285850.0,285593.0,50.0,-2.088220291273927
5718.0,285900.0,285643.0,50.0,-1.6821077114320162
5719.0,285950.0,285693.0,50.0,-1.4118791977982506
5720.0,286000.0,285743.0,50.0,-2.8446557720617003
5721.0,286050.0,285793.0,50.0,-1.9838759512971254
5722.0,286100.0,285843.0,50.0,-1.543238349558776
5723.0,286150.0,285893.0,50.0,-1.4027293692830964
5724.0,286200.0,285943.0,50.0,-1.6115917563950957
5725.0,286250.0,285993.0,50.0,-1.067601188964236
5726.0,286300.0,286043.0,50.0,-0.8452272883641864
5727.0,286350.0,286093.0,50.0,-0.7908931574157169
5728.0,286400.0,286143.0,50.0,-1.068226784080087
5729.0,286450.0,286193.0,50.0,-1.2785914253032422
5730.0,286500.0,286243.0,50.0,-1.1399828898494162
5731.0,286550.0,286293.0,50.0,-1.616782635346308
5732.0,286600.0,286343.0,50.0,-1.7042673442621215
5733.0,286650.0,286393.0,50.0,-0.8679710858378805
5734.0,286700.0,286443.0,50.0,-1.5241298452729932
5735.0,286750.0,286493.0,50.0,-0.8074068148719358
5736.0,286800.0,286543.0,50.0,-1.317071759830547
5737.0,286850.0,286593.0,50.0,-1.8319765565835848
5738.0,286900.0,286643.0,50.0,-1.1946894637982939
5739.0,286950.0,286693.0,50.0,-1.601369846558396
5740.0,287000.0,286743.0,50.0,-0.9165057052510183
5741.0,287050.0,286793.0,50.0,-1.1410207841884388
5742.0,287100.0,286843.0,50.0,-0.9694576191241323
5743.0,287150.0,286893.0,50.0,-1.0476390371380224
5744.0,287200.0,286943.0,50.0,-0.8727864016804273
5745.0,287250.0,286993.0,50.0,-0.8538524709765075
5746.0,287300.0,287043.0,50.0,-0.8779214787088597
5747.0,287350.0,287093.0,50.0,-2.4486416161711224
5748.0,287400.0,287143.0,50.0,-1.6338946026611245
5749.0,287450.0,287193.0,50.0,-2.2397507194617474
5750.0,287500.0,287243.0,50.0,-1.310786229922086
5751.0,287550.0,287293.0,50.0,-1.6288450353338355
5752.0,287600.0,287343.0,50.0,-0.7564772345045307
5753.0,287650.0,287393.0,50.0,-1.2253985847171114
5754.0,287700.0,287443.0,50.0,-1.0651807034982625
5755.0,287750.0,287493.0,50.0,-1.9958468356102748
5756.0,287800.0,287543.0,50.0,-1.3501435896882146
5757.0,287850.0,287593.0,50.0,-1.0153703738350741
5758.0,287900.0,287643.0,50.0,-0.9243282740109231
5759.0,287950.0,287693.0,50.0,-0.8141887955046071
5760.0,288000.0,287743.0,50.0,-1.1827128695172844
5761.0,288050.0,287793.0,50.0,-1.213731566302278
5762.0,288100.0,287843.0,50.0,-1.794219167905504
5763.0,288150.0,287893.0,50.0,-1.164152123158152
5764.0,288200.0,287943.0,50.0,-0.8418005483479507
5765.0,288250.0,287993.0,50.0,-1.021499858244468
5766.0,288300.0,288043.0,50.0,-0.6051415083444766
5767.0,288350.0,288093.0,50.0,-1.4657448709927052
5768.0,288400.0,288143.0,50.0,-1.2765235135124398
5769.0,288450.0,288193.0,50.0,-1.20013084189864
5770.0,288500.0,288243.0,50.0,-1.5226045354611477
5771.0,288550.0,288293.0,50.0,-2.201277289448667
5772.0,288600.0,288343.0,50.0,-1.3365973176526473
5773.0,288650.0,288393.0,50.0,-1.2679915743711294
5774.0,288700.0,288443.0,50.0,-1.011267325557773
5775.0,288750.0,288493.0,50.0,-1.766164590463623
5776.0,288800.0,288543.0,50.0,-1.2589528320849133
5777.0,288850.0,288593.0,50.0,-1.3559262220540893
5778.0,288900.0,288643.0,50.0,-1.2827010981806428
5779.0,288950.0,288693.0,50.0,-1.3372270215714699
5780.0,289000.0,288743.0,50.0,-1.459162007695824
5781.0,289050.0,288793.0,50.0,-1.13777437658875
5782.0,289100.0,288843.0,50.0,-1.7896992872251505
5783.0,289150.0,288893.0,50.0,-1.211220060909375
5784.0,289200.0,288943.0,50.0,-1.1133863403008162
5785.0,289250.0,288993.0,50.0,-0.9494373425286481
5786.0,289300.0,289043.0,50.0,-0.9248135933154898
5787.0,289350.0,289093.0,50.0,-0.8171883160479406
5788.0,289400.0,289143.0,50.0,-1.2761225730601198
5789.0,289450.0,289193.0,50.0,-0.9227123294469308
5790.0,289500.0,289243.0,50.0,-2.410622954506754
5791.0,289550.0,289293.0,50.0,-0.8087893122243215
5792.0,289600.0,289343.0,50.0,-1.4523161043845514
5793.0,289650.0,289393.0,50.0,-0.9516644136618171
5794.0,289700.0,289443.0,50.0,-1.9105592453422746
5795.0,289750.0,289493.0,50.0,-1.0783068460221594
5796.0,289800.0,289543.0,50.0,-1.551535884544733
5797.0,289850.0,289593.0,50.0,-1.3338045152183406
5798.0,289900.0,289643.0,50.0,-0.962672585743211
5799.0,289950.0,289693.0,50.0,-2.285322541623433
5800.0,290000.0,289743.0,50.0,-1.0456714684578023
5801.0,290050.0,289793.0,50.0,-1.3596416264334668
5802.0,290100.0,289843.0,50.0,-2.1743762982378136
5803.0,290150.0,289893.0,50.0,-1.3187026240702833
5804.0,290200.0,289943.0,50.0,-0.8100176853682558
5805.0,290250.0,289993.0,50.0,-0.8221677815575046
5806.0,290300.0,290043.0,50.0,-1.2787255415546157
5807.0,290350.0,290093.0,50.0,-0.796221523859216
5808.0,290400.0,290143.0,50.0,-2.108955426515005
5809.0,290450.0,290193.0,50.0,-2.782632473091975
5810.0,290500.0,290243.0,50.0,-1.4281081766093704
5811.0,290550.0,290293.0,50.0,-1.3867124445227592
5812.0,290600.0,290343.0,50.0,-1.6315680845645322
5813.0,290650.0,290393.0,50.0,-1.4631675447689314
5814.0,290700.0,290443.0,50.0,-1.4007107465106228
5815.0,290750.0,290493.0,50.0,-0.8208321517454316
5816.0,290800.0,290543.0,50.0,-1.5942936662996334
5817.0,290850.0,290593.0,50.0,-0.9357893649928879
5818.0,290900.0,290643.0,50.0,-1.3745340814376197
5819.0,290950.0,290693.0,50.0,-1.5762784923237996
5820.0,291000.0,290743.0,50.0,-1.8454822804181839
5821.0,291050.0,290793.0,50.0,-1.3210035849805442
5822.0,291100.0,290843.0,50.0,-1.4733081871448068
5823.0,291150.0,290893.0,50.0,-1.5991209192120512
5824.0,291200.0,290943.0,50.0,-1.0517262811053938
5825.0,291250.0,290993.0,50.0,-0.8079229710679139
5826.0,291300.0,291043.0,50.0,-1.5068251183468238
5827.0,291350.0,291093.0,50.0,-0.9061551788554851
5828.0,291400.0,291143.0,50.0,-1.0823721097306969
5829.0,291450.0,291193.0,50.0,-1.5618211165687117
5830.0,291500.0,291243.0,50.0,-1.152505938988442
5831.0,291550.0,291293.0,50.0,-0.912057933629788
5832.0,291600.0,291343.0,50.0,-2.037785593700884
5833.0,291650.0,291393.0,50.0,-1.1678998488159031
5834.0,291700.0,291443.0,50.0,-0.9874040642709182
5835.0,291750.0,291493.0,50.0,-0.921172864875185
5836.0,291800.0,291543.0,50.0,-1.0760495920786508
5837.0,291850.0,291593.0,50.0,-0.9034335970407923
5838.0,291900.0,291643.0,50.0,-1.2572923284262032
5839.0,291950.0,291693.0,50.0,-1.8214741159333272
5840.0,292000.0,291743.0,50.0,-1.1215235341131566
5841.0,292050.0,291793.0,50.0,-1.6335572743627202
5842.0,292100.0,291843.0,50.0,-0.8286232285131269
5843.0,292150.0,291893.0,50.0,-0.785208054889295
5844.0,292200.0,291943.0,50.0,-2.0059279702213977
5845.0,292250.0,291993.0,50.0,-1.9880984564000046
5846.0,292300.0,292043.0,50.0,-0.9701760815404162
5847.0,292350.0,292093.0,50.0,-1.2566718861946422
5848.0,292400.0,292143.0,50.0,-1.2041113191404864
5849.0,292450.0,292193.0,50.0,-0.6720724709573774
5850.0,292500.0,292243.0,50.0,-1.358714034680475
5851.0,292550.0,292293.0,50.0,-2.1123711205517717
5852.0,292600.0,292343.0,50.0,-1.3438887827152755
5853.0,292650.0,292393.0,50.0,-2.2166052607304723
5854.0,292700.0,292443.0,50.0,-1.6247862916252058
5855.0,292750.0,292493.0,50.0,-1.2334002384887892
5856.0,292800.0,292543.0,50.0,-1.0210162248509074
5857.0,292850.0,292593.0,50.0,-2.3558216815081883
5858.0,292900.0,292643.0,50.0,-0.8619003469082549
5859.0,292950.0,292693.0,50.0,-1.0490323094100824
5860.0,293000.0,292743.0,50.0,-1.4057942608421554
5861.0,293050.0,292793.0,50.0,-1.3650918045796638
5862.0,293100.0,292843.0,50.0,-1.170193865349915
5863.0,293150.0,292893.0,50.0,-2.1385234262991415
5864.0,293200.0,292943.0,50.0,-0.9910738953415937
5865.0,293250.0,292993.0,50.0,-1.6717776153674513
5866.0,293300.0,293043.0,50.0,-1.7365045401664032
5867.0,293350.0,293093.0,50.0,-1.5145967296664604
5868.0,293400.0,293143.0,50.0,-1.093663587460521
5869.0,293450.0,293193.0,50.0,-1.5900226468075553
5870.0,293500.0,293243.0,50.0,-1.244831747081182
5871.0,293550.0,293293.0,50.0,-1.5003306997216945
5872.0,293600.0,293343.0,50.0,-1.8943504494775782
5873.0,293650.0,293393.0,50.0,-2.0134590265272005
5874.0,293700.0,293443.0,50.0,-0.8424965826813341
5875.0,293750.0,293493.0,50.0,-1.7989662900989984
5876.0,293800.0,293543.0,50.0,-1.4042091434826174
5877.0,293850.0,293593.0,50.0,-2.6299736928257555
5878.0,293900.0,293643.0,50.0,-1.200519904616002
5879.0,293950.0,293693.0,50.0,-1.4710864017296432
5880.0,294000.0,293743.0,50.0,-1.1523678868395475
5881.0,294050.0,293793.0,50.0,-1.0582204179512378
5882.0,294100.0,293843.0,50.0,-1.8135459144180788
5883.0,294150.0,293893.0,50.0,-0.8580828010928261
5884.0,294200.0,293943.0,50.0,-1.4700682593140102
5885.0,294250.0,293993.0,50.0,-1.3578127262733084
5886.0,294300.0,294043.0,50.0,-1.3751528975784242
5887.0,294350.0,294093.0,50.0,-1.3509578661025616
5888.0,294400.0,294143.0,50.0,-1.0331081946913916
5889.0,294450.0,294193.0,50.0,-0.6677958392358345
5890.0,294500.0,294243.0,50.0,-1.0351841079558723
5891.0,294550.0,294293.0,50.0,-1.2444083970734499
5892.0,294600.0,294343.0,50.0,-1.176566477874661
5893.0,294650.0,294393.0,50.0,-1.330291166815718
5894.0,294700.0,294443.0,50.0,-1.3783586741014595
5895.0,294750.0,294493.0,50.0,-1.2086766214424913
5896.0,294800.0,294543.0,50.0,-0.7793054490201043
5897.0,294850.0,294593.0,50.0,-1.398038670024367
5898.0,294900.0,294643.0,50.0,-1.3346909925898687
5899.0,294950.0,294693.0,50.0,-1.1008604273712268
5900.0,295000.0,294743.0,50.0,-1.0197982432798505
5901.0,295050.0,294793.0,50.0,-2.743867237169917
5902.0,295100.0,294843.0,50.0,-1.3230752186446868
5903.0,295150.0,294893.0,50.0,-1.66920729087548
5904.0,295200.0,294943.0,50.0,-0.9852736707270727
5905.0,295250.0,294993.0,50.0,-1.6364050118026163
5906.0,295300.0,295043.0,50.0,-1.4463973623264252
5907.0,295350.0,295093.0,50.0,-0.9095645105024375
5908.0,295400.0,295143.0,50.0,-1.8051979006867918
5909.0,295450.0,295193.0,50.0,-1.3263967489335524
5910.0,295500.0,295243.0,50.0,-1.0751038143252438
5911.0,295550.0,295293.0,50.0,-0.9912527572619765
5912.0,295600.0,295343.0,50.0,-1.394580293426587
5913.0,295650.0,295393.0,50.0,-1.3924990531858206
5914.0,295700.0,295443.0,50.0,-1.0876393731956906
5915.0,295750.0,295493.0,50.0,-1.0148913710646903
5916.0,295800.0,295543.0,50.0,-1.365989823833031
5917.0,295850.0,295593.0,50.0,-0.9429717186305084
5918.0,295900.0,295643.0,50.0,-1.8566780879476459
5919.0,295950.0,295693.0,50.0,-1.030144730117029
5920.0,296000.0,295743.0,50.0,-1.6329257902445986
5921.0,296050.0,295793.0,50.0,-1.7484625535497516
5922.0,296100.0,295843.0,50.0,-0.9417495735252195
5923.0,296150.0,295893.0,50.0,-1.2396087109099923
5924.0,296200.0,295943.0,50.0,-2.48371384010996
5925.0,296250.0,295993.0,50.0,-0.7512846360192375
5926.0,296300.0,296043.0,50.0,-1.6356928416029368
5927.0,296350.0,296093.0,50.0,-1.765784701129715
5928.0,296400.0,296143.0,50.0,-1.6345478382193461
5929.0,296450.0,296193.0,50.0,-2.2972440759521024
5930.0,296500.0,296243.0,50.0,-1.5474224685547293
5931.0,296550.0,296293.0,50.0,-1.1815739216749894
5932.0,296600.0,296343.0,50.0,-0.6153842251991715
5933.0,296650.0,296393.0,50.0,-1.0138223108594213
5934.0,296700.0,296443.0,50.0,-1.9252861797334115
5935.0,296750.0,296493.0,50.0,-2.2735399834154646
5936.0,296800.0,296543.0,50.0,-1.139381692256364
5937.0,296850.0,296593.0,50.0,-2.469772013505395
5938.0,296900.0,296643.0,50.0,-2.0984962922190933
5939.0,296950.0,296693.0,50.0,-1.0073330230079087
5940.0,297000.0,296743.0,50.0,-1.279235948678794
5941.0,297050.0,296793.0,50.0,-1.0468604820005893
5942.0,297100.0,296843.0,50.0,-1.307819618760391
5943.0,297150.0,296893.0,50.0,-0.6934283379717697
5944.0,297200.0,296943.0,50.0,-1.610220939591591
5945.0,297250.0,296993.0,50.0,-1.2123532672639628
5946.0,297300.0,297043.0,50.0,-1.1133981321760693
5947.0,297350.0,297093.0,50.0,-1.4641133140294056
5948.0,297400.0,297143.0,50.0,-1.3613697634509645
5949.0,297450.0,297193.0,50.0,-1.5899857453145188
5950.0,297500.0,297243.0,50.0,-2.4255327997412324
5951.0,297550.0,297293.0,50.0,-0.8208140485512149
5952.0,297600.0,297343.0,50.0,-1.6890446523345253
5953.0,297650.0,297393.0,50.0,-1.1287033814445013
5954.0,297700.0,297443.0,50.0,-1.1170172584537152
5955.0,297750.0,297493.0,50.0,-1.0466467468488336
5956.0,297800.0,297543.0,50.0,-1.3958259053309068
5957.0,297850.0,297593.0,50.0,-1.3672984682877225
5958.0,297900.0,297643.0,50.0,-0.8317347382167889
5959.0,297950.0,297693.0,50.0,-1.299801521216716
5960.0,298000.0,297743.0,50.0,-1.4240718261340026
5961.0,298050.0,297793.0,50.0,-1.5999375543324024
5962.0,298100.0,297843.0,50.0,-2.5223278633894326
5963.0,298150.0,297893.0,50.0,-2.3466543872006733
5964.0,298200.0,297943.0,50.0,-2.542927024642327
5965.0,298250.0,297993.0,50.0,-0.9281793776691749
5966.0,298300.0,298043.0,50.0,-1.8982472014875258
5967.0,298350.0,298093.0,50.0,-1.1493932316241897
5968.0,298400.0,298143.0,50.0,-1.743983420308103
5969.0,298450.0,298193.0,50.0,-2.1987956146020236
5970.0,298500.0,298243.0,50.0,-0.9707329578565244
5971.0,298550.0,298293.0,50.0,-1.3201157451529384
5972.0,298600.0,298343.0,50.0,-1.8304076101698366
5973.0,298650.0,298393.0,50.0,-1.7039765263478084
5974.0,298700.0,298443.0,50.0,-1.4684725392790936
5975.0,298750.0,298493.0,50.0,-0.9632180491481895
5976.0,298800.0,298543.0,50.0,-1.1625036742528019
5977.0,298850.0,298593.0,50.0,-1.2529954690856049
5978.0,298900.0,298643.0,50.0,-1.1599149735488523
5979.0,298950.0,298693.0,50.0,-1.46208149614381
5980.0,299000.0,298743.0,50.0,-1.1038689559031258
5981.0,299050.0,298793.0,50.0,-1.3385176259112115
5982.0,299100.0,298843.0,50.0,-0.9396478113361081
5983.0,299150.0,298893.0,50.0,-1.4481674350735307
5984.0,299200.0,298943.0,50.0,-2.127802405291827
5985.0,299250.0,298993.0,50.0,-1.3835935237972021
5986.0,299300.0,299043.0,50.0,-2.2137328709020805
5987.0,299350.0,299093.0,50.0,-2.8277439018357655
5988.0,299400.0,299143.0,50.0,-1.4713958701342449
5989.0,299450.0,299193.0,50.0,-1.5102205629028065
5990.0,299500.0,299243.0,50.0,-1.5015138516337105
5991.0,299550.0,299293.0,50.0,-0.8285841068066265
5992.0,299600.0,299343.0,50.0,-1.116294943059019
5993.0,299650.0,299393.0,50.0,-1.4850318368024895
5994.0,299700.0,299443.0,50.0,-1.2155388912225
5995.0,299750.0,299493.0,50.0,-1.5447416045964963
5996.0,299800.0,299543.0,50.0,-1.4895953998859215
5997.0,299850.0,299593.0,50.0,-1.5850956141055226
5998.0,299900.0,299643.0,50.0,-1.2216866210933692
5999.0,299950.0,299693.0,50.0,-0.855770193867701
6000.0,300000.0,299743.0,50.0,-1.4324111335224563
6001.0,300050.0,299793.0,50.0,-1.381170977753891
6002.0,300100.0,299843.0,50.0,-1.341403268688621
6003.0,300150.0,299893.0,50.0,-1.261196371461288
6004.0,300200.0,299943.0,50.0,-0.9256784773170379
6005.0,300250.0,299993.0,50.0,-1.2334651821410847
6006.0,300300.0,300043.0,50.0,-1.0814510183854669
6007.0,300350.0,300093.0,50.0,-2.096274705568201
6008.0,300400.0,300143.0,50.0,-0.8982420856471603
6009.0,300450.0,300193.0,50.0,-1.5916549947639655
6010.0,300500.0,300243.0,50.0,-1.0672449587040735
6011.0,300550.0,300293.0,50.0,-0.7975291906503583
6012.0,300600.0,300343.0,50.0,-1.0404242048291852
6013.0,300650.0,300393.0,50.0,-0.9936257255298059
6014.0,300700.0,300443.0,50.0,-1.1582128483122074
6015.0,300750.0,300493.0,50.0,-1.0827440985415355
6016.0,300800.0,300543.0,50.0,-2.0277064101034674
6017.0,300850.0,300593.0,50.0,-0.9146793085652906
6018.0,300900.0,300643.0,50.0,-1.3072214666010624
6019.0,300950.0,300693.0,50.0,-0.8372012443153658
6020.0,301000.0,300743.0,50.0,-2.7413243977238086
6021.0,301050.0,300793.0,50.0,-1.3877291123202262
6022.0,301100.0,300843.0,50.0,-1.1598403701887665
6023.0,301150.0,300893.0,50.0,-1.3287031484761487
6024.0,301200.0,300943.0,50.0,-2.495765963611956
6025.0,301250.0,300993.0,50.0,-1.2072503856199692
6026.0,301300.0,301043.0,50.0,-2.4627279592357403
6027.0,301350.0,301093.0,50.0,-1.3847789261554448
6028.0,301400.0,301143.0,50.0,-0.9060480733512462
6029.0,301450.0,301193.0,50.0,-0.9903964344292504
6030.0,301500.0,301243.0,50.0,-2.0175134043369742
6031.0,301550.0,301293.0,50.0,-2.195464385768901
6032.0,301600.0,301343.0,50.0,-0.6749956075612885
6033.0,301650.0,301393.0,50.0,-1.0046540088903624
6034.0,301700.0,301443.0,50.0,-1.496866602975994
6035.0,301750.0,301493.0,50.0,-1.1720141697987663
6036.0,301800.0,301543.0,50.0,-2.733148394761606
6037.0,301850.0,301593.0,50.0,-2.4029997564844936
6038.0,301900.0,301643.0,50.0,-1.8151291403584127
6039.0,301950.0,301693.0,50.0,-1.010360158043711
6040.0,302000.0,301743.0,50.0,-0.5787611350214523
6041.0,302050.0,301793.0,50.0,-2.4321566376236894
6042.0,302100.0,301843.0,50.0,-1.6414175357393215
6043.0,302150.0,301893.0,50.0,-0.998643552515518
6044.0,302200.0,301943.0,50.0,-0.9086897938635309
6045.0,302250.0,301993.0,50.0,-1.817346867147151
6046.0,302300.0,302043.0,50.0,-1.9629132452597584
6047.0,302350.0,302093.0,50.0,-2.1238053534697103
6048.0,302400.0,302143.0,50.0,-1.43420319014885
6049.0,302450.0,302193.0,50.0,-1.2259006276182531
6050.0,302500.0,302243.0,50.0,-1.2785242419164897
6051.0,302550.0,302293.0,50.0,-1.2687833831582143
6052.0,302600.0,302343.0,50.0,-1.1427775737418957
6053.0,302650.0,302393.0,50.0,-1.370975807142439
6054.0,302700.0,302443.0,50.0,-1.0618181760946714
6055.0,302750.0,302493.0,50.0,-0.7959930103165026
6056.0,302800.0,302543.0,50.0,-0.7292994797006825
6057.0,302850.0,302593.0,50.0,-1.5770140080987087
6058.0,302900.0,302643.0,50.0,-1.7691373209461714
6059.0,302950.0,302693.0,50.0,-2.2687823317794162
6060.0,303000.0,302743.0,50.0,-1.051936085324633
6061.0,303050.0,302793.0,50.0,-1.4533545169602
6062.0,303100.0,302843.0,50.0,-2.3302208806117046
6063.0,303150.0,302893.0,50.0,-1.2295910997164923
6064.0,303200.0,302943.0,50.0,-0.9942214315702943
6065.0,303250.0,302993.0,50.0,-1.866030258395254
6066.0,303300.0,303043.0,50.0,-1.4137533781543687
6067.0,303350.0,303093.0,50.0,-2.133749743285328
6068.0,303400.0,303143.0,50.0,-0.928459312531988
6069.0,303450.0,303193.0,50.0,-1.643401513610099
6070.0,303500.0,303243.0,50.0,-1.1544598110298914
6071.0,303550.0,303293.0,50.0,-1.0481319720942446
6072.0,303600.0,303343.0,50.0,-1.781252332735885
6073.0,303650.0,303393.0,50.0,-0.8247546059062637
6074.0,303700.0,303443.0,50.0,-1.0053701148351202
6075.0,303750.0,303493.0,50.0,-1.1481751523313501
6076.0,303800.0,303543.0,50.0,-0.7473619063110788
6077.0,303850.0,303593.0,50.0,-1.5035172001438026
6078.0,303900.0,303643.0,50.0,-1.290455598952807
6079.0,303950.0,303693.0,50.0,-1.906107758338459
6080.0,304000.0,303743.0,50.0,-1.1678828684963163
6081.0,304050.0,303793.0,50.0,-0.9400485292412781
6082.0,304100.0,303843.0,50.0,-1.433423926379489
6083.0,304150.0,303893.0,50.0,-1.284072887126165
6084.0,304200.0,303943.0,50.0,-1.114980631504144
6085.0,304250.0,303993.0,50.0,-1.7104592695403067
6086.0,304300.0,304043.0,50.0,-1.2829781739498378
6087.0,304350.0,304093.0,50.0,-1.6417185156384686
6088.0,304400.0,304143.0,50.0,-1.0978488487131435
6089.0,304450.0,304193.0,50.0,-2.3570872076946783
6090.0,304500.0,304243.0,50.0,-0.956787763564162
6091.0,304550.0,304293.0,50.0,-2.1175185323835493
6092.0,304600.0,304343.0,50.0,-1.5633423400339488
6093.0,304650.0,304393.0,50.0,-0.7545305025978284
6094.0,304700.0,304443.0,50.0,-0.8053522091348875
6095.0,304750.0,304493.0,50.0,-0.7273674866311317
6096.0,304800.0,304543.0,50.0,-1.1641841949374179
6097.0,304850.0,304593.0,50.0,-0.7874947514228879
6098.0,304900.0,304643.0,50.0,-0.8509526378525858
6099.0,304950.0,304693.0,50.0,-1.5096739967479045
6100.0,305000.0,304743.0,50.0,-1.0986678075911802
6101.0,305050.0,304793.0,50.0,-1.3656107932960744
6102.0,305100.0,304843.0,50.0,-0.9531085001189643
6103.0,305150.0,304893.0,50.0,-0.9181731984144433
6104.0,305200.0,304943.0,50.0,-1.9255433061665181
6105.0,305250.0,304993.0,50.0,-0.7481854676838569
6106.0,305300.0,305043.0,50.0,-0.9519603381039128
6107.0,305350.0,305093.0,50.0,-1.148630488815126
6108.0,305400.0,305143.0,50.0,-1.0171522202804277
6109.0,305450.0,305193.0,50.0,-1.1898771053344208
6110.0,305500.0,305243.0,50.0,-2.0034901283952005
6111.0,305550.0,305293.0,50.0,-1.3074224806191344
6112.0,305600.0,305343.0,50.0,-1.2328143919845542
6113.0,305650.0,305393.0,50.0,-1.002439763922921
6114.0,305700.0,305443.0,50.0,-1.4116814997404155
6115.0,305750.0,305493.0,50.0,-1.3206929967307208
6116.0,305800.0,305543.0,50.0,-0.8355561392285011
6117.0,305850.0,305593.0,50.0,-1.4431532601843093
6118.0,305900.0,305643.0,50.0,-1.2512797749299545
6119.0,305950.0,305693.0,50.0,-1.9834843981095687
6120.0,306000.0,305743.0,50.0,-1.1271905311152164
6121.0,306050.0,305793.0,50.0,-1.7201967571598542
6122.0,306100.0,305843.0,50.0,-1.2691925075092887
6123.0,306150.0,305893.0,50.0,-1.120917327623206
6124.0,306200.0,305943.0,50.0,-2.045177915514756
6125.0,306250.0,305993.0,50.0,-1.147973424455175
6126.0,306300.0,306043.0,50.0,-1.1288460603659334
6127.0,306350.0,306093.0,50.0,-1.732098152243772
6128.0,306400.0,306143.0,50.0,-1.2519009058104575
6129.0,306450.0,306193.0,50.0,-0.7078734192227115
6130.0,306500.0,306243.0,50.0,-1.7031781051528063
6131.0,306550.0,306293.0,50.0,-0.7905919392875876
6132.0,306600.0,306343.0,50.0,-2.0366715895849534
6133.0,306650.0,306393.0,50.0,-0.949106832964424
6134.0,306700.0,306443.0,50.0,-1.310458680646624
6135.0,306750.0,306493.0,50.0,-1.255478598461756
6136.0,306800.0,306543.0,50.0,-1.1297046017946077
6137.0,306850.0,306593.0,50.0,-1.8963891746673514
6138.0,306900.0,306643.0,50.0,-1.1132494944639506
6139.0,306950.0,306693.0,50.0,-1.9419622242035006
6140.0,307000.0,306743.0,50.0,-0.8787257586259098
6141.0,307050.0,306793.0,50.0,-1.2305858108039138
6142.0,307100.0,306843.0,50.0,-1.2810836078447059
6143.0,307150.0,306893.0,50.0,-1.173371278030868
6144.0,307200.0,306943.0,50.0,-1.011166294412466
6145.0,307250.0,306993.0,50.0,-0.7187971687326693
6146.0,307300.0,307043.0,50.0,-1.2392973726262033
6147.0,307350.0,307093.0,50.0,-1.4544251514411914
6148.0,307400.0,307143.0,50.0,-1.3066496190435708
6149.0,307450.0,307193.0,50.0,-1.6721508396655382
6150.0,307500.0,307243.0,50.0,-0.8913794788356301
6151.0,307550.0,307293.0,50.0,-1.7147068753660781
6152.0,307600.0,307343.0,50.0,-1.3052996311553606
6153.0,307650.0,307393.0,50.0,-1.4663798115411586
6154.0,307700.0,307443.0,50.0,-1.7693136817555046
6155.0,307750.0,307493.0,50.0,-1.0526398454616397
6156.0,307800.0,307543.0,50.0,-1.8090759688633857
6157.0,307850.0,307593.0,50.0,-1.324272628642783
6158.0,307900.0,307643.0,50.0,-1.7476791077079321
6159.0,307950.0,307693.0,50.0,-0.8172078879039886
6160.0,308000.0,307743.0,50.0,-1.9496540531101698
6161.0,308050.0,307793.0,50.0,-0.729116351702255
6162.0,308100.0,307843.0,50.0,-1.32223181314852
6163.0,308150.0,307893.0,50.0,-0.9628133517342929
6164.0,308200.0,307943.0,50.0,-1.8142412709246276
6165.0,308250.0,307993.0,50.0,-1.4284214996869176
6166.0,308300.0,308043.0,50.0,-3.1894414760499536
6167.0,308350.0,308093.0,50.0,-1.1503484972100562
6168.0,308400.0,308143.0,50.0,-1.7668670770589276
6169.0,308450.0,308193.0,50.0,-1.0308949472057822
6170.0,308500.0,308243.0,50.0,-1.3185461286855829
6171.0,308550.0,308293.0,50.0,-2.08939211170844
6172.0,308600.0,308343.0,50.0,-1.1758814894201206
6173.0,308650.0,308393.0,50.0,-2.8712004716453374
6174.0,308700.0,308443.0,50.0,-1.9405167139889121
6175.0,308750.0,308493.0,50.0,-2.2514464542483674
6176.0,308800.0,308543.0,50.0,-2.19621018457108
6177.0,308850.0,308593.0,50.0,-0.8938681083132854
6178.0,308900.0,308643.0,50.0,-1.104195276113866
6179.0,308950.0,308693.0,50.0,-0.6824872022235888
6180.0,309000.0,308743.0,50.0,-2.774936663876081
6181.0,309050.0,308793.0,50.0,-1.4743441396090065
6182.0,309100.0,308843.0,50.0,-0.9934352214778966
6183.0,309150.0,308893.0,50.0,-1.3083832954986225
6184.0,309200.0,308943.0,50.0,-0.8021915859569505
6185.0,309250.0,308993.0,50.0,-2.322111988434526
6186.0,309300.0,309043.0,50.0,-1.5137478879025135
6187.0,309350.0,309093.0,50.0,-0.8769919339865448
6188.0,309400.0,309143.0,50.0,-2.207398106779193
6189.0,309450.0,309193.0,50.0,-2.6646817450197
6190.0,309500.0,309243.0,50.0,-1.8761695816259938
6191.0,309550.0,309293.0,50.0,-1.3139919522267742
6192.0,309600.0,309343.0,50.0,-1.1436759823793297
6193.0,309650.0,309393.0,50.0,-1.360669273128328
6194.0,309700.0,309443.0,50.0,-1.8119099557123801
6195.0,309750.0,309493.0,50.0,-2.4800749934746467
6196.0,309800.0,309543.0,50.0,-1.0551470937369138
6197.0,309850.0,309593.0,50.0,-0.7306233904119913
6198.0,309900.0,309643.0,50.0,-2.941993302961214
6199.0,309950.0,309693.0,50.0,-2.6855916014373156
6200.0,310000.0,309743.0,50.0,-0.9187310866300058
6201.0,310050.0,309793.0,50.0,-1.70944380282263
6202.0,310100.0,309843.0,50.0,-1.5438555340786733
6203.0,310150.0,309893.0,50.0,-1.1912506891198147
6204.0,310200.0,309943.0,50.0,-0.836963747396602
6205.0,310250.0,309993.0,50.0,-1.557481089031858
6206.0,310300.0,310043.0,50.0,-2.3102986648672887
6207.0,310350.0,310093.0,50.0,-1.068479556645919
6208.0,310400.0,310143.0,50.0,-2.0855118779096085
6209.0,310450.0,310193.0,50.0,-0.4956273053016868
6210.0,310500.0,310243.0,50.0,-2.7952718442119604
6211.0,310550.0,310293.0,50.0,-0.9279925004255916
6212.0,310600.0,310343.0,50.0,-1.2428094846638578
6213.0,310650.0,310393.0,50.0,-1.1368444248377938
6214.0,310700.0,310443.0,50.0,-1.7341409707160456
6215.0,310750.0,310493.0,50.0,-1.1750227703236318
6216.0,310800.0,310543.0,50.0,-2.5739417079667883
6217.0,310850.0,310593.0,50.0,-2.091946103019507
6218.0,310900.0,310643.0,50.0,-1.1853542668299852
6219.0,310950.0,310693.0,50.0,-0.8349681092149062
6220.0,311000.0,310743.0,50.0,-1.6455195845130592
6221.0,311050.0,310793.0,50.0,-1.6234941488088088
6222.0,311100.0,310843.0,50.0,-1.071784178786065
6223.0,311150.0,310893.0,50.0,-1.0818512654423016
6224.0,311200.0,310943.0,50.0,-1.0614463074873743
6225.0,311250.0,310993.0,50.0,-1.8485038991987326
6226.0,311300.0,311043.0,50.0,-1.054423464287211
6227.0,311350.0,311093.0,50.0,-1.236690560050593
6228.0,311400.0,311143.0,50.0,-1.1253298606517235
6229.0,311450.0,311193.0,50.0,-0.6007713058253249
6230.0,311500.0,311243.0,50.0,-0.8679957379600685
6231.0,311550.0,311293.0,50.0,-1.4440383317869179
6232.0,311600.0,311343.0,50.0,-1.89791321725551
6233.0,311650.0,311393.0,50.0,-1.6561613224981093
6234.0,311700.0,311443.0,50.0,-1.7079496252379442
6235.0,311750.0,311493.0,50.0,-0.9337689166774715
6236.0,311800.0,311543.0,50.0,-0.7465090402883295
6237.0,311850.0,311593.0,50.0,-1.3223615390899448
6238.0,311900.0,311643.0,50.0,-2.3837353828550167
6239.0,311950.0,311693.0,50.0,-0.9261121913844544
6240.0,312000.0,311743.0,50.0,-1.4384990231519008
6241.0,312050.0,311793.0,50.0,-0.7913454489047577
6242.0,312100.0,311843.0,50.0,-1.4772954673230723
6243.0,312150.0,311893.0,50.0,-1.223058539887095
6244.0,312200.0,311943.0,50.0,-1.638505137871903
6245.0,312250.0,311993.0,50.0,-1.4169902889232897
6246.0,312300.0,312043.0,50.0,-0.7803323481742376
6247.0,312350.0,312093.0,50.0,-0.7507449802855289
6248.0,312400.0,312143.0,50.0,-0.9114164073941463
6249.0,312450.0,312193.0,50.0,-2.1017167040953106
6250.0,312500.0,312243.0,50.0,-2.0560050252136386
6251.0,312550.0,312293.0,50.0,-1.5265544802970288
6252.0,312600.0,312343.0,50.0,-0.7214035444590884
6253.0,312650.0,312393.0,50.0,-1.462986164293638
6254.0,312700.0,312443.0,50.0,-2.251314849038371
6255.0,312750.0,312493.0,50.0,-1.4381247295401647
6256.0,312800.0,312543.0,50.0,-1.5991175277696417
6257.0,312850.0,312593.0,50.0,-0.7619514687785328
6258.0,312900.0,312643.0,50.0,-1.2407845212988384
6259.0,312950.0,312693.0,50.0,-0.7984527184908424
6260.0,313000.0,312743.0,50.0,-0.849862656111055
6261.0,313050.0,312793.0,50.0,-0.9924681022890471
6262.0,313100.0,312843.0,50.0,-2.1587338082904175
6263.0,313150.0,312893.0,50.0,-1.0496575073734609
6264.0,313200.0,312943.0,50.0,-1.0443939989886253
6265.0,313250.0,312993.0,50.0,-0.6761330024407156
6266.0,313300.0,313043.0,50.0,-1.4028453666302443
6267.0,313350.0,313093.0,50.0,-1.5484926471384313
6268.0,313400.0,313143.0,50.0,-2.062958682232978
6269.0,313450.0,313193.0,50.0,-1.0021681590951081
6270.0,313500.0,313243.0,50.0,-1.4222519016140303
6271.0,313550.0,313293.0,50.0,-0.8648933142728802
6272.0,313600.0,313343.0,50.0,-1.6052595419538176
6273.0,313650.0,313393.0,50.0,-1.351726516230537
6274.0,313700.0,313443.0,50.0,-1.4536221483003684
6275.0,313750.0,313493.0,50.0,-1.0521492850611558
6276.0,313800.0,313543.0,50.0,-1.024643032891859
6277.0,313850.0,313593.0,50.0,-1.1660654486101922
6278.0,313900.0,313643.0,50.0,-1.1375879526151595
6279.0,313950.0,313693.0,50.0,-0.9518917915809596
6280.0,314000.0,313743.0,50.0,-1.4300955186981803
6281.0,314050.0,313793.0,50.0,-1.4448498385463746
6282.0,314100.0,313843.0,50.0,-1.428496835107642
6283.0,314150.0,313893.0,50.0,-1.1492449737381893
6284.0,314200.0,313943.0,50.0,-1.861915551039336
6285.0,314250.0,313993.0,50.0,-1.1799380997727116
6286.0,314300.0,314043.0,50.0,-2.080830542618311
6287.0,314350.0,314093.0,50.0,-1.8242307939323996
6288.0,314400.0,314143.0,50.0,-0.7965568139022733
6289.0,314450.0,314193.0,50.0,-1.525230195689099
6290.0,314500.0,314243.0,50.0,-0.8699203328714704
6291.0,314550.0,314293.0,50.0,-1.2721951727911431
6292.0,314600.0,314343.0,50.0,-1.0794120604717707
6293.0,314650.0,314393.0,50.0,-1.7693557583208068
6294.0,314700.0,314443.0,50.0,-0.8268391297430097
6295.0,314750.0,314493.0,50.0,-1.2847361156541208
6296.0,314800.0,314543.0,50.0,-1.1495660228009241
6297.0,314850.0,314593.0,50.0,-0.8266231458928764
6298.0,314900.0,314643.0,50.0,-0.8605508734084919
6299.0,314950.0,314693.0,50.0,-1.1234099052274895
6300.0,315000.0,314743.0,50.0,-0.9994060016536974
6301.0,315050.0,314793.0,50.0,-1.5578214721841057
6302.0,315100.0,314843.0,50.0,-1.6436742423124584
6303.0,315150.0,314893.0,50.0,-1.0710016552439745
6304.0,315200.0,314943.0,50.0,-0.6916768159889252
6305.0,315250.0,314993.0,50.0,-1.2487105343278053
6306.0,315300.0,315043.0,50.0,-1.9202658307622724
6307.0,315350.0,315093.0,50.0,-1.4914916268708736
6308.0,315400.0,315143.0,50.0,-1.2684548599315768
6309.0,315450.0,315193.0,50.0,-1.3905656929680437
6310.0,315500.0,315243.0,50.0,-0.9621386696785119
6311.0,315550.0,315293.0,50.0,-1.865060977426173
6312.0,315600.0,315343.0,50.0,-1.1937714721671362
6313.0,315650.0,315393.0,50.0,-0.7426274537501796
6314.0,315700.0,315443.0,50.0,-0.7017694830124028
6315.0,315750.0,315493.0,50.0,-1.9939371317968873
6316.0,315800.0,315543.0,50.0,-3.411111366337389
6317.0,315850.0,315593.0,50.0,-0.9715249330877285
6318.0,315900.0,315643.0,50.0,-0.7472097953198851
6319.0,315950.0,315693.0,50.0,-2.624306495835124
6320.0,316000.0,315743.0,50.0,-1.841421734135668
6321.0,316050.0,315793.0,50.0,-1.1924032039372685
6322.0,316100.0,315843.0,50.0,-1.0340436029158
6323.0,316150.0,315893.0,50.0,-1.2358588311219088
6324.0,316200.0,315943.0,50.0,-1.4447667305128986
6325.0,316250.0,315993.0,50.0,-1.5839961891602197
6326.0,316300.0,316043.0,50.0,-0.8775001837074317
6327.0,316350.0,316093.0,50.0,-0.9991406125725558
6328.0,316400.0,316143.0,50.0,-1.2434637928574797
6329.0,316450.0,316193.0,50.0,-1.218439252481503
6330.0,316500.0,316243.0,50.0,-1.015225500192649
6331.0,316550.0,316293.0,50.0,-1.6689379755814908
6332.0,316600.0,316343.0,50.0,-1.2768254112087132
6333.0,316650.0,316393.0,50.0,-2.4088237100308647
6334.0,316700.0,316443.0,50.0,-1.783079220001384
6335.0,316750.0,316493.0,50.0,-0.9996692917512559
6336.0,316800.0,316543.0,50.0,-1.7826706290132834
6337.0,316850.0,316593.0,50.0,-0.9127230694638191
6338.0,316900.0,316643.0,50.0,-1.5762874825860569
6339.0,316950.0,316693.0,50.0,-2.18483544795874
6340.0,317000.0,316743.0,50.0,-1.9576127857356846
6341.0,317050.0,316793.0,50.0,-1.978683246505077
6342.0,317100.0,316843.0,50.0,-1.6553798953655943
6343.0,317150.0,316893.0,50.0,-1.1643166934773994
6344.0,317200.0,316943.0,50.0,-0.7988631675927039
6345.0,317250.0,316993.0,50.0,-1.950069973310343
6346.0,317300.0,317043.0,50.0,-1.753645307774227
6347.0,317350.0,317093.0,50.0,-1.0538505770275308
6348.0,317400.0,317143.0,50.0,-0.8059502326465834
6349.0,317450.0,317193.0,50.0,-0.9858066942847324
6350.0,317500.0,317243.0,50.0,-0.9945947123018286
6351.0,317550.0,317293.0,50.0,-0.7838708712601639
6352.0,317600.0,317343.0,50.0,-1.513467573063127
6353.0,317650.0,317393.0,50.0,-1.9015466069788525
6354.0,317700.0,317443.0,50.0,-1.7926052597750823
6355.0,317750.0,317493.0,50.0,-1.6405317925484837
6356.0,317800.0,317543.0,50.0,-1.7555766817990721
6357.0,317850.0,317593.0,50.0,-0.6356617870578084
6358.0,317900.0,317643.0,50.0,-1.1037535781675127
6359.0,317950.0,317693.0,50.0,-1.0599180409971543
6360.0,318000.0,317743.0,50.0,-2.062173578375771
6361.0,318050.0,317793.0,50.0,-1.0006477502961864
6362.0,318100.0,317843.0,50.0,-1.470461340178863
6363.0,318150.0,317893.0,50.0,-1.2373272120954861
6364.0,318200.0,317943.0,50.0,-1.8487566391961332
6365.0,318250.0,317993.0,50.0,-1.395905565573009
6366.0,318300.0,318043.0,50.0,-1.0125079613756547
6367.0,318350.0,318093.0,50.0,-1.3662537082127595
6368.0,318400.0,318143.0,50.0,-0.7769457797609178
6369.0,318450.0,318193.0,50.0,-0.7361373466738106
6370.0,318500.0,318243.0,50.0,-1.2993852430926167
6371.0,318550.0,318293.0,50.0,-1.035497825754583
6372.0,318600.0,318343.0,50.0,-1.1256849870669605
6373.0,318650.0,318393.0,50.0,-1.3787866303461864
6374.0,318700.0,318443.0,50.0,-2.0541030063906263
6375.0,318750.0,318493.0,50.0,-1.8230029464846484
6376.0,318800.0,318543.0,50.0,-1.6898322752183061
6377.0,318850.0,318593.0,50.0,-1.401878194741624
6378.0,318900.0,318643.0,50.0,-0.7428414795857442
6379.0,318950.0,318693.0,50.0,-1.5061293856708775
6380.0,319000.0,318743.0,50.0,-1.1473875921377357
6381.0,319050.0,318793.0,50.0,-0.9840454251505226
6382.0,319100.0,318843.0,50.0,-0.9522231703093984
6383.0,319150.0,318893.0,50.0,-1.0813794450463374
6384.0,319200.0,318943.0,50.0,-1.8091029698255636
6385.0,319250.0,318993.0,50.0,-1.4705780992054827
6386.0,319300.0,319043.0,50.0,-0.9247646365414092
6387.0,319350.0,319093.0,50.0,-1.1716767859652644
6388.0,319400.0,319143.0,50.0,-0.8814815309048635
6389.0,319450.0,319193.0,50.0,-0.6730551111411774
6390.0,319500.0,319243.0,50.0,-0.9067894796844741
6391.0,319550.0,319293.0,50.0,-1.7232415465795965
6392.0,319600.0,319343.0,50.0,-0.8459059245262388
6393.0,319650.0,319393.0,50.0,-1.131089953533925
6394.0,319700.0,319443.0,50.0,-0.5879407290494305
6395.0,319750.0,319493.0,50.0,-2.6755714929471903
6396.0,319800.0,319543.0,50.0,-0.8891048747474969
6397.0,319850.0,319593.0,50.0,-1.2770790329135853
6398.0,319900.0,319643.0,50.0,-2.58286674658549
6399.0,319950.0,319693.0,50.0,-1.1060538248655432
6400.0,320000.0,319743.0,50.0,-0.9779700925120429
6401.0,320050.0,319793.0,50.0,-0.7367915467196507
6402.0,320100.0,319843.0,50.0,-0.9287283999816582
6403.0,320150.0,319893.0,50.0,-1.515371391394688
6404.0,320200.0,319943.0,50.0,-1.954429892721276
6405.0,320250.0,319993.0,50.0,-1.4892937207098815
6406.0,320300.0,320043.0,50.0,-1.416163388215672
6407.0,320350.0,320093.0,50.0,-0.695303986423865
6408.0,320400.0,320143.0,50.0,-0.5854498161846834
6409.0,320450.0,320193.0,50.0,-0.8801131456509063
6410.0,320500.0,320243.0,50.0,-1.4047902048917769
6411.0,320550.0,320293.0,50.0,-2.063935696582404
6412.0,320600.0,320343.0,50.0,-0.8792660198652318
6413.0,320650.0,320393.0,50.0,-1.4625246531447906
6414.0,320700.0,320443.0,50.0,-1.833989671880989
6415.0,320750.0,320493.0,50.0,-1.0321312423661764
6416.0,320800.0,320543.0,50.0,-2.0133747218518905
6417.0,320850.0,320593.0,50.0,-1.0403538544874278
6418.0,320900.0,320643.0,50.0,-0.8178448436367131
6419.0,320950.0,320693.0,50.0,-0.7209228092718327
6420.0,321000.0,320743.0,50.0,-0.9465807463978476
6421.0,321050.0,320793.0,50.0,-1.5230911002063292
6422.0,321100.0,320843.0,50.0,-1.479541367629026
6423.0,321150.0,320893.0,50.0,-0.9392071647667006
6424.0,321200.0,320943.0,50.0,-1.1349532017199828
6425.0,321250.0,320993.0,50.0,-1.3362920358113048
6426.0,321300.0,321043.0,50.0,-1.2178359476129954
6427.0,321350.0,321093.0,50.0,-0.6681303025757661
6428.0,321400.0,321143.0,50.0,-1.627006986684908
6429.0,321450.0,321193.0,50.0,-1.239509028449353
6430.0,321500.0,321243.0,50.0,-1.9206590634407186
6431.0,321550.0,321293.0,50.0,-1.4154436203370613
6432.0,321600.0,321343.0,50.0,-1.3031086749818495
6433.0,321650.0,321393.0,50.0,-1.0517571506458867
6434.0,321700.0,321443.0,50.0,-1.2129216382970907
6435.0,321750.0,321493.0,50.0,-0.9740436168849731
6436.0,321800.0,321543.0,50.0,-0.7358475564777335
6437.0,321850.0,321593.0,50.0,-0.9331436380373652
6438.0,321900.0,321643.0,50.0,-0.8916369748866751
6439.0,321950.0,321693.0,50.0,-2.5882893964559037
6440.0,322000.0,321743.0,50.0,-0.9035972096364913
6441.0,322050.0,321793.0,50.0,-1.6604751001735367
6442.0,322100.0,321843.0,50.0,-1.4849394055158014
6443.0,322150.0,321893.0,50.0,-1.2572932225302131
6444.0,322200.0,321943.0,50.0,-0.8318737495288369
6445.0,322250.0,321993.0,50.0,-0.8516793678717839
6446.0,322300.0,322043.0,50.0,-0.8574303212856851
6447.0,322350.0,322093.0,50.0,-1.0210613018807635
6448.0,322400.0,322143.0,50.0,-0.8972579051285874
6449.0,322450.0,322193.0,50.0,-1.9229013517518647
6450.0,322500.0,322243.0,50.0,-0.7707121002695032
6451.0,322550.0,322293.0,50.0,-1.5260341720435622
6452.0,322600.0,322343.0,50.0,-0.7653357818098663
6453.0,322650.0,322393.0,50.0,-1.933369396110851
6454.0,322700.0,322443.0,50.0,-1.4979785277441868
6455.0,322750.0,322493.0,50.0,-0.9298053265823707
6456.0,322800.0,322543.0,50.0,-0.7664561562856669
6457.0,322850.0,322593.0,50.0,-1.1192481630423343
6458.0,322900.0,322643.0,50.0,-0.6209353942308616
6459.0,322950.0,322693.0,50.0,-1.3643170808859841
6460.0,323000.0,322743.0,50.0,-0.9887702729570689
6461.0,323050.0,322793.0,50.0,-1.0315279311339745
6462.0,323100.0,322843.0,50.0,-1.1862648796669495
6463.0,323150.0,322893.0,50.0,-1.5912953104758252
6464.0,323200.0,322943.0,50.0,-2.0885182362184787
6465.0,323250.0,322993.0,50.0,-0.9566253854945365
6466.0,323300.0,323043.0,50.0,-1.226288146561679
6467.0,323350.0,323093.0,50.0,-2.424954826081978
6468.0,323400.0,323143.0,50.0,-1.593153965525619
6469.0,323450.0,323193.0,50.0,-1.099099005734186
6470.0,323500.0,323243.0,50.0,-2.792851088786536
6471.0,323550.0,323293.0,50.0,-0.5995174175946417
6472.0,323600.0,323343.0,50.0,-1.2101116829926666
6473.0,323650.0,323393.0,50.0,-1.2496389057007131
6474.0,323700.0,323443.0,50.0,-0.7660355078687641
6475.0,323750.0,323493.0,50.0,-0.7303488351929718
6476.0,323800.0,323543.0,50.0,-3.8998463992720542
6477.0,323850.0,323593.0,50.0,-0.9353603565883556
6478.0,323900.0,323643.0,50.0,-2.3930194537140226
6479.0,323950.0,323693.0,50.0,-1.2908669954129175
6480.0,324000.0,323743.0,50.0,-0.6892798915205801
6481.0,324050.0,323793.0,50.0,-0.6232940921086191
6482.0,324100.0,323843.0,50.0,-1.0571146519305643
6483.0,324150.0,323893.0,50.0,-1.331898419330136
6484.0,324200.0,323943.0,50.0,-0.8718416146505429
6485.0,324250.0,323993.0,50.0,-1.3593783079027966
6486.0,324300.0,324043.0,50.0,-1.6802790777376457
6487.0,324350.0,324093.0,50.0,-1.5390805977140196
6488.0,324400.0,324143.0,50.0,-1.492693708894557
6489.0,324450.0,324193.0,50.0,-0.8541691692482799
6490.0,324500.0,324243.0,50.0,-1.0204223557414311
6491.0,324550.0,324293.0,50.0,-1.433407607462173
6492.0,324600.0,324343.0,50.0,-1.0123703103171393
6493.0,324650.0,324393.0,50.0,-1.3585361066152615
6494.0,324700.0,324443.0,50.0,-0.8446828342155378
6495.0,324750.0,324493.0,50.0,-1.5069089496312167
6496.0,324800.0,324543.0,50.0,-1.965920630048714
6497.0,324850.0,324593.0,50.0,-1.0117977247908967
6498.0,324900.0,324643.0,50.0,-0.6732917683803817
6499.0,324950.0,324693.0,50.0,-1.1363783978774342
6500.0,325000.0,324743.0,50.0,-1.3641477451138473
6501.0,325050.0,324793.0,50.0,-1.9530137395504656
6502.0,325100.0,324843.0,50.0,-0.9729175334954434
6503.0,325150.0,324893.0,50.0,-1.1552601707946852
6504.0,325200.0,324943.0,50.0,-0.8280123317033277
6505.0,325250.0,324993.0,50.0,-1.2664900219566253
6506.0,325300.0,325043.0,50.0,-1.736968422879964
6507.0,325350.0,325093.0,50.0,-0.9244394275670249
6508.0,325400.0,325143.0,50.0,-1.3359218149274292
6509.0,325450.0,325193.0,50.0,-0.9770948399904882
6510.0,325500.0,325243.0,50.0,-1.3033802365964668
6511.0,325550.0,325293.0,50.0,-1.6524587195594036
6512.0,325600.0,325343.0,50.0,-1.0453507267592983
6513.0,325650.0,325393.0,50.0,-1.5076828582056305
6514.0,325700.0,325443.0,50.0,-1.1278087646943904
6515.0,325750.0,325493.0,50.0,-1.5081667344019396
6516.0,325800.0,325543.0,50.0,-1.808579635401794
6517.0,325850.0,325593.0,50.0,-0.959646851640815
6518.0,325900.0,325643.0,50.0,-1.6807573415004113
6519.0,325950.0,325693.0,50.0,-2.9650953705864755
6520.0,326000.0,325743.0,50.0,-0.8546936658941304
6521.0,326050.0,325793.0,50.0,-1.787037922369312
6522.0,326100.0,325843.0,50.0,-0.9982688222673758
6523.0,326150.0,325893.0,50.0,-1.632599927136134
6524.0,326200.0,325943.0,50.0,-1.6932326441966954
6525.0,326250.0,325993.0,50.0,-0.8341788228974885
6526.0,326300.0,326043.0,50.0,-0.9282491285001921
6527.0,326350.0,326093.0,50.0,-2.06578618922086
6528.0,326400.0,326143.0,50.0,-1.5264870189635469
6529.0,326450.0,326193.0,50.0,-2.1236561053895304
6530.0,326500.0,326243.0,50.0,-0.9342982305720546
6531.0,326550.0,326293.0,50.0,-1.3108770130144256
6532.0,326600.0,326343.0,50.0,-1.2891046407667812
6533.0,326650.0,326393.0,50.0,-0.9153242955690926
6534.0,326700.0,326443.0,50.0,-1.030374104714266
6535.0,326750.0,326493.0,50.0,-1.0575189955046325
6536.0,326800.0,326543.0,50.0,-0.8940651226235274
6537.0,326850.0,326593.0,50.0,-0.987861575743827
6538.0,326900.0,326643.0,50.0,-1.0402321460596518
6539.0,326950.0,326693.0,50.0,-1.1749533515352721
6540.0,327000.0,326743.0,50.0,-1.1262015536370114
6541.0,327050.0,326793.0,50.0,-0.6090554177135304
6542.0,327100.0,326843.0,50.0,-1.308006402004377
6543.0,327150.0,326893.0,50.0,-0.9714143286918059
6544.0,327200.0,326943.0,50.0,-0.7235417314373465
6545.0,327250.0,326993.0,50.0,-1.9305068191343526
6546.0,327300.0,327043.0,50.0,-2.6627526842542704
6547.0,327350.0,327093.0,50.0,-1.0067178237108503
6548.0,327400.0,327143.0,50.0,-1.3297174122761273
6549.0,327450.0,327193.0,50.0,-1.5249275196224592
6550.0,327500.0,327243.0,50.0,-1.0124619026248256
6551.0,327550.0,327293.0,50.0,-1.332749061074156
6552.0,327600.0,327343.0,50.0,-0.7639515931127775
6553.0,327650.0,327393.0,50.0,-0.703887832686912
6554.0,327700.0,327443.0,50.0,-1.5445268332256417
6555.0,327750.0,327493.0,50.0,-0.7153789350163142
6556.0,327800.0,327543.0,50.0,-1.2407554044869853
6557.0,327850.0,327593.0,50.0,-2.5992460671075115
6558.0,327900.0,327643.0,50.0,-1.5925346887980822
6559.0,327950.0,327693.0,50.0,-0.606639084778972
6560.0,328000.0,327743.0,50.0,-2.3312924284957486
6561.0,328050.0,327793.0,50.0,-2.647989693200654
6562.0,328100.0,327843.0,50.0,-1.1985451277063401
6563.0,328150.0,327893.0,50.0,-1.8344402419782808
6564.0,328200.0,327943.0,50.0,-0.7625299497121482
6565.0,328250.0,327993.0,50.0,-1.7610350893915043
6566.0,328300.0,328043.0,50.0,-2.0558206039937956
6567.0,328350.0,328093.0,50.0,-2.228344167338039
6568.0,328400.0,328143.0,50.0,-1.8863058974438092
6569.0,328450.0,328193.0,50.0,-2.1794198419851853
6570.0,328500.0,328243.0,50.0,-1.521466851482848
6571.0,328550.0,328293.0,50.0,-0.7398967339384299
6572.0,328600.0,328343.0,50.0,-1.2160998129252023
6573.0,328650.0,328393.0,50.0,-1.146573448156592
6574.0,328700.0,328443.0,50.0,-0.9799016369001595
6575.0,328750.0,328493.0,50.0,-1.0393500045699249
6576.0,328800.0,328543.0,50.0,-0.9214778856565761
6577.0,328850.0,328593.0,50.0,-0.904534601063198
6578.0,328900.0,328643.0,50.0,-0.8958110325277999
6579.0,328950.0,328693.0,50.0,-1.1416214701941787
6580.0,329000.0,328743.0,50.0,-1.0757878968730548
6581.0,329050.0,328793.0,50.0,-2.1671232976623767
6582.0,329100.0,328843.0,50.0,-0.9571785486864469
6583.0,329150.0,328893.0,50.0,-1.0405064022482007
6584.0,329200.0,328943.0,50.0,-1.2527737380816386
6585.0,329250.0,328993.0,50.0,-0.9400880880510283
6586.0,329300.0,329043.0,50.0,-1.262493867921839
6587.0,329350.0,329093.0,50.0,-1.5664826910113383
6588.0,329400.0,329143.0,50.0,-0.5729579223235817
6589.0,329450.0,329193.0,50.0,-0.7561833644834799
6590.0,329500.0,329243.0,50.0,-0.8124834438436705
6591.0,329550.0,329293.0,50.0,-1.177855873415654
6592.0,329600.0,329343.0,50.0,-1.9679702853224237
6593.0,329650.0,329393.0,50.0,-2.7852267169679674
6594.0,329700.0,329443.0,50.0,-1.3577873279627093
6595.0,329750.0,329493.0,50.0,-0.8084727969541677
6596.0,329800.0,329543.0,50.0,-0.6708664450199925
6597.0,329850.0,329593.0,50.0,-0.9446968366215223
6598.0,329900.0,329643.0,50.0,-1.5657127763884826
6599.0,329950.0,329693.0,50.0,-0.9076394940443505
6600.0,330000.0,329743.0,50.0,-0.9943620191854556
6601.0,330050.0,329793.0,50.0,-0.7353145627400376
6602.0,330100.0,329843.0,50.0,-1.0984756357751637
6603.0,330150.0,329893.0,50.0,-0.6694665287045253
6604.0,330200.0,329943.0,50.0,-0.9221655643987016
6605.0,330250.0,329993.0,50.0,-1.3779753479656272
6606.0,330300.0,330043.0,50.0,-2.6657345694319448
6607.0,330350.0,330093.0,50.0,-2.741505308510939
6608.0,330400.0,330143.0,50.0,-1.581603172865993
6609.0,330450.0,330193.0,50.0,-1.845538883998187
6610.0,330500.0,330243.0,50.0,-1.1077680469748519
6611.0,330550.0,330293.0,50.0,-1.0203372817352523
6612.0,330600.0,330343.0,50.0,-0.6986105945778254
6613.0,330650.0,330393.0,50.0,-1.9572344785923481
6614.0,330700.0,330443.0,50.0,-1.7987509969175943
6615.0,330750.0,330493.0,50.0,-1.1276264402965734
6616.0,330800.0,330543.0,50.0,-1.328808172373333
6617.0,330850.0,330593.0,50.0,-1.8351871554059194
6618.0,330900.0,330643.0,50.0,-3.2748762034257726
6619.0,330950.0,330693.0,50.0,-1.2752717779434484
6620.0,331000.0,330743.0,50.0,-1.0530711058380948
6621.0,331050.0,330793.0,50.0,-1.4534514332872532
6622.0,331100.0,330843.0,50.0,-2.2119423943940455
6623.0,331150.0,330893.0,50.0,-0.8246065690253415
6624.0,331200.0,330943.0,50.0,-1.1964837785161377
6625.0,331250.0,330993.0,50.0,-1.3851906751033327
6626.0,331300.0,331043.0,50.0,-1.2758795276678634
6627.0,331350.0,331093.0,50.0,-1.4096266673137492
6628.0,331400.0,331143.0,50.0,-2.195426126333839
6629.0,331450.0,331193.0,50.0,-1.085142246212611
6630.0,331500.0,331243.0,50.0,-1.3170208356139355
6631.0,331550.0,331293.0,50.0,-0.7101830815043083
6632.0,331600.0,331343.0,50.0,-1.0850601060528824
6633.0,331650.0,331393.0,50.0,-0.9315853500984597
6634.0,331700.0,331443.0,50.0,-0.6028517460575502
6635.0,331750.0,331493.0,50.0,-1.1749736553082564
6636.0,331800.0,331543.0,50.0,-1.1642406974738764
6637.0,331850.0,331593.0,50.0,-1.612242707630706
6638.0,331900.0,331643.0,50.0,-2.0773736407122274
6639.0,331950.0,331693.0,50.0,-0.9506264220801274
6640.0,332000.0,331743.0,50.0,-0.8664880279873604
6641.0,332050.0,331793.0,50.0,-0.8255733614931514
6642.0,332100.0,331843.0,50.0,-1.010910311184049
6643.0,332150.0,331893.0,50.0,-1.1521705832519604
6644.0,332200.0,331943.0,50.0,-1.4416255496279518
6645.0,332250.0,331993.0,50.0,-0.7712211303739491
6646.0,332300.0,332043.0,50.0,-1.1485638095055926
6647.0,332350.0,332093.0,50.0,-1.6472069282471826
6648.0,332400.0,332143.0,50.0,-0.7262372562614618
6649.0,332450.0,332193.0,50.0,-0.753715489465352
6650.0,332500.0,332243.0,50.0,-1.6817657737831992
6651.0,332550.0,332293.0,50.0,-1.974738042444899
6652.0,332600.0,332343.0,50.0,-1.4664097980212507
6653.0,332650.0,332393.0,50.0,-1.4865824948542532
6654.0,332700.0,332443.0,50.0,-1.2023168503399693
6655.0,332750.0,332493.0,50.0,-1.381119746539437
6656.0,332800.0,332543.0,50.0,-1.4840692646394689
6657.0,332850.0,332593.0,50.0,-0.7105025475212222
6658.0,332900.0,332643.0,50.0,-1.5931062988670477
6659.0,332950.0,332693.0,50.0,-0.7347303322637005
6660.0,333000.0,332743.0,50.0,-1.1992475764003785
6661.0,333050.0,332793.0,50.0,-1.0304735949375194
6662.0,333100.0,332843.0,50.0,-0.9005227977127545
6663.0,333150.0,332893.0,50.0,-1.8235021415577368
6664.0,333200.0,332943.0,50.0,-0.5989121427393045
6665.0,333250.0,332993.0,50.0,-1.2362143318437755
6666.0,333300.0,333043.0,50.0,-0.8176472029634678
6667.0,333350.0,333093.0,50.0,-1.45792237248623
6668.0,333400.0,333143.0,50.0,-1.3724716373887864
6669.0,333450.0,333193.0,50.0,-0.9938064978333767
6670.0,333500.0,333243.0,50.0,-0.8011041974877704
6671.0,333550.0,333293.0,50.0,-0.9910863570941464
6672.0,333600.0,333343.0,50.0,-0.8342775790321281
6673.0,333650.0,333393.0,50.0,-1.5477492598523028
6674.0,333700.0,333443.0,50.0,-1.939800449545578
6675.0,333750.0,333493.0,50.0,-1.0859051420038943
6676.0,333800.0,333543.0,50.0,-1.194379347934105
6677.0,333850.0,333593.0,50.0,-1.5958255514168054
6678.0,333900.0,333643.0,50.0,-1.5107681476775627
6679.0,333950.0,333693.0,50.0,-1.9115139443791571
6680.0,334000.0,333743.0,50.0,-1.381407492267858
6681.0,334050.0,333793.0,50.0,-1.164075993399683
6682.0,334100.0,333843.0,50.0,-1.986713868361702
6683.0,334150.0,333893.0,50.0,-1.1837539602712017
6684.0,334200.0,333943.0,50.0,-0.8856432034844316
6685.0,334250.0,333993.0,50.0,-0.8269802447575002
6686.0,334300.0,334043.0,50.0,-1.2124363702268974
6687.0,334350.0,334093.0,50.0,-1.132428698954757
6688.0,334400.0,334143.0,50.0,-0.7047072261174949
6689.0,334450.0,334193.0,50.0,-0.9471366103961643
6690.0,334500.0,334243.0,50.0,-1.5545977920857617
6691.0,334550.0,334293.0,50.0,-1.4906815743229975
6692.0,334600.0,334343.0,50.0,-0.9858751390639112
6693.0,334650.0,334393.0,50.0,-0.8774829967949129
6694.0,334700.0,334443.0,50.0,-0.9727149343871645
6695.0,334750.0,334493.0,50.0,-1.3849847963640467
6696.0,334800.0,334543.0,50.0,-0.6562789689347445
6697.0,334850.0,334593.0,50.0,-0.6153418862947978
6698.0,334900.0,334643.0,50.0,-1.7747066308658324
6699.0,334950.0,334693.0,50.0,-0.7168785767048282
6700.0,335000.0,334743.0,50.0,-0.7360796346634173
6701.0,335050.0,334793.0,50.0,-0.8749666652425374
6702.0,335100.0,334843.0,50.0,-2.0755165282113395
6703.0,335150.0,334893.0,50.0,-0.6195827412667375
6704.0,335200.0,334943.0,50.0,-0.5678176728614691
6705.0,335250.0,334993.0,50.0,-0.8243396388057374
6706.0,335300.0,335043.0,50.0,-0.8321706531990665
6707.0,335350.0,335093.0,50.0,-1.4879603448238414
6708.0,335400.0,335143.0,50.0,-0.7268843978184789
6709.0,335450.0,335193.0,50.0,-0.6354596513908543
6710.0,335500.0,335243.0,50.0,-0.6726366183419995
6711.0,335550.0,335293.0,50.0,-1.22038287373666
6712.0,335600.0,335343.0,50.0,-0.8335328742908252
6713.0,335650.0,335393.0,50.0,-1.5400072043647348
6714.0,335700.0,335443.0,50.0,-2.4683503496028654
6715.0,335750.0,335493.0,50.0,-0.8082693200714289
6716.0,335800.0,335543.0,50.0,-0.9971597258852698
6717.0,335850.0,335593.0,50.0,-0.5175177960064133
6718.0,335900.0,335643.0,50.0,-1.3183725477969972
6719.0,335950.0,335693.0,50.0,-0.6503597371555927
6720.0,336000.0,335743.0,50.0,-1.2827648362467752
6721.0,336050.0,335793.0,50.0,-1.2267161633111654
6722.0,336100.0,335843.0,50.0,-0.7853555651150006
6723.0,336150.0,335893.0,50.0,-0.7750834128959576
6724.0,336200.0,335943.0,50.0,-1.3090961752512555
6725.0,336250.0,335993.0,50.0,-0.9227041277519191
6726.0,336300.0,336043.0,50.0,-1.1110650789388987
6727.0,336350.0,336093.0,50.0,-2.10211177272307
6728.0,336400.0,336143.0,50.0,-1.2599020538912524
6729.0,336450.0,336193.0,50.0,-1.1925732386911794
6730.0,336500.0,336243.0,50.0,-1.0736797578808042
6731.0,336550.0,336293.0,50.0,-0.5039037713159993
6732.0,336600.0,336343.0,50.0,-0.8842020743696558
6733.0,336650.0,336393.0,50.0,-0.938553849160335
6734.0,336700.0,336443.0,50.0,-0.9114527264991347
6735.0,336750.0,336493.0,50.0,-1.7301395071039418
6736.0,336800.0,336543.0,50.0,-0.9466081374522347
6737.0,336850.0,336593.0,50.0,-1.0613180740952832
6738.0,336900.0,336643.0,50.0,-1.130295091736869
6739.0,336950.0,336693.0,50.0,-0.6467285252543059
6740.0,337000.0,336743.0,50.0,-0.7888880868965159
6741.0,337050.0,336793.0,50.0,-0.7246534564909501
6742.0,337100.0,336843.0,50.0,-2.196412710351868
6743.0,337150.0,336893.0,50.0,-0.7183948371768154
6744.0,337200.0,336943.0,50.0,-1.2531199192674423
6745.0,337250.0,336993.0,50.0,-1.3966635904403513
6746.0,337300.0,337043.0,50.0,-1.5765552417890512
6747.0,337350.0,337093.0,50.0,-0.696893679226976
6748.0,337400.0,337143.0,50.0,-1.126546591800652
6749.0,337450.0,337193.0,50.0,-1.0286967858858942
6750.0,337500.0,337243.0,50.0,-1.1282219868286836
6751.0,337550.0,337293.0,50.0,-1.966151527172014
6752.0,337600.0,337343.0,50.0,-0.998251582767108
6753.0,337650.0,337393.0,50.0,-1.6456293887501825
6754.0,337700.0,337443.0,50.0,-1.4769201124588889
6755.0,337750.0,337493.0,50.0,-0.9546437011669916
6756.0,337800.0,337543.0,50.0,-0.8089177370191039
6757.0,337850.0,337593.0,50.0,-1.0993443447997036
6758.0,337900.0,337643.0,50.0,-1.142598156652576
6759.0,337950.0,337693.0,50.0,-1.1001071849635773
6760.0,338000.0,337743.0,50.0,-1.0800439498446914
6761.0,338050.0,337793.0,50.0,-0.9857092599928609
6762.0,338100.0,337843.0,50.0,-1.304049686684093
6763.0,338150.0,337893.0,50.0,-1.1941664037138735
6764.0,338200.0,337943.0,50.0,-0.6816674752662041
6765.0,338250.0,337993.0,50.0,-1.6531344959938994
6766.0,338300.0,338043.0,50.0,-1.643768545128808
6767.0,338350.0,338093.0,50.0,-0.9340448931777118
6768.0,338400.0,338143.0,50.0,-1.466620049587524
6769.0,338450.0,338193.0,50.0,-1.1046562401924735
6770.0,338500.0,338243.0,50.0,-1.7583620017993518
6771.0,338550.0,338293.0,50.0,-1.1877252823988091
6772.0,338600.0,338343.0,50.0,-1.129938697281996
6773.0,338650.0,338393.0,50.0,-1.8358090343922997
6774.0,338700.0,338443.0,50.0,-0.8791170017346175
6775.0,338750.0,338493.0,50.0,-1.827007453864248
6776.0,338800.0,338543.0,50.0,-1.6246978206555989
6777.0,338850.0,338593.0,50.0,-1.803278934392846
6778.0,338900.0,338643.0,50.0,-2.6841448739871994
6779.0,338950.0,338693.0,50.0,-1.0136582373150436
6780.0,339000.0,338743.0,50.0,-0.5612964078815087
6781.0,339050.0,338793.0,50.0,-0.8661470076656648
6782.0,339100.0,338843.0,50.0,-1.5913560207749025
6783.0,339150.0,338893.0,50.0,-1.1663223827813187
6784.0,339200.0,338943.0,50.0,-1.6310868270392158
6785.0,339250.0,338993.0,50.0,-0.836271959438863
6786.0,339300.0,339043.0,50.0,-1.7236500019695167
6787.0,339350.0,339093.0,50.0,-1.4149794210199027
6788.0,339400.0,339143.0,50.0,-2.2026127427636215
6789.0,339450.0,339193.0,50.0,-1.4684133077309627
6790.0,339500.0,339243.0,50.0,-1.3962797377045542
6791.0,339550.0,339293.0,50.0,-1.4872924831781018
6792.0,339600.0,339343.0,50.0,-0.9607744110514211
6793.0,339650.0,339393.0,50.0,-1.308996606699086
6794.0,339700.0,339443.0,50.0,-0.7024329433711795
6795.0,339750.0,339493.0,50.0,-1.4901142265545146
6796.0,339800.0,339543.0,50.0,-1.1321609885368504
6797.0,339850.0,339593.0,50.0,-1.217910987487009
6798.0,339900.0,339643.0,50.0,-1.5630573669840764
6799.0,339950.0,339693.0,50.0,-1.602438588328785
6800.0,340000.0,339743.0,50.0,-0.7224671557683735
6801.0,340050.0,339793.0,50.0,-0.8019421830631963
6802.0,340100.0,339843.0,50.0,-1.4937770598873656
6803.0,340150.0,339893.0,50.0,-1.7904831243429222
6804.0,340200.0,339943.0,50.0,-1.3456339719083736
6805.0,340250.0,339993.0,50.0,-1.3915139340318219
6806.0,340300.0,340043.0,50.0,-1.3591565522913192
6807.0,340350.0,340093.0,50.0,-1.0272881321013168
6808.0,340400.0,340143.0,50.0,-0.6721213274307041
6809.0,340450.0,340193.0,50.0,-0.8481616908555161
6810.0,340500.0,340243.0,50.0,-1.1156140519665472
6811.0,340550.0,340293.0,50.0,-1.3281798949924755
6812.0,340600.0,340343.0,50.0,-0.8293018289260147
6813.0,340650.0,340393.0,50.0,-1.6357313689088366
6814.0,340700.0,340443.0,50.0,-1.053100801473286
6815.0,340750.0,340493.0,50.0,-1.1440957482425866
6816.0,340800.0,340543.0,50.0,-1.3162533799246598
6817.0,340850.0,340593.0,50.0,-0.9453156105586898
6818.0,340900.0,340643.0,50.0,-1.838810405844998
6819.0,340950.0,340693.0,50.0,-1.6069636648759003
6820.0,341000.0,340743.0,50.0,-1.1550917455395928
6821.0,341050.0,340793.0,50.0,-3.097572541997902
6822.0,341100.0,340843.0,50.0,-1.4856436602276506
6823.0,341150.0,340893.0,50.0,-1.2373019878925016
6824.0,341200.0,340943.0,50.0,-1.3532274917125193
6825.0,341250.0,340993.0,50.0,-0.9240819620381219
6826.0,341300.0,341043.0,50.0,-0.7705852020908732
6827.0,341350.0,341093.0,50.0,-1.2145632151206334
6828.0,341400.0,341143.0,50.0,-1.6603794218272527
6829.0,341450.0,341193.0,50.0,-1.018874422611037
6830.0,341500.0,341243.0,50.0,-1.2805697584341398
6831.0,341550.0,341293.0,50.0,-1.6544404872889524
6832.0,341600.0,341343.0,50.0,-0.8506011261002383
6833.0,341650.0,341393.0,50.0,-0.6605334860507593
6834.0,341700.0,341443.0,50.0,-1.3716110326045567
6835.0,341750.0,341493.0,50.0,-0.8705269969425697
6836.0,341800.0,341543.0,50.0,-1.2882538253333213
6837.0,341850.0,341593.0,50.0,-0.8268043199134406
6838.0,341900.0,341643.0,50.0,-1.6654413726358406
6839.0,341950.0,341693.0,50.0,-1.3563022589372968
6840.0,342000.0,341743.0,50.0,-0.8328151882300965
6841.0,342050.0,341793.0,50.0,-1.7114798540690364
6842.0,342100.0,341843.0,50.0,-1.4817241889795718
6843.0,342150.0,341893.0,50.0,-0.7533653166044889
6844.0,342200.0,341943.0,50.0,-1.7415032648635929
6845.0,342250.0,341993.0,50.0,-1.0526937235002263
6846.0,342300.0,342043.0,50.0,-1.319477972789955
6847.0,342350.0,342093.0,50.0,-1.030047243465096
6848.0,342400.0,342143.0,50.0,-1.0971585133963926
6849.0,342450.0,342193.0,50.0,-1.2855601009824842
6850.0,342500.0,342243.0,50.0,-0.9818833216420162
6851.0,342550.0,342293.0,50.0,-1.2682286190766574
6852.0,342600.0,342343.0,50.0,-1.0031027657512839
6853.0,342650.0,342393.0,50.0,-0.6121761642333403
6854.0,342700.0,342443.0,50.0,-1.83464114736171
6855.0,342750.0,342493.0,50.0,-1.6609620495179782
6856.0,342800.0,342543.0,50.0,-0.7705242572606441
6857.0,342850.0,342593.0,50.0,-1.3300176160152588
6858.0,342900.0,342643.0,50.0,-0.8118382154005264
6859.0,342950.0,342693.0,50.0,-1.0968842965298444
6860.0,343000.0,342743.0,50.0,-1.3472981891955882
6861.0,343050.0,342793.0,50.0,-1.1476119375421854
6862.0,343100.0,342843.0,50.0,-1.0340346454900045
6863.0,343150.0,342893.0,50.0,-1.0142641008456774
6864.0,343200.0,342943.0,50.0,-0.7391606832888948
6865.0,343250.0,342993.0,50.0,-0.6381934564571949
6866.0,343300.0,343043.0,50.0,-1.05177891309005
6867.0,343350.0,343093.0,50.0,-1.389899444600556
6868.0,343400.0,343143.0,50.0,-0.8426876667961603
6869.0,343450.0,343193.0,50.0,-0.7209424932345025
6870.0,343500.0,343243.0,50.0,-1.2961384038554942
6871.0,343550.0,343293.0,50.0,-0.7945031044981917
6872.0,343600.0,343343.0,50.0,-1.430082817180292
6873.0,343650.0,343393.0,50.0,-0.8968858884847123
6874.0,343700.0,343443.0,50.0,-1.143537598490513
6875.0,343750.0,343493.0,50.0,-0.8373725765901918
6876.0,343800.0,343543.0,50.0,-2.395593556906762
6877.0,343850.0,343593.0,50.0,-0.612150556656528
6878.0,343900.0,343643.0,50.0,-0.8277588230703243
6879.0,343950.0,343693.0,50.0,-1.2518854912304398
6880.0,344000.0,343743.0,50.0,-0.686912284139435
6881.0,344050.0,343793.0,50.0,-1.2496068466738253
6882.0,344100.0,343843.0,50.0,-1.8697719086664375
6883.0,344150.0,343893.0,50.0,-0.8388930122204182
6884.0,344200.0,343943.0,50.0,-2.2266330104170593
6885.0,344250.0,343993.0,50.0,-0.8168390226799418
6886.0,344300.0,344043.0,50.0,-0.7520805481462711
6887.0,344350.0,344093.0,50.0,-0.7236098410203063
6888.0,344400.0,344143.0,50.0,-3.511846805229143
6889.0,344450.0,344193.0,50.0,-1.0761034077513256
6890.0,344500.0,344243.0,50.0,-0.6582606482277883
6891.0,344550.0,344293.0,50.0,-1.1884131502402036
6892.0,344600.0,344343.0,50.0,-0.8178084786707597
6893.0,344650.0,344393.0,50.0,-1.168436252245925
6894.0,344700.0,344443.0,50.0,-0.7678948784094123
6895.0,344750.0,344493.0,50.0,-1.4676625549354905
6896.0,344800.0,344543.0,50.0,-1.1841804102735105
6897.0,344850.0,344593.0,50.0,-1.1881549139963845
6898.0,344900.0,344643.0,50.0,-0.8440665207747975
6899.0,344950.0,344693.0,50.0,-0.6730143990779748
6900.0,345000.0,344743.0,50.0,-2.357018694540739
6901.0,345050.0,344793.0,50.0,-1.0162149120548372
6902.0,345100.0,344843.0,50.0,-1.614228584664077
6903.0,345150.0,344893.0,50.0,-2.109078393347895
6904.0,345200.0,344943.0,50.0,-1.247720499855515
6905.0,345250.0,344993.0,50.0,-1.4685628301250515
6906.0,345300.0,345043.0,50.0,-1.0290692566139543
6907.0,345350.0,345093.0,50.0,-1.291895504938147
6908.0,345400.0,345143.0,50.0,-1.0994897432256505
6909.0,345450.0,345193.0,50.0,-1.096973109586804
6910.0,345500.0,345243.0,50.0,-0.7316678146275991
6911.0,345550.0,345293.0,50.0,-1.281481680092096
6912.0,345600.0,345343.0,50.0,-0.7958313926739186
6913.0,345650.0,345393.0,50.0,-1.329660825231125
6914.0,345700.0,345443.0,50.0,-1.603618343785311
6915.0,345750.0,345493.0,50.0,-1.5140301420857736
6916.0,345800.0,345543.0,50.0,-0.6173997828859675
6917.0,345850.0,345593.0,50.0,-0.8575740690957944
6918.0,345900.0,345643.0,50.0,-0.6933421246249712
6919.0,345950.0,345693.0,50.0,-0.793011445821255
6920.0,346000.0,345743.0,50.0,-1.766844752419618
6921.0,346050.0,345793.0,50.0,-1.2673871787321542
6922.0,346100.0,345843.0,50.0,-1.6436364027852277
6923.0,346150.0,345893.0,50.0,-0.6646459980162254
6924.0,346200.0,345943.0,50.0,-0.7773811933567433
6925.0,346250.0,345993.0,50.0,-2.180832819795355
6926.0,346300.0,346043.0,50.0,-1.1102164454789651
6927.0,346350.0,346093.0,50.0,-0.8323306051292604
6928.0,346400.0,346143.0,50.0,-0.9841043798465082
6929.0,346450.0,346193.0,50.0,-1.4056586704967535
6930.0,346500.0,346243.0,50.0,-0.8681936955618482
6931.0,346550.0,346293.0,50.0,-0.7301320252374486
6932.0,346600.0,346343.0,50.0,-0.7625122259427367
6933.0,346650.0,346393.0,50.0,-1.0118595053725592
6934.0,346700.0,346443.0,50.0,-0.7086582114168364
6935.0,346750.0,346493.0,50.0,-1.1006536489642267
6936.0,346800.0,346543.0,50.0,-1.0537360464322816
6937.0,346850.0,346593.0,50.0,-0.6543087371933836
6938.0,346900.0,346643.0,50.0,-1.5297301480239536
6939.0,346950.0,346693.0,50.0,-0.8973711680055689
6940.0,347000.0,346743.0,50.0,-0.9106537024276297
6941.0,347050.0,346793.0,50.0,-0.8093799107815369
6942.0,347100.0,346843.0,50.0,-1.1084134962257017
6943.0,347150.0,346893.0,50.0,-1.4446654107977217
6944.0,347200.0,346943.0,50.0,-0.8725096465959667
6945.0,347250.0,346993.0,50.0,-1.9989545776640911
6946.0,347300.0,347043.0,50.0,-0.9726951025052515
6947.0,347350.0,347093.0,50.0,-0.9073186878792798
6948.0,347400.0,347143.0,50.0,-1.1025303563894318
6949.0,347450.0,347193.0,50.0,-1.366181855068246
6950.0,347500.0,347243.0,50.0,-1.3846466712890848
6951.0,347550.0,347293.0,50.0,-0.7423905406918541
6952.0,347600.0,347343.0,50.0,-1.2858797331375997
6953.0,347650.0,347393.0,50.0,-0.712503311212549
6954.0,347700.0,347443.0,50.0,-1.8820642459445862
6955.0,347750.0,347493.0,50.0,-0.4957315863419158
6956.0,347800.0,347543.0,50.0,-1.102477061342276
6957.0,347850.0,347593.0,50.0,-1.0637880765550918
6958.0,347900.0,347643.0,50.0,-0.6773228426924341
6959.0,347950.0,347693.0,50.0,-0.8268293047794858
6960.0,348000.0,347743.0,50.0,-0.812428013276121
6961.0,348050.0,347793.0,50.0,-0.6313293790647854
6962.0,348100.0,347843.0,50.0,-1.435356371481485
6963.0,348150.0,347893.0,50.0,-0.9585320063943308
6964.0,348200.0,347943.0,50.0,-1.0810710705033408
6965.0,348250.0,347993.0,50.0,-2.628516130386171
6966.0,348300.0,348043.0,50.0,-2.0106084929408725
6967.0,348350.0,348093.0,50.0,-1.725503562199094
6968.0,348400.0,348143.0,50.0,-0.9513587376082991
6969.0,348450.0,348193.0,50.0,-1.0456806517723245
6970.0,348500.0,348243.0,50.0,-1.139135617023387
6971.0,348550.0,348293.0,50.0,-0.9564845930083069
6972.0,348600.0,348343.0,50.0,-0.8844074581339278
6973.0,348650.0,348393.0,50.0,-1.4059823474702304
6974.0,348700.0,348443.0,50.0,-1.0115208725390636
6975.0,348750.0,348493.0,50.0,-0.9685359412663067
6976.0,348800.0,348543.0,50.0,-1.135289067996731
6977.0,348850.0,348593.0,50.0,-1.032898330962082
6978.0,348900.0,348643.0,50.0,-1.133832461811333
6979.0,348950.0,348693.0,50.0,-1.1853197667303548
6980.0,349000.0,348743.0,50.0,-1.100086012319272
6981.0,349050.0,348793.0,50.0,-0.6389628877513652
6982.0,349100.0,348843.0,50.0,-2.4378838264274414
6983.0,349150.0,348893.0,50.0,-1.4902112539550056
6984.0,349200.0,348943.0,50.0,-0.9127277405157286
6985.0,349250.0,348993.0,50.0,-0.7137873763205359
6986.0,349300.0,349043.0,50.0,-0.6311109981669982
6987.0,349350.0,349093.0,50.0,-1.3850602048322938
6988.0,349400.0,349143.0,50.0,-0.8403151048274198
6989.0,349450.0,349193.0,50.0,-1.0690000918924936
6990.0,349500.0,349243.0,50.0,-1.0761263078658698
6991.0,349550.0,349293.0,50.0,-1.124225458115525
6992.0,349600.0,349343.0,50.0,-0.7536063803623647
6993.0,349650.0,349393.0,50.0,-0.8186192010073838
6994.0,349700.0,349443.0,50.0,-1.0761139084345674
6995.0,349750.0,349493.0,50.0,-1.3289698015799027
6996.0,349800.0,349543.0,50.0,-1.2714085568118663
6997.0,349850.0,349593.0,50.0,-1.4607809267232033
6998.0,349900.0,349643.0,50.0,-0.7559475703573764
6999.0,349950.0,349693.0,50.0,-1.154526752476208
7000.0,350000.0,349743.0,50.0,-1.0208921403294184
7001.0,350050.0,349793.0,50.0,-0.8154065175656963
7002.0,350100.0,349843.0,50.0,-1.5220525083106768
7003.0,350150.0,349893.0,50.0,-0.7233833990424535
7004.0,350200.0,349943.0,50.0,-2.0107433488342554
7005.0,350250.0,349993.0,50.0,-1.7124687996768577
7006.0,350300.0,350043.0,50.0,-1.0076877785615483
7007.0,350350.0,350093.0,50.0,-1.0043217986861481
7008.0,350400.0,350143.0,50.0,-1.5117971820121743
7009.0,350450.0,350193.0,50.0,-1.0895030544662292
7010.0,350500.0,350243.0,50.0,-1.0936288507107939
7011.0,350550.0,350293.0,50.0,-0.847641051003656
7012.0,350600.0,350343.0,50.0,-0.9637981558051761
7013.0,350650.0,350393.0,50.0,-1.10320208314718
7014.0,350700.0,350443.0,50.0,-0.7549727416426993
7015.0,350750.0,350493.0,50.0,-2.28630399042929
7016.0,350800.0,350543.0,50.0,-0.6996288173611231
7017.0,350850.0,350593.0,50.0,-1.5656075358971082
7018.0,350900.0,350643.0,50.0,-1.0958441334734155
7019.0,350950.0,350693.0,50.0,-1.4874060434653613
7020.0,351000.0,350743.0,50.0,-1.2590341360898716
7021.0,351050.0,350793.0,50.0,-1.5953874033048951
7022.0,351100.0,350843.0,50.0,-1.8113854398998788
7023.0,351150.0,350893.0,50.0,-0.7300091462690269
7024.0,351200.0,350943.0,50.0,-1.5357498525530444
7025.0,351250.0,350993.0,50.0,-0.8514853418871295
7026.0,351300.0,351043.0,50.0,-0.7900177177271518
7027.0,351350.0,351093.0,50.0,-1.3086289382345049
7028.0,351400.0,351143.0,50.0,-1.0741331109495886
7029.0,351450.0,351193.0,50.0,-0.86450352824624
7030.0,351500.0,351243.0,50.0,-1.0569481231915987
7031.0,351550.0,351293.0,50.0,-1.2765095593034195
7032.0,351600.0,351343.0,50.0,-0.9981870056304636
7033.0,351650.0,351393.0,50.0,-0.5818957356079899
7034.0,351700.0,351443.0,50.0,-1.4155370298851437
7035.0,351750.0,351493.0,50.0,-1.0298322597798
7036.0,351800.0,351543.0,50.0,-1.221275985506438
7037.0,351850.0,351593.0,50.0,-1.149223080170215
7038.0,351900.0,351643.0,50.0,-1.6995794199337588
7039.0,351950.0,351693.0,50.0,-1.0195620694823133
7040.0,352000.0,351743.0,50.0,-0.8845631940843075
7041.0,352050.0,351793.0,50.0,-0.9519809217031779
7042.0,352100.0,351843.0,50.0,-2.1965057076921184
7043.0,352150.0,351893.0,50.0,-0.9571476396641722
7044.0,352200.0,351943.0,50.0,-1.2408473333214818
7045.0,352250.0,351993.0,50.0,-0.73536986433339
7046.0,352300.0,352043.0,50.0,-0.9445550760591993
7047.0,352350.0,352093.0,50.0,-1.6890648363161676
7048.0,352400.0,352143.0,50.0,-0.7612453565837752
7049.0,352450.0,352193.0,50.0,-0.7084047694576723
7050.0,352500.0,352243.0,50.0,-1.7158207591788253
7051.0,352550.0,352293.0,50.0,-2.0370569471363242
7052.0,352600.0,352343.0,50.0,-1.7374681090415238
7053.0,352650.0,352393.0,50.0,-0.986221350237085
7054.0,352700.0,352443.0,50.0,-1.4665990944424439
7055.0,352750.0,352493.0,50.0,-1.06671919070033
7056.0,352800.0,352543.0,50.0,-1.0594874683489115
7057.0,352850.0,352593.0,50.0,-1.0736706164555585
7058.0,352900.0,352643.0,50.0,-0.7748036338553757
7059.0,352950.0,352693.0,50.0,-0.7863866800238583
7060.0,353000.0,352743.0,50.0,-1.8196044450345896
7061.0,353050.0,352793.0,50.0,-1.5190474578089674
7062.0,353100.0,352843.0,50.0,-0.7616024029840639
7063.0,353150.0,352893.0,50.0,-0.8274838951153086
7064.0,353200.0,352943.0,50.0,-0.7602426180836479
7065.0,353250.0,352993.0,50.0,-0.8257882714438876
7066.0,353300.0,353043.0,50.0,-0.8056903995805613
7067.0,353350.0,353093.0,50.0,-0.9436308016261071
7068.0,353400.0,353143.0,50.0,-1.0084202798615585
7069.0,353450.0,353193.0,50.0,-0.9183988177315378
7070.0,353500.0,353243.0,50.0,-1.0584371748523629
7071.0,353550.0,353293.0,50.0,-1.1303400733059108
7072.0,353600.0,353343.0,50.0,-1.9089626063577096
7073.0,353650.0,353393.0,50.0,-0.7864826019620068
7074.0,353700.0,353443.0,50.0,-1.1571513716697006
7075.0,353750.0,353493.0,50.0,-1.4151662587436509
7076.0,353800.0,353543.0,50.0,-1.4530363479091066
7077.0,353850.0,353593.0,50.0,-0.8881781989560887
7078.0,353900.0,353643.0,50.0,-0.7989755493760633
7079.0,353950.0,353693.0,50.0,-1.6845796972772997
7080.0,354000.0,353743.0,50.0,-1.2286571478782962
7081.0,354050.0,353793.0,50.0,-0.690497982576759
7082.0,354100.0,353843.0,50.0,-0.9683304468559945
7083.0,354150.0,353893.0,50.0,-0.8151619876103492
7084.0,354200.0,353943.0,50.0,-2.0291153986560784
7085.0,354250.0,353993.0,50.0,-1.416255475859911
7086.0,354300.0,354043.0,50.0,-1.1898075661534975
7087.0,354350.0,354093.0,50.0,-0.967473577184612
7088.0,354400.0,354143.0,50.0,-1.449819085741452
7089.0,354450.0,354193.0,50.0,-1.4952017959767245
7090.0,354500.0,354243.0,50.0,-1.86691725844873
7091.0,354550.0,354293.0,50.0,-2.966070064063932
7092.0,354600.0,354343.0,50.0,-1.2634931826270068
7093.0,354650.0,354393.0,50.0,-0.8041323603225153
7094.0,354700.0,354443.0,50.0,-1.3763287983773158
7095.0,354750.0,354493.0,50.0,-1.150342760490044
7096.0,354800.0,354543.0,50.0,-1.101536683818366
7097.0,354850.0,354593.0,50.0,-1.4978215543517939
7098.0,354900.0,354643.0,50.0,-1.077476022470049
7099.0,354950.0,354693.0,50.0,-1.5741000283498934
7100.0,355000.0,354743.0,50.0,-0.7660640438789021
7101.0,355050.0,354793.0,50.0,-1.306359129995465
7102.0,355100.0,354843.0,50.0,-1.0220948412547082
7103.0,355150.0,354893.0,50.0,-0.873396100393605
7104.0,355200.0,354943.0,50.0,-1.568322882551361
7105.0,355250.0,354993.0,50.0,-1.0317981531547658
7106.0,355300.0,355043.0,50.0,-1.1805098684391104
7107.0,355350.0,355093.0,50.0,-1.4395636030737813
7108.0,355400.0,355143.0,50.0,-1.059667064656132
7109.0,355450.0,355193.0,50.0,-0.9508732545566296
7110.0,355500.0,355243.0,50.0,-2.0305598913493395
7111.0,355550.0,355293.0,50.0,-1.1761321708935386
7112.0,355600.0,355343.0,50.0,-1.3073892733154664
7113.0,355650.0,355393.0,50.0,-0.9719964128971772
7114.0,355700.0,355443.0,50.0,-0.6542008483533691
7115.0,355750.0,355493.0,50.0,-0.8164362289176703
7116.0,355800.0,355543.0,50.0,-1.202916778335666
7117.0,355850.0,355593.0,50.0,-1.3443747576534026
7118.0,355900.0,355643.0,50.0,-1.14950553589571
7119.0,355950.0,355693.0,50.0,-3.332561653011921
7120.0,356000.0,355743.0,50.0,-0.6853013936948351
7121.0,356050.0,355793.0,50.0,-1.14571521858493
7122.0,356100.0,355843.0,50.0,-1.4964797702720871
7123.0,356150.0,355893.0,50.0,-1.5864214762743654
7124.0,356200.0,355943.0,50.0,-1.5579742757500517
7125.0,356250.0,355993.0,50.0,-1.1077929844641423
7126.0,356300.0,356043.0,50.0,-0.8125496189134008
7127.0,356350.0,356093.0,50.0,-0.8629221778947674
7128.0,356400.0,356143.0,50.0,-1.6570787978257253
7129.0,356450.0,356193.0,50.0,-0.7998781917133311
7130.0,356500.0,356243.0,50.0,-0.6528360520465796
7131.0,356550.0,356293.0,50.0,-0.6716512378290879
7132.0,356600.0,356343.0,50.0,-1.4214406779086086
7133.0,356650.0,356393.0,50.0,-1.8475274838138422
7134.0,356700.0,356443.0,50.0,-1.1653692240377465
7135.0,356750.0,356493.0,50.0,-0.6792964694366731
7136.0,356800.0,356543.0,50.0,-0.9180556946252161
7137.0,356850.0,356593.0,50.0,-1.348953425928287
7138.0,356900.0,356643.0,50.0,-0.7276850236634402
7139.0,356950.0,356693.0,50.0,-0.9722556517420716
7140.0,357000.0,356743.0,50.0,-0.7804757859938349
7141.0,357050.0,356793.0,50.0,-0.8517232476671465
7142.0,357100.0,356843.0,50.0,-1.1371931181191626
7143.0,357150.0,356893.0,50.0,-1.711012905321143
7144.0,357200.0,356943.0,50.0,-1.7771066022983517
7145.0,357250.0,356993.0,50.0,-0.8855542364078511
7146.0,357300.0,357043.0,50.0,-2.197399738615533
7147.0,357350.0,357093.0,50.0,-1.1883161983524186
7148.0,357400.0,357143.0,50.0,-0.8035698432711634
7149.0,357450.0,357193.0,50.0,-0.6907695008681624
7150.0,357500.0,357243.0,50.0,-1.486203784115901
7151.0,357550.0,357293.0,50.0,-0.9638989115744704
7152.0,357600.0,357343.0,50.0,-1.1882816710417894
7153.0,357650.0,357393.0,50.0,-0.6508406016731312
7154.0,357700.0,357443.0,50.0,-1.4460039227614512
7155.0,357750.0,357493.0,50.0,-1.017630599040355
7156.0,357800.0,357543.0,50.0,-1.0540671253709797
7157.0,357850.0,357593.0,50.0,-1.6429516718295758
7158.0,357900.0,357643.0,50.0,-0.9122825491281339
7159.0,357950.0,357693.0,50.0,-1.2468583995404352
7160.0,358000.0,357743.0,50.0,-0.8655200651032826
7161.0,358050.0,357793.0,50.0,-1.5004010750332277
7162.0,358100.0,357843.0,50.0,-1.2187443187963913
7163.0,358150.0,357893.0,50.0,-0.566822847163757
7164.0,358200.0,357943.0,50.0,-1.232074785583052
7165.0,358250.0,357993.0,50.0,-1.1084005664780177
7166.0,358300.0,358043.0,50.0,-0.670296851417017
7167.0,358350.0,358093.0,50.0,-2.2155931731016882
7168.0,358400.0,358143.0,50.0,-1.6459980972097654
7169.0,358450.0,358193.0,50.0,-1.2008069713540381
7170.0,358500.0,358243.0,50.0,-0.5743970041807285
7171.0,358550.0,358293.0,50.0,-1.2922438727715495
7172.0,358600.0,358343.0,50.0,-1.7267822146847056
7173.0,358650.0,358393.0,50.0,-1.4534120858188135
7174.0,358700.0,358443.0,50.0,-1.5458358879201501
7175.0,358750.0,358493.0,50.0,-1.126285590455696
7176.0,358800.0,358543.0,50.0,-2.4666314153668165
7177.0,358850.0,358593.0,50.0,-0.9644171326246457
7178.0,358900.0,358643.0,50.0,-0.8350043658353412
7179.0,358950.0,358693.0,50.0,-1.5163847938190254
7180.0,359000.0,358743.0,50.0,-1.345600107222372
7181.0,359050.0,358793.0,50.0,-0.5772254330371235
7182.0,359100.0,358843.0,50.0,-1.9850265887918521
7183.0,359150.0,358893.0,50.0,-1.5635806360596678
7184.0,359200.0,358943.0,50.0,-2.6579797916583257
7185.0,359250.0,358993.0,50.0,-1.8130141574145515
7186.0,359300.0,359043.0,50.0,-1.4234357735732879
7187.0,359350.0,359093.0,50.0,-2.0879177665891313
7188.0,359400.0,359143.0,50.0,-1.497248984632679
7189.0,359450.0,359193.0,50.0,-0.4620249146649503
7190.0,359500.0,359243.0,50.0,-2.2505771636483853
7191.0,359550.0,359293.0,50.0,-1.0574015942175792
7192.0,359600.0,359343.0,50.0,-0.9068637895829113
7193.0,359650.0,359393.0,50.0,-1.0972330934428443
7194.0,359700.0,359443.0,50.0,-0.8045692054638087
7195.0,359750.0,359493.0,50.0,-1.6807544959040581
7196.0,359800.0,359543.0,50.0,-1.3848205506700024
7197.0,359850.0,359593.0,50.0,-2.237413314451725
7198.0,359900.0,359643.0,50.0,-0.9765310865715173
7199.0,359950.0,359693.0,50.0,-1.6285577503078252
7200.0,360000.0,359743.0,50.0,-1.3861628267867305
7201.0,360050.0,359793.0,50.0,-0.867143001287451
7202.0,360100.0,359843.0,50.0,-1.2763713456389407
7203.0,360150.0,359893.0,50.0,-1.0867281774419477
7204.0,360200.0,359943.0,50.0,-1.4200436097335234
7205.0,360250.0,359993.0,50.0,-1.1247736352612059
7206.0,360300.0,360043.0,50.0,-0.963824228459679
7207.0,360350.0,360093.0,50.0,-2.2164186426115764
7208.0,360400.0,360143.0,50.0,-1.1224539725779317
7209.0,360450.0,360193.0,50.0,-0.9964274744807183
7210.0,360500.0,360243.0,50.0,-1.2575577484693488
7211.0,360550.0,360293.0,50.0,-1.3275613851792198
7212.0,360600.0,360343.0,50.0,-1.0982346817047834
7213.0,360650.0,360393.0,50.0,-1.279134288213668
7214.0,360700.0,360443.0,50.0,-1.5602869175688436
7215.0,360750.0,360493.0,50.0,-1.1566240264027876
7216.0,360800.0,360543.0,50.0,-0.4865738083831102
7217.0,360850.0,360593.0,50.0,-0.7613061595253912
7218.0,360900.0,360643.0,50.0,-1.05594806461917
7219.0,360950.0,360693.0,50.0,-1.2213369932843787
7220.0,361000.0,360743.0,50.0,-1.603324175643716
7221.0,361050.0,360793.0,50.0,-2.00939955166948
7222.0,361100.0,360843.0,50.0,-0.9792227206951449
7223.0,361150.0,360893.0,50.0,-1.271692590899544
7224.0,361200.0,360943.0,50.0,-1.3477376448325995
7225.0,361250.0,360993.0,50.0,-1.0642788311159421
7226.0,361300.0,361043.0,50.0,-2.251806998765706
7227.0,361350.0,361093.0,50.0,-0.6979689402553801
7228.0,361400.0,361143.0,50.0,-1.4966268709689365
7229.0,361450.0,361193.0,50.0,-1.095381086148915
7230.0,361500.0,361243.0,50.0,-2.14734371063543
7231.0,361550.0,361293.0,50.0,-1.1072880476115377
7232.0,361600.0,361343.0,50.0,-0.8267584280478601
7233.0,361650.0,361393.0,50.0,-1.1915967880505838
7234.0,361700.0,361443.0,50.0,-1.2553458197198757
7235.0,361750.0,361493.0,50.0,-0.7291937746613995
7236.0,361800.0,361543.0,50.0,-1.6940999177872245
7237.0,361850.0,361593.0,50.0,-1.4752670444206166
7238.0,361900.0,361643.0,50.0,-1.3172131056439969
7239.0,361950.0,361693.0,50.0,-1.692878674933918
7240.0,362000.0,361743.0,50.0,-0.821878017038444
7241.0,362050.0,361793.0,50.0,-1.399953491749608
7242.0,362100.0,361843.0,50.0,-1.267945112165099
7243.0,362150.0,361893.0,50.0,-0.9667395120635053
7244.0,362200.0,361943.0,50.0,-1.5893957037258408
7245.0,362250.0,361993.0,50.0,-0.9265696397676568
7246.0,362300.0,362043.0,50.0,-1.1123074096819385
7247.0,362350.0,362093.0,50.0,-1.0137800279229916
7248.0,362400.0,362143.0,50.0,-0.9416432074019068
7249.0,362450.0,362193.0,50.0,-1.3173625084238945
7250.0,362500.0,362243.0,50.0,-0.8755774935765421
7251.0,362550.0,362293.0,50.0,-0.877967471345951
7252.0,362600.0,362343.0,50.0,-1.6591216843581549
7253.0,362650.0,362393.0,50.0,-1.594272087538534
7254.0,362700.0,362443.0,50.0,-0.6175795118146808
7255.0,362750.0,362493.0,50.0,-0.9554720208897381
7256.0,362800.0,362543.0,50.0,-2.9220819828309783
7257.0,362850.0,362593.0,50.0,-1.3851631442760128
7258.0,362900.0,362643.0,50.0,-1.0754231851445046
7259.0,362950.0,362693.0,50.0,-0.5952075782502795
7260.0,363000.0,362743.0,50.0,-0.9506342560100571
7261.0,363050.0,362793.0,50.0,-0.7091288012486908
7262.0,363100.0,362843.0,50.0,-1.0876409724391174
7263.0,363150.0,362893.0,50.0,-1.648988911726034
7264.0,363200.0,362943.0,50.0,-1.4924125108462372
7265.0,363250.0,362993.0,50.0,-0.8880842447771901
7266.0,363300.0,363043.0,50.0,-1.7086630129873177
7267.0,363350.0,363093.0,50.0,-0.8557402539393235
7268.0,363400.0,363143.0,50.0,-0.7928075054529624
7269.0,363450.0,363193.0,50.0,-0.9268181200904423
7270.0,363500.0,363243.0,50.0,-1.2218380433241873
7271.0,363550.0,363293.0,50.0,-0.5966569118684362
7272.0,363600.0,363343.0,50.0,-1.8958190229571026
7273.0,363650.0,363393.0,50.0,-1.2507223527750986
7274.0,363700.0,363443.0,50.0,-1.7713676001966918
7275.0,363750.0,363493.0,50.0,-0.9447174608834997
7276.0,363800.0,363543.0,50.0,-0.8948025278974097
7277.0,363850.0,363593.0,50.0,-1.2485444004227262
7278.0,363900.0,363643.0,50.0,-1.1388764728213983
7279.0,363950.0,363693.0,50.0,-2.484479394932499
7280.0,364000.0,363743.0,50.0,-1.6644524556752982
7281.0,364050.0,363793.0,50.0,-1.8125255689566449
7282.0,364100.0,363843.0,50.0,-0.7016007973298635
7283.0,364150.0,363893.0,50.0,-1.618781136095203
7284.0,364200.0,363943.0,50.0,-1.167945104322029
7285.0,364250.0,363993.0,50.0,-0.8495945788337714
7286.0,364300.0,364043.0,50.0,-2.0220613384888586
7287.0,364350.0,364093.0,50.0,-1.4152834725796717
7288.0,364400.0,364143.0,50.0,-1.8001348776904207
7289.0,364450.0,364193.0,50.0,-0.5712770212854731
7290.0,364500.0,364243.0,50.0,-0.966568619790428
7291.0,364550.0,364293.0,50.0,-0.8708907614070469
7292.0,364600.0,364343.0,50.0,-0.7358789755484623
7293.0,364650.0,364393.0,50.0,-1.5108729651528128
7294.0,364700.0,364443.0,50.0,-0.6221878093848497
7295.0,364750.0,364493.0,50.0,-1.0837738185462595
7296.0,364800.0,364543.0,50.0,-0.592499347091814
7297.0,364850.0,364593.0,50.0,-0.6662149976956322
7298.0,364900.0,364643.0,50.0,-0.8498118088183546
7299.0,364950.0,364693.0,50.0,-0.8433919170498412
7300.0,365000.0,364743.0,50.0,-0.9463892759469898
7301.0,365050.0,364793.0,50.0,-1.3975653282319664
7302.0,365100.0,364843.0,50.0,-1.4864094115761495
7303.0,365150.0,364893.0,50.0,-0.9194441937523559
7304.0,365200.0,364943.0,50.0,-0.5527306910870752
7305.0,365250.0,364993.0,50.0,-1.5314597005144577
7306.0,365300.0,365043.0,50.0,-1.706155218252884
7307.0,365350.0,365093.0,50.0,-0.7318113438969609
7308.0,365400.0,365143.0,50.0,-0.8573379647392344
7309.0,365450.0,365193.0,50.0,-0.7820431002840574
7310.0,365500.0,365243.0,50.0,-0.6273642249980292
7311.0,365550.0,365293.0,50.0,-0.841953032712828
7312.0,365600.0,365343.0,50.0,-1.7041028577154747
7313.0,365650.0,365393.0,50.0,-0.8267021380025001
7314.0,365700.0,365443.0,50.0,-1.0494099561357575
7315.0,365750.0,365493.0,50.0,-0.5610267008942873
7316.0,365800.0,365543.0,50.0,-0.9077124505185687
7317.0,365850.0,365593.0,50.0,-1.2386258140202213
7318.0,365900.0,365643.0,50.0,-1.385924753461154
7319.0,365950.0,365693.0,50.0,-0.6394045120382487
7320.0,366000.0,365743.0,50.0,-1.7996400058096693
7321.0,366050.0,365793.0,50.0,-0.8986937924318201
7322.0,366100.0,365843.0,50.0,-0.8293302169595538
7323.0,366150.0,365893.0,50.0,-1.1203340008282179
7324.0,366200.0,365943.0,50.0,-1.1229086473452066
7325.0,366250.0,365993.0,50.0,-1.5514553269316305
7326.0,366300.0,366043.0,50.0,-0.9818783277394385
7327.0,366350.0,366093.0,50.0,-0.9063248943264776
7328.0,366400.0,366143.0,50.0,-0.9988621744822533
7329.0,366450.0,366193.0,50.0,-0.909567603107338
7330.0,366500.0,366243.0,50.0,-0.9374693791427386
7331.0,366550.0,366293.0,50.0,-1.2062926835078682
7332.0,366600.0,366343.0,50.0,-1.7623656470141684
7333.0,366650.0,366393.0,50.0,-0.6483373223307058
7334.0,366700.0,366443.0,50.0,-2.4804076163987268
7335.0,366750.0,366493.0,50.0,-1.1476058193342862
7336.0,366800.0,366543.0,50.0,-0.880778683780529
7337.0,366850.0,366593.0,50.0,-1.109496550015862
7338.0,366900.0,366643.0,50.0,-1.195747706865935
7339.0,366950.0,366693.0,50.0,-1.615724760140854
7340.0,367000.0,366743.0,50.0,-0.8587690350112196
7341.0,367050.0,366793.0,50.0,-0.832646393593333
7342.0,367100.0,366843.0,50.0,-1.6145420098047973
7343.0,367150.0,366893.0,50.0,-1.2013652933309913
7344.0,367200.0,366943.0,50.0,-3.4516131523239952
7345.0,367250.0,366993.0,50.0,-0.9494845825885418
7346.0,367300.0,367043.0,50.0,-1.6512774546891156
7347.0,367350.0,367093.0,50.0,-1.7162913141916551
7348.0,367400.0,367143.0,50.0,-1.565081916553217
7349.0,367450.0,367193.0,50.0,-2.54563576015018
7350.0,367500.0,367243.0,50.0,-0.868114811622665
7351.0,367550.0,367293.0,50.0,-0.9893946476605336
7352.0,367600.0,367343.0,50.0,-0.8194802429458214
7353.0,367650.0,367393.0,50.0,-1.4709317440239218
7354.0,367700.0,367443.0,50.0,-0.9094175096962694
7355.0,367750.0,367493.0,50.0,-2.732605010220935
7356.0,367800.0,367543.0,50.0,-1.0131985084113755
7357.0,367850.0,367593.0,50.0,-0.9809134953749594
7358.0,367900.0,367643.0,50.0,-0.8870890282126724
7359.0,367950.0,367693.0,50.0,-2.518475681848313
7360.0,368000.0,367743.0,50.0,-1.463031451718816
7361.0,368050.0,367793.0,50.0,-1.3962144719022271
7362.0,368100.0,367843.0,50.0,-1.4105486596691148
7363.0,368150.0,367893.0,50.0,-1.0232893864297534
7364.0,368200.0,367943.0,50.0,-1.0395139363587542
7365.0,368250.0,367993.0,50.0,-2.366001859831485
7366.0,368300.0,368043.0,50.0,-0.9413693539223206
7367.0,368350.0,368093.0,50.0,-1.5530143657751299
7368.0,368400.0,368143.0,50.0,-1.419441669513094
7369.0,368450.0,368193.0,50.0,-1.5879541710555152
7370.0,368500.0,368243.0,50.0,-1.4254366131569487
7371.0,368550.0,368293.0,50.0,-0.9061418722846553
7372.0,368600.0,368343.0,50.0,-1.4864301723237183
7373.0,368650.0,368393.0,50.0,-1.0891416277628945
7374.0,368700.0,368443.0,50.0,-0.9714845531228873
7375.0,368750.0,368493.0,50.0,-1.4841868060331302
7376.0,368800.0,368543.0,50.0,-1.2890805163698094
7377.0,368850.0,368593.0,50.0,-1.1562182589367846
7378.0,368900.0,368643.0,50.0,-1.0548953161641184
7379.0,368950.0,368693.0,50.0,-1.737033617670639
7380.0,369000.0,368743.0,50.0,-1.613477734357854
7381.0,369050.0,368793.0,50.0,-0.8090537974104485
7382.0,369100.0,368843.0,50.0,-1.0500008294836722
7383.0,369150.0,368893.0,50.0,-0.5614864275541018
7384.0,369200.0,368943.0,50.0,-0.9166330443177014
7385.0,369250.0,368993.0,50.0,-1.5171218661143273
7386.0,369300.0,369043.0,50.0,-1.249435760368779
7387.0,369350.0,369093.0,50.0,-2.3546210989160055
7388.0,369400.0,369143.0,50.0,-0.6556244611945717
7389.0,369450.0,369193.0,50.0,-1.1560018007366217
7390.0,369500.0,369243.0,50.0,-1.4603361642316839
7391.0,369550.0,369293.0,50.0,-0.9921945216293736
7392.0,369600.0,369343.0,50.0,-1.7996615252162935
7393.0,369650.0,369393.0,50.0,-1.5182188607255802
7394.0,369700.0,369443.0,50.0,-1.0351248633690282
7395.0,369750.0,369493.0,50.0,-0.6434102534343306
7396.0,369800.0,369543.0,50.0,-1.3504123218218513
7397.0,369850.0,369593.0,50.0,-1.4419037381418571
7398.0,369900.0,369643.0,50.0,-0.8377071808509375
7399.0,369950.0,369693.0,50.0,-0.5969160536394824
7400.0,370000.0,369743.0,50.0,-1.746258059619647
7401.0,370050.0,369793.0,50.0,-1.0525641739378102
7402.0,370100.0,369843.0,50.0,-2.5402269123247403
7403.0,370150.0,369893.0,50.0,-0.9314314085200984
7404.0,370200.0,369943.0,50.0,-1.734103561823517
7405.0,370250.0,369993.0,50.0,-1.332214327629522
7406.0,370300.0,370043.0,50.0,-1.7196264809080763
7407.0,370350.0,370093.0,50.0,-0.8332875144920895
7408.0,370400.0,370143.0,50.0,-2.9037510993657847
7409.0,370450.0,370193.0,50.0,-1.1585959062805868
7410.0,370500.0,370243.0,50.0,-0.8278770875890946
7411.0,370550.0,370293.0,50.0,-1.3983589874473346
7412.0,370600.0,370343.0,50.0,-0.8875541430293074
7413.0,370650.0,370393.0,50.0,-1.9347283158227704
7414.0,370700.0,370443.0,50.0,-0.9597058140950574
7415.0,370750.0,370493.0,50.0,-1.7795600867734
7416.0,370800.0,370543.0,50.0,-2.353982595196512
7417.0,370850.0,370593.0,50.0,-1.5801430276660167
7418.0,370900.0,370643.0,50.0,-1.508191674488717
7419.0,370950.0,370693.0,50.0,-0.8808682228254515
7420.0,371000.0,370743.0,50.0,-1.5530304786941513
7421.0,371050.0,370793.0,50.0,-0.8868081665225471
7422.0,371100.0,370843.0,50.0,-0.590946994405454
7423.0,371150.0,370893.0,50.0,-2.193049607464809
7424.0,371200.0,370943.0,50.0,-2.0363033068181435
7425.0,371250.0,370993.0,50.0,-1.2018665538905482
7426.0,371300.0,371043.0,50.0,-0.6320042721764748
7427.0,371350.0,371093.0,50.0,-1.707316685633391
7428.0,371400.0,371143.0,50.0,-1.2060377949588874
7429.0,371450.0,371193.0,50.0,-0.8495356104779699
7430.0,371500.0,371243.0,50.0,-2.805879793004451
7431.0,371550.0,371293.0,50.0,-1.6908650456767156
7432.0,371600.0,371343.0,50.0,-2.118576192856556
7433.0,371650.0,371393.0,50.0,-0.7085965804227067
7434.0,371700.0,371443.0,50.0,-0.7786699001176083
7435.0,371750.0,371493.0,50.0,-1.9899899970168942
7436.0,371800.0,371543.0,50.0,-0.45856418382139025
7437.0,371850.0,371593.0,50.0,-1.1368293466485964
7438.0,371900.0,371643.0,50.0,-1.4036033275219146
7439.0,371950.0,371693.0,50.0,-1.1867440589561564
7440.0,372000.0,371743.0,50.0,-1.2164648069675006
7441.0,372050.0,371793.0,50.0,-1.3623979099195194
7442.0,372100.0,371843.0,50.0,-1.0043236300229912
7443.0,372150.0,371893.0,50.0,-0.5008430744266199
7444.0,372200.0,371943.0,50.0,-0.7613145299638491
7445.0,372250.0,371993.0,50.0,-0.8286076930105394
7446.0,372300.0,372043.0,50.0,-1.4787998997884362
7447.0,372350.0,372093.0,50.0,-0.592763288936285
7448.0,372400.0,372143.0,50.0,-0.5580783610248431
7449.0,372450.0,372193.0,50.0,-0.7425700640337891
7450.0,372500.0,372243.0,50.0,-1.0480723711883366
7451.0,372550.0,372293.0,50.0,-2.292130744586884
7452.0,372600.0,372343.0,50.0,-1.252428414126219
7453.0,372650.0,372393.0,50.0,-1.6814900931466665
7454.0,372700.0,372443.0,50.0,-0.9414165555980167
7455.0,372750.0,372493.0,50.0,-1.7725849570802201
7456.0,372800.0,372543.0,50.0,-1.9815674144990676
7457.0,372850.0,372593.0,50.0,-2.2316650071572206
7458.0,372900.0,372643.0,50.0,-0.7475993024435711
7459.0,372950.0,372693.0,50.0,-1.2790925278598384
7460.0,373000.0,372743.0,50.0,-0.8958879280692456
7461.0,373050.0,372793.0,50.0,-1.339340640479712
7462.0,373100.0,372843.0,50.0,-1.0838696185236998
7463.0,373150.0,372893.0,50.0,-1.387409501339685
7464.0,373200.0,372943.0,50.0,-2.249442866290334
7465.0,373250.0,372993.0,50.0,-1.4675904537711049
7466.0,373300.0,373043.0,50.0,-1.1274319737786174
7467.0,373350.0,373093.0,50.0,-0.9817270088117517
7468.0,373400.0,373143.0,50.0,-1.695494844035255
7469.0,373450.0,373193.0,50.0,-1.1318770163247514
7470.0,373500.0,373243.0,50.0,-2.1247960314869196
7471.0,373550.0,373293.0,50.0,-1.098618943289416
7472.0,373600.0,373343.0,50.0,-0.6383682941440719
7473.0,373650.0,373393.0,50.0,-1.0844024010416324
7474.0,373700.0,373443.0,50.0,-0.6451862111499145
7475.0,373750.0,373493.0,50.0,-0.8404334810841609
7476.0,373800.0,373543.0,50.0,-2.028532204689483
7477.0,373850.0,373593.0,50.0,-0.8594350697405658
7478.0,373900.0,373643.0,50.0,-1.9791820341326225
7479.0,373950.0,373693.0,50.0,-1.7059745857837356
7480.0,374000.0,373743.0,50.0,-1.3253681409797333
7481.0,374050.0,373793.0,50.0,-2.7770243458769093
7482.0,374100.0,373843.0,50.0,-0.7791842103636505
7483.0,374150.0,373893.0,50.0,-1.5624158730250366
7484.0,374200.0,373943.0,50.0,-1.4233959850959856
7485.0,374250.0,373993.0,50.0,-0.7232947778842709
7486.0,374300.0,374043.0,50.0,-0.8017189431522594
7487.0,374350.0,374093.0,50.0,-1.9030607948593559
7488.0,374400.0,374143.0,50.0,-0.4603793508324503
7489.0,374450.0,374193.0,50.0,-0.9881362810448274
7490.0,374500.0,374243.0,50.0,-1.2404921940061293
7491.0,374550.0,374293.0,50.0,-0.56081001868885
7492.0,374600.0,374343.0,50.0,-0.8571052721362724
7493.0,374650.0,374393.0,50.0,-0.7385129670687727
7494.0,374700.0,374443.0,50.0,-0.9085311225885119
7495.0,374750.0,374493.0,50.0,-2.1639969755834088
7496.0,374800.0,374543.0,50.0,-1.4654354415118551
7497.0,374850.0,374593.0,50.0,-0.9230922719413923
7498.0,374900.0,374643.0,50.0,-1.1719935768950627
7499.0,374950.0,374693.0,50.0,-0.6216237524488074
7500.0,375000.0,374743.0,50.0,-0.699444129962986
7501.0,375050.0,374793.0,50.0,-1.5467003825232493
7502.0,375100.0,374843.0,50.0,-0.947533303478896
7503.0,375150.0,374893.0,50.0,-1.179383586091372
7504.0,375200.0,374943.0,50.0,-0.9351388907367615
7505.0,375250.0,374993.0,50.0,-1.1565141333505555
7506.0,375300.0,375043.0,50.0,-1.6753416301412427
7507.0,375350.0,375093.0,50.0,-0.9430588391477063
7508.0,375400.0,375143.0,50.0,-0.7032559647153025
7509.0,375450.0,375193.0,50.0,-0.8622554756900997
7510.0,375500.0,375243.0,50.0,-0.9700225483745099
7511.0,375550.0,375293.0,50.0,-1.0857169008772554
7512.0,375600.0,375343.0,50.0,-1.4409312632766729
7513.0,375650.0,375393.0,50.0,-1.0020772129286142
7514.0,375700.0,375443.0,50.0,-0.5518799204917271
7515.0,375750.0,375493.0,50.0,-1.8807347316612486
7516.0,375800.0,375543.0,50.0,-2.1071870554941396
7517.0,375850.0,375593.0,50.0,-1.5499431795745087
7518.0,375900.0,375643.0,50.0,-1.8624350393753022
7519.0,375950.0,375693.0,50.0,-1.5663967289202454
7520.0,376000.0,375743.0,50.0,-0.8302504407456829
7521.0,376050.0,375793.0,50.0,-1.0080281100022803
7522.0,376100.0,375843.0,50.0,-0.8516673079723823
7523.0,376150.0,375893.0,50.0,-1.7136039832632262
7524.0,376200.0,375943.0,50.0,-1.3672650434473406
7525.0,376250.0,375993.0,50.0,-2.003348230424416
7526.0,376300.0,376043.0,50.0,-0.7411349105775981
7527.0,376350.0,376093.0,50.0,-1.3504918469701919
7528.0,376400.0,376143.0,50.0,-0.81109067603635
7529.0,376450.0,376193.0,50.0,-0.663069758511679
7530.0,376500.0,376243.0,50.0,-1.3799945512727476
7531.0,376550.0,376293.0,50.0,-1.147275426389404
7532.0,376600.0,376343.0,50.0,-0.8692445545632884
7533.0,376650.0,376393.0,50.0,-0.8139309727252387
7534.0,376700.0,376443.0,50.0,-0.952474724153813
7535.0,376750.0,376493.0,50.0,-1.332052286333266
7536.0,376800.0,376543.0,50.0,-1.2827922295753602
7537.0,376850.0,376593.0,50.0,-0.7766613779634768
7538.0,376900.0,376643.0,50.0,-0.5408687390059905
7539.0,376950.0,376693.0,50.0,-1.9900720594109662
7540.0,377000.0,376743.0,50.0,-0.8135682064128527
7541.0,377050.0,376793.0,50.0,-2.931426462004804
7542.0,377100.0,376843.0,50.0,-0.9896106259133294
7543.0,377150.0,376893.0,50.0,-1.7973952849755441
7544.0,377200.0,376943.0,50.0,-0.8430420819348079
7545.0,377250.0,376993.0,50.0,-1.2531375729452034
7546.0,377300.0,377043.0,50.0,-0.6916170078140174
7547.0,377350.0,377093.0,50.0,-1.5556308368844058
7548.0,377400.0,377143.0,50.0,-1.413435303523851
7549.0,377450.0,377193.0,50.0,-1.1847256273683007
7550.0,377500.0,377243.0,50.0,-1.1203769059584348
7551.0,377550.0,377293.0,50.0,-0.6808532550427808
7552.0,377600.0,377343.0,50.0,-0.6450992492854233
7553.0,377650.0,377393.0,50.0,-0.9127611300547583
7554.0,377700.0,377443.0,50.0,-0.7804522463382743
7555.0,377750.0,377493.0,50.0,-1.038041556977686
7556.0,377800.0,377543.0,50.0,-0.8821757787171265
7557.0,377850.0,377593.0,50.0,-1.4352021520057399
7558.0,377900.0,377643.0,50.0,-1.3230186980701113
7559.0,377950.0,377693.0,50.0,-1.0829843851805152
7560.0,378000.0,377743.0,50.0,-1.1307758482345207
7561.0,378050.0,377793.0,50.0,-0.9806961603112394
7562.0,378100.0,377843.0,50.0,-1.4776990029898347
7563.0,378150.0,377893.0,50.0,-0.6697597872966023
7564.0,378200.0,377943.0,50.0,-1.1251573969118482
7565.0,378250.0,377993.0,50.0,-1.2378445281696766
7566.0,378300.0,378043.0,50.0,-0.8828924145155957
7567.0,378350.0,378093.0,50.0,-0.8207860296924596
7568.0,378400.0,378143.0,50.0,-0.9020435689677105
7569.0,378450.0,378193.0,50.0,-1.1990315400025988
7570.0,378500.0,378243.0,50.0,-0.7382842259181941
7571.0,378550.0,378293.0,50.0,-1.1189687501658057
7572.0,378600.0,378343.0,50.0,-1.8960905738533653
7573.0,378650.0,378393.0,50.0,-0.8238704759442804
7574.0,378700.0,378443.0,50.0,-0.9755074910997036
7575.0,378750.0,378493.0,50.0,-0.7786991598647326
7576.0,378800.0,378543.0,50.0,-1.7475458063875586
7577.0,378850.0,378593.0,50.0,-1.8411919716597351
7578.0,378900.0,378643.0,50.0,-2.152878586704535
7579.0,378950.0,378693.0,50.0,-1.3110561128558573
7580.0,379000.0,378743.0,50.0,-1.161640809121022
7581.0,379050.0,378793.0,50.0,-1.4048953980134045
7582.0,379100.0,378843.0,50.0,-1.1574325037830904
7583.0,379150.0,378893.0,50.0,-1.9855014453613589
7584.0,379200.0,378943.0,50.0,-0.6833482686028277
7585.0,379250.0,378993.0,50.0,-2.5874037345764567
7586.0,379300.0,379043.0,50.0,-0.8918005223634309
7587.0,379350.0,379093.0,50.0,-0.8211932708876764
7588.0,379400.0,379143.0,50.0,-1.9747620159328954
7589.0,379450.0,379193.0,50.0,-0.9946213643337867
7590.0,379500.0,379243.0,50.0,-1.5575139633192359
7591.0,379550.0,379293.0,50.0,-1.1215398881319705
7592.0,379600.0,379343.0,50.0,-0.7810313435624539
7593.0,379650.0,379393.0,50.0,-1.1863524923522597
7594.0,379700.0,379443.0,50.0,-0.9025725153617424
7595.0,379750.0,379493.0,50.0,-1.9151434009010022
7596.0,379800.0,379543.0,50.0,-0.8522313520828095
7597.0,379850.0,379593.0,50.0,-2.113552772256146
7598.0,379900.0,379643.0,50.0,-1.20628129068786
7599.0,379950.0,379693.0,50.0,-1.2527988046868401
7600.0,380000.0,379743.0,50.0,-0.7873811294990367
7601.0,380050.0,379793.0,50.0,-1.0314596693090754
7602.0,380100.0,379843.0,50.0,-1.763253726167388
7603.0,380150.0,379893.0,50.0,-0.6935073419350343
7604.0,380200.0,379943.0,50.0,-1.246393324288267
7605.0,380250.0,379993.0,50.0,-1.9801352397017145
7606.0,380300.0,380043.0,50.0,-1.4473270372286173
7607.0,380350.0,380093.0,50.0,-1.4397411842643837
7608.0,380400.0,380143.0,50.0,-1.2944845196883428
7609.0,380450.0,380193.0,50.0,-0.9068149774638873
7610.0,380500.0,380243.0,50.0,-0.7686665184974816
7611.0,380550.0,380293.0,50.0,-0.47336817309405393
7612.0,380600.0,380343.0,50.0,-0.9132831346057191
7613.0,380650.0,380393.0,50.0,-0.8926113809540591
7614.0,380700.0,380443.0,50.0,-1.0618295997047151
7615.0,380750.0,380493.0,50.0,-2.012888795926473
7616.0,380800.0,380543.0,50.0,-1.1790569927109813
7617.0,380850.0,380593.0,50.0,-0.6245047579102024
7618.0,380900.0,380643.0,50.0,-0.859649644811048
7619.0,380950.0,380693.0,50.0,-0.7722607479364427
7620.0,381000.0,380743.0,50.0,-1.864933884162041
7621.0,381050.0,380793.0,50.0,-0.5475093860589789
7622.0,381100.0,380843.0,50.0,-1.625088543186781
7623.0,381150.0,380893.0,50.0,-1.6341869200560106
7624.0,381200.0,380943.0,50.0,-1.594734477537382
7625.0,381250.0,380993.0,50.0,-1.5445218390120563
7626.0,381300.0,381043.0,50.0,-1.6717876573377188
7627.0,381350.0,381093.0,50.0,-1.4950175816079128
7628.0,381400.0,381143.0,50.0,-0.9220076871119712
7629.0,381450.0,381193.0,50.0,-0.6380466478229075
7630.0,381500.0,381243.0,50.0,-2.0787462485921
7631.0,381550.0,381293.0,50.0,-2.8940978654241882
7632.0,381600.0,381343.0,50.0,-1.2424980631861988
7633.0,381650.0,381393.0,50.0,-0.7515640776821604
7634.0,381700.0,381443.0,50.0,-0.8217861842140242
7635.0,381750.0,381493.0,50.0,-1.5060783161150002
7636.0,381800.0,381543.0,50.0,-1.8669137485359597
7637.0,381850.0,381593.0,50.0,-1.0046289319919368
7638.0,381900.0,381643.0,50.0,-2.161345400770576
7639.0,381950.0,381693.0,50.0,-1.2630143647411471
7640.0,382000.0,381743.0,50.0,-1.724654843302641
7641.0,382050.0,381793.0,50.0,-0.847686961713302
7642.0,382100.0,381843.0,50.0,-1.5261107778142955
7643.0,382150.0,381893.0,50.0,-2.058322195041652
7644.0,382200.0,381943.0,50.0,-0.673088818114264
7645.0,382250.0,381993.0,50.0,-1.9508528616193883
7646.0,382300.0,382043.0,50.0,-0.8432040593085279
7647.0,382350.0,382093.0,50.0,-1.3646912643392366
7648.0,382400.0,382143.0,50.0,-0.9812301817129094
7649.0,382450.0,382193.0,50.0,-2.2120538327992163
7650.0,382500.0,382243.0,50.0,-0.8585449795536783
7651.0,382550.0,382293.0,50.0,-0.9588837531044395
7652.0,382600.0,382343.0,50.0,-1.0553042807450022
7653.0,382650.0,382393.0,50.0,-1.1653104602441737
7654.0,382700.0,382443.0,50.0,-1.119660817743686
7655.0,382750.0,382493.0,50.0,-0.7900384980176853
7656.0,382800.0,382543.0,50.0,-0.6167465329749199
7657.0,382850.0,382593.0,50.0,-1.2478586976967891
7658.0,382900.0,382643.0,50.0,-1.1055629495575812
7659.0,382950.0,382693.0,50.0,-1.4743372838268385
7660.0,383000.0,382743.0,50.0,-0.9650978475765373
7661.0,383050.0,382793.0,50.0,-0.6698518067431988
7662.0,383100.0,382843.0,50.0,-1.0932565919916255
7663.0,383150.0,382893.0,50.0,-0.674287597870356
7664.0,383200.0,382943.0,50.0,-0.7713797681101777
7665.0,383250.0,382993.0,50.0,-1.3711993217358218
7666.0,383300.0,383043.0,50.0,-0.8671418502424318
7667.0,383350.0,383093.0,50.0,-2.683165943625918
7668.0,383400.0,383143.0,50.0,-0.8844196696296072
7669.0,383450.0,383193.0,50.0,-1.4428699789623283
7670.0,383500.0,383243.0,50.0,-1.4194376145647283
7671.0,383550.0,383293.0,50.0,-1.2328593665148557
7672.0,383600.0,383343.0,50.0,-1.3038147315480861
7673.0,383650.0,383393.0,50.0,-1.85005517167125
7674.0,383700.0,383443.0,50.0,-1.1930451688951755
7675.0,383750.0,383493.0,50.0,-1.2881641217642479
7676.0,383800.0,383543.0,50.0,-2.0654019432928368
7677.0,383850.0,383593.0,50.0,-1.040694010009201
7678.0,383900.0,383643.0,50.0,-1.02360170607631
7679.0,383950.0,383693.0,50.0,-0.9907112446485298
7680.0,384000.0,383743.0,50.0,-1.0226545765316761
7681.0,384050.0,383793.0,50.0,-0.6938211477211185
7682.0,384100.0,383843.0,50.0,-1.1092589074958261
7683.0,384150.0,383893.0,50.0,-2.5124684014456795
7684.0,384200.0,383943.0,50.0,-2.1524871962911787
7685.0,384250.0,383993.0,50.0,-1.1302274568740787
7686.0,384300.0,384043.0,50.0,-1.8582242124599648
7687.0,384350.0,384093.0,50.0,-1.2088474160427265
7688.0,384400.0,384143.0,50.0,-2.03172957804552
7689.0,384450.0,384193.0,50.0,-0.5642507578763384
7690.0,384500.0,384243.0,50.0,-0.7403834721834177
7691.0,384550.0,384293.0,50.0,-0.8361150262716166
7692.0,384600.0,384343.0,50.0,-1.4292214321738668
7693.0,384650.0,384393.0,50.0,-1.6154597688056598
7694.0,384700.0,384443.0,50.0,-0.667033271350547
7695.0,384750.0,384493.0,50.0,-1.3472532456626305
7696.0,384800.0,384543.0,50.0,-1.8511560783097993
7697.0,384850.0,384593.0,50.0,-1.7707729575369433
7698.0,384900.0,384643.0,50.0,-1.2776439664059163
7699.0,384950.0,384693.0,50.0,-1.306631129126646
7700.0,385000.0,384743.0,50.0,-0.5614207693956053
7701.0,385050.0,384793.0,50.0,-1.308086075441785
7702.0,385100.0,384843.0,50.0,-0.9168387675869727
7703.0,385150.0,384893.0,50.0,-0.7464338575262953
7704.0,385200.0,384943.0,50.0,-0.9118852765760892
7705.0,385250.0,384993.0,50.0,-1.5232924826215688
7706.0,385300.0,385043.0,50.0,-1.4090311596843834
7707.0,385350.0,385093.0,50.0,-0.8856015341400616
7708.0,385400.0,385143.0,50.0,-1.1583524237060456
7709.0,385450.0,385193.0,50.0,-1.0611004604307392
7710.0,385500.0,385243.0,50.0,-1.9749072932940657
7711.0,385550.0,385293.0,50.0,-1.7826170245404749
7712.0,385600.0,385343.0,50.0,-0.9673329798666331
7713.0,385650.0,385393.0,50.0,-1.6128611398867438
7714.0,385700.0,385443.0,50.0,-1.5543584250968934
7715.0,385750.0,385493.0,50.0,-1.6256808625849342
7716.0,385800.0,385543.0,50.0,-0.817685480508906
7717.0,385850.0,385593.0,50.0,-1.9462845656080432
7718.0,385900.0,385643.0,50.0,-1.9591201379081815
7719.0,385950.0,385693.0,50.0,-1.0510372441426676
7720.0,386000.0,385743.0,50.0,-1.1338274775368435
7721.0,386050.0,385793.0,50.0,-1.3285010276060158
7722.0,386100.0,385843.0,50.0,-0.9356874709110434
7723.0,386150.0,385893.0,50.0,-1.2581097403246617
7724.0,386200.0,385943.0,50.0,-1.0100559631768493
7725.0,386250.0,385993.0,50.0,-1.1608852244304828
7726.0,386300.0,386043.0,50.0,-0.9393039683554643
7727.0,386350.0,386093.0,50.0,-1.1179541642915312
7728.0,386400.0,386143.0,50.0,-1.3764044562120203
7729.0,386450.0,386193.0,50.0,-0.8093068257031263
7730.0,386500.0,386243.0,50.0,-0.7815241234028029
7731.0,386550.0,386293.0,50.0,-2.249407096645834
7732.0,386600.0,386343.0,50.0,-0.7043949451337211
7733.0,386650.0,386393.0,50.0,-0.7398377504132895
7734.0,386700.0,386443.0,50.0,-1.023561658528685
7735.0,386750.0,386493.0,50.0,-0.747305182849147
7736.0,386800.0,386543.0,50.0,-1.2990726375299566
7737.0,386850.0,386593.0,50.0,-1.3525890172449704
7738.0,386900.0,386643.0,50.0,-1.112719659526364
7739.0,386950.0,386693.0,50.0,-0.7028799075403387
7740.0,387000.0,386743.0,50.0,-1.0520374987960384
7741.0,387050.0,386793.0,50.0,-1.2046066208204795
7742.0,387100.0,386843.0,50.0,-0.8103976680180149
7743.0,387150.0,386893.0,50.0,-1.2656229064334519
7744.0,387200.0,386943.0,50.0,-1.9096701341068028
7745.0,387250.0,386993.0,50.0,-1.870581188580255
7746.0,387300.0,387043.0,50.0,-0.7635685099259535
7747.0,387350.0,387093.0,50.0,-0.8246457554036223
7748.0,387400.0,387143.0,50.0,-0.9947021722379505
7749.0,387450.0,387193.0,50.0,-1.1551865929373026
7750.0,387500.0,387243.0,50.0,-0.7544284729269318
7751.0,387550.0,387293.0,50.0,-2.372262190162917
7752.0,387600.0,387343.0,50.0,-1.217789212084514
7753.0,387650.0,387393.0,50.0,-1.2039469061807662
7754.0,387700.0,387443.0,50.0,-0.8111175963631503
7755.0,387750.0,387493.0,50.0,-0.9525324865641708
7756.0,387800.0,387543.0,50.0,-1.154279951325831
7757.0,387850.0,387593.0,50.0,-1.283359933398757
7758.0,387900.0,387643.0,50.0,-1.142385874700893
7759.0,387950.0,387693.0,50.0,-1.484249618682529
7760.0,388000.0,387743.0,50.0,-1.2189901371160128
7761.0,388050.0,387793.0,50.0,-1.4783627286268695
7762.0,388100.0,387843.0,50.0,-1.0724683623246463
7763.0,388150.0,387893.0,50.0,-1.0342227618257862
7764.0,388200.0,387943.0,50.0,-1.7136660295095802
7765.0,388250.0,387993.0,50.0,-1.6214901164819513
7766.0,388300.0,388043.0,50.0,-0.8550147910822272
7767.0,388350.0,388093.0,50.0,-1.695001315889045
7768.0,388400.0,388143.0,50.0,-0.9065016158749589
7769.0,388450.0,388193.0,50.0,-1.1464886395821259
7770.0,388500.0,388243.0,50.0,-1.3344292959963437
7771.0,388550.0,388293.0,50.0,-1.6733307784740687
7772.0,388600.0,388343.0,50.0,-4.2803437990722655
7773.0,388650.0,388393.0,50.0,-2.085602379446426
7774.0,388700.0,388443.0,50.0,-1.2088782109317766
7775.0,388750.0,388493.0,50.0,-1.1045224129419666
7776.0,388800.0,388543.0,50.0,-0.7278418210173158
7777.0,388850.0,388593.0,50.0,-1.1865910130220165
7778.0,388900.0,388643.0,50.0,-0.9225821165621588
7779.0,388950.0,388693.0,50.0,-1.8549051348820345
7780.0,389000.0,388743.0,50.0,-1.009064081398776
7781.0,389050.0,388793.0,50.0,-1.9417895135641898
7782.0,389100.0,388843.0,50.0,-0.7283651100425454
7783.0,389150.0,388893.0,50.0,-1.297643487725264
7784.0,389200.0,388943.0,50.0,-0.6723487968868023
7785.0,389250.0,388993.0,50.0,-1.398450414723847
7786.0,389300.0,389043.0,50.0,-1.306696039231903
7787.0,389350.0,389093.0,50.0,-1.0448188182441147
7788.0,389400.0,389143.0,50.0,-0.9297486312611511
7789.0,389450.0,389193.0,50.0,-0.8773200716053665
7790.0,389500.0,389243.0,50.0,-1.055324032507604
7791.0,389550.0,389293.0,50.0,-2.1582760660400093
7792.0,389600.0,389343.0,50.0,-0.6476677461635905
7793.0,389650.0,389393.0,50.0,-0.6596354544313396
7794.0,389700.0,389443.0,50.0,-1.1027321106529284
7795.0,389750.0,389493.0,50.0,-0.952988426825156
7796.0,389800.0,389543.0,50.0,-1.7091161314147092
7797.0,389850.0,389593.0,50.0,-0.8272619625644786
7798.0,389900.0,389643.0,50.0,-1.0989018052327137
7799.0,389950.0,389693.0,50.0,-1.377834350740802
7800.0,390000.0,389743.0,50.0,-0.6114824512640177
7801.0,390050.0,389793.0,50.0,-0.9471899957712762
7802.0,390100.0,389843.0,50.0,-2.177819874761774
7803.0,390150.0,389893.0,50.0,-1.6755297311084225
7804.0,390200.0,389943.0,50.0,-1.1155376771359649
7805.0,390250.0,389993.0,50.0,-0.811571678677726
7806.0,390300.0,390043.0,50.0,-1.3775866891098447
7807.0,390350.0,390093.0,50.0,-1.1106459335481929
7808.0,390400.0,390143.0,50.0,-0.9503473157333423
7809.0,390450.0,390193.0,50.0,-0.9630489027004983
7810.0,390500.0,390243.0,50.0,-1.0102078022806948
7811.0,390550.0,390293.0,50.0,-1.5209384355838234
7812.0,390600.0,390343.0,50.0,-1.0531647617159159
7813.0,390650.0,390393.0,50.0,-2.487360251988938
7814.0,390700.0,390443.0,50.0,-1.1947178092107038
7815.0,390750.0,390493.0,50.0,-0.9960777467365017
7816.0,390800.0,390543.0,50.0,-1.4647865945910556
7817.0,390850.0,390593.0,50.0,-1.1936161914662107
7818.0,390900.0,390643.0,50.0,-1.1989616629378657
7819.0,390950.0,390693.0,50.0,-0.7367922211044865
7820.0,391000.0,390743.0,50.0,-1.339632501387142
7821.0,391050.0,390793.0,50.0,-2.824437203867865
7822.0,391100.0,390843.0,50.0,-1.217335511885733
7823.0,391150.0,390893.0,50.0,-2.034375180148607
7824.0,391200.0,390943.0,50.0,-0.7493907097452476
7825.0,391250.0,390993.0,50.0,-1.3620498451160121
7826.0,391300.0,391043.0,50.0,-1.5392589152476375
7827.0,391350.0,391093.0,50.0,-0.976713520748682
7828.0,391400.0,391143.0,50.0,-0.7719525077755904
7829.0,391450.0,391193.0,50.0,-0.9473981424594458
7830.0,391500.0,391243.0,50.0,-1.7134967626077977
7831.0,391550.0,391293.0,50.0,-0.9539678604752803
7832.0,391600.0,391343.0,50.0,-1.3936518426834366
7833.0,391650.0,391393.0,50.0,-1.581530016300855
7834.0,391700.0,391443.0,50.0,-1.830815003990122
7835.0,391750.0,391493.0,50.0,-0.9572615882375269
7836.0,391800.0,391543.0,50.0,-1.89696634991403
7837.0,391850.0,391593.0,50.0,-1.0669127274364576
7838.0,391900.0,391643.0,50.0,-1.2085374196475507
7839.0,391950.0,391693.0,50.0,-1.4979843558647796
7840.0,392000.0,391743.0,50.0,-0.8965636319831771
7841.0,392050.0,391793.0,50.0,-0.7179898772758629
7842.0,392100.0,391843.0,50.0,-1.0393228149768472
7843.0,392150.0,391893.0,50.0,-0.9083577698348902
7844.0,392200.0,391943.0,50.0,-0.7839230393352054
7845.0,392250.0,391993.0,50.0,-1.6397792091513463
7846.0,392300.0,392043.0,50.0,-0.8181850893944537
7847.0,392350.0,392093.0,50.0,-1.450254127518981
7848.0,392400.0,392143.0,50.0,-0.9300629097938811
7849.0,392450.0,392193.0,50.0,-1.331548268977343
7850.0,392500.0,392243.0,50.0,-0.6998771473520141
7851.0,392550.0,392293.0,50.0,-1.415764451839986
7852.0,392600.0,392343.0,50.0,-0.9600679943124203
7853.0,392650.0,392393.0,50.0,-1.8871989334507733
7854.0,392700.0,392443.0,50.0,-0.8719256229758083
7855.0,392750.0,392493.0,50.0,-2.1509580744207786
7856.0,392800.0,392543.0,50.0,-1.019175595499167
7857.0,392850.0,392593.0,50.0,-1.1512995026346504
7858.0,392900.0,392643.0,50.0,-0.6817119361644051
7859.0,392950.0,392693.0,50.0,-1.0739587533154114
7860.0,393000.0,392743.0,50.0,-0.5617920762764717
7861.0,393050.0,392793.0,50.0,-1.4171179754540042
7862.0,393100.0,392843.0,50.0,-1.2968448805163804
7863.0,393150.0,392893.0,50.0,-1.1103356809728142
7864.0,393200.0,392943.0,50.0,-1.0796795693877352
7865.0,393250.0,392993.0,50.0,-1.7500634356036293
7866.0,393300.0,393043.0,50.0,-0.9029249177406191
7867.0,393350.0,393093.0,50.0,-1.2608588305054742
7868.0,393400.0,393143.0,50.0,-0.9108970343806845
7869.0,393450.0,393193.0,50.0,-1.0467616121765793
7870.0,393500.0,393243.0,50.0,-1.405853531179859
7871.0,393550.0,393293.0,50.0,-0.9984055879660769
7872.0,393600.0,393343.0,50.0,-0.5822379572149482
7873.0,393650.0,393393.0,50.0,-1.1201024481532007
7874.0,393700.0,393443.0,50.0,-1.16497360335286
7875.0,393750.0,393493.0,50.0,-0.9756897251520977
7876.0,393800.0,393543.0,50.0,-1.2392546155817534
7877.0,393850.0,393593.0,50.0,-0.8204202187341867
7878.0,393900.0,393643.0,50.0,-1.2591185998784953
7879.0,393950.0,393693.0,50.0,-1.1964920194180473
7880.0,394000.0,393743.0,50.0,-0.759001742233292
7881.0,394050.0,393793.0,50.0,-0.7552478280021699
7882.0,394100.0,393843.0,50.0,-0.7277806746258707
7883.0,394150.0,393893.0,50.0,-1.750997002658312
7884.0,394200.0,393943.0,50.0,-1.0814756639163823
7885.0,394250.0,393993.0,50.0,-0.9247863758577833
7886.0,394300.0,394043.0,50.0,-1.0854085608536492
7887.0,394350.0,394093.0,50.0,-2.3143599691230587
7888.0,394400.0,394143.0,50.0,-1.2998696967939976
7889.0,394450.0,394193.0,50.0,-1.47275056215821
7890.0,394500.0,394243.0,50.0,-1.8534504797909908
7891.0,394550.0,394293.0,50.0,-1.1360550536048701
7892.0,394600.0,394343.0,50.0,-1.9252109421569392
7893.0,394650.0,394393.0,50.0,-0.8287249247023807
7894.0,394700.0,394443.0,50.0,-1.2710252928606376
7895.0,394750.0,394493.0,50.0,-1.6570862679075933
7896.0,394800.0,394543.0,50.0,-0.8653044206538365
7897.0,394850.0,394593.0,50.0,-1.2330059667931885
7898.0,394900.0,394643.0,50.0,-0.8336551515753675
7899.0,394950.0,394693.0,50.0,-0.7134958083304422
7900.0,395000.0,394743.0,50.0,-1.2368606096616943
7901.0,395050.0,394793.0,50.0,-1.3432954812145212
7902.0,395100.0,394843.0,50.0,-2.0458203584745545
7903.0,395150.0,394893.0,50.0,-0.9102998842004804
7904.0,395200.0,394943.0,50.0,-1.4765735954569414
7905.0,395250.0,394993.0,50.0,-1.4865425107715076
7906.0,395300.0,395043.0,50.0,-1.7719388737656037
7907.0,395350.0,395093.0,50.0,-1.0996882798115215
7908.0,395400.0,395143.0,50.0,-0.877542096390767
7909.0,395450.0,395193.0,50.0,-1.1303990831653106
7910.0,395500.0,395243.0,50.0,-0.8952163814385322
7911.0,395550.0,395293.0,50.0,-1.249519811918618
7912.0,395600.0,395343.0,50.0,-1.0982007150384852
7913.0,395650.0,395393.0,50.0,-1.028517509856759
7914.0,395700.0,395443.0,50.0,-1.0625970725141594
7915.0,395750.0,395493.0,50.0,-0.7195188832276663
7916.0,395800.0,395543.0,50.0,-1.3675734543360965
7917.0,395850.0,395593.0,50.0,-1.2836695323221146
7918.0,395900.0,395643.0,50.0,-1.4094982614225249
7919.0,395950.0,395693.0,50.0,-1.8724373615656449
7920.0,396000.0,395743.0,50.0,-1.1266854729536804
7921.0,396050.0,395793.0,50.0,-1.7218401936014716
7922.0,396100.0,395843.0,50.0,-0.9359395151395942
7923.0,396150.0,395893.0,50.0,-1.1611043134859478
7924.0,396200.0,395943.0,50.0,-0.8303452822636647
7925.0,396250.0,395993.0,50.0,-0.6854405271648203
7926.0,396300.0,396043.0,50.0,-1.4415975300738766
7927.0,396350.0,396093.0,50.0,-1.6782831446280855
7928.0,396400.0,396143.0,50.0,-1.4224751247082197
7929.0,396450.0,396193.0,50.0,-1.6377078975742856
7930.0,396500.0,396243.0,50.0,-1.9090174422852706
7931.0,396550.0,396293.0,50.0,-1.240891575275085
7932.0,396600.0,396343.0,50.0,-1.525546207165743
7933.0,396650.0,396393.0,50.0,-1.5844307656772276
7934.0,396700.0,396443.0,50.0,-1.0630340761975123
7935.0,396750.0,396493.0,50.0,-1.3714545255235142
7936.0,396800.0,396543.0,50.0,-1.061165053209376
7937.0,396850.0,396593.0,50.0,-0.9381548153614866
7938.0,396900.0,396643.0,50.0,-1.3322537357136774
7939.0,396950.0,396693.0,50.0,-1.50122020406019
7940.0,397000.0,396743.0,50.0,-3.2895607719899913
7941.0,397050.0,396793.0,50.0,-1.2860880043561644
7942.0,397100.0,396843.0,50.0,-1.0417963445050529
7943.0,397150.0,396893.0,50.0,-0.9256501902549836
7944.0,397200.0,396943.0,50.0,-1.4941963433520926
7945.0,397250.0,396993.0,50.0,-1.106811648659457
7946.0,397300.0,397043.0,50.0,-1.244822429400965
7947.0,397350.0,397093.0,50.0,-1.3785947929281248
7948.0,397400.0,397143.0,50.0,-1.51046916308101
7949.0,397450.0,397193.0,50.0,-0.811081936701648
7950.0,397500.0,397243.0,50.0,-2.6739002390045816
7951.0,397550.0,397293.0,50.0,-1.5098410218890839
7952.0,397600.0,397343.0,50.0,-1.5429089528009425
7953.0,397650.0,397393.0,50.0,-1.0945793451148524
7954.0,397700.0,397443.0,50.0,-1.0232225613469246
7955.0,397750.0,397493.0,50.0,-1.0260658962338265
7956.0,397800.0,397543.0,50.0,-2.8739122817536544
7957.0,397850.0,397593.0,50.0,-0.8618325433015168
7958.0,397900.0,397643.0,50.0,-0.5936442698248453
7959.0,397950.0,397693.0,50.0,-1.50940869451578
7960.0,398000.0,397743.0,50.0,-1.1199792412357004
7961.0,398050.0,397793.0,50.0,-2.1467465207987897
7962.0,398100.0,397843.0,50.0,-0.9372783494154662
7963.0,398150.0,397893.0,50.0,-1.0039327930464468
7964.0,398200.0,397943.0,50.0,-2.5276671480053143
7965.0,398250.0,397993.0,50.0,-1.1016903496701413
7966.0,398300.0,398043.0,50.0,-1.2538987486134412
7967.0,398350.0,398093.0,50.0,-1.645646835096783
7968.0,398400.0,398143.0,50.0,-1.0429558809754849
7969.0,398450.0,398193.0,50.0,-1.598956858993726
7970.0,398500.0,398243.0,50.0,-1.5992014148217104
7971.0,398550.0,398293.0,50.0,-1.5826695411478553
7972.0,398600.0,398343.0,50.0,-1.4052546332176017
7973.0,398650.0,398393.0,50.0,-1.5376276141288268
7974.0,398700.0,398443.0,50.0,-0.7741745646208898
7975.0,398750.0,398493.0,50.0,-0.6635927707054731
7976.0,398800.0,398543.0,50.0,-1.9040644458533567
7977.0,398850.0,398593.0,50.0,-1.3611486889825437
7978.0,398900.0,398643.0,50.0,-0.9148646658249655
7979.0,398950.0,398693.0,50.0,-1.2780448766885748
7980.0,399000.0,398743.0,50.0,-1.5967440074332975
7981.0,399050.0,398793.0,50.0,-1.5266248034719525
7982.0,399100.0,398843.0,50.0,-0.79633008348053
7983.0,399150.0,398893.0,50.0,-0.8244614840884251
7984.0,399200.0,398943.0,50.0,-0.8237789492070098
7985.0,399250.0,398993.0,50.0,-1.3984979499214338
7986.0,399300.0,399043.0,50.0,-1.1242886957379996
7987.0,399350.0,399093.0,50.0,-0.9500240466331632
7988.0,399400.0,399143.0,50.0,-1.595620713918166
7989.0,399450.0,399193.0,50.0,-0.8355035231394091
7990.0,399500.0,399243.0,50.0,-1.102468043247246
7991.0,399550.0,399293.0,50.0,-2.315320360150162
7992.0,399600.0,399343.0,50.0,-2.1698687246085813
7993.0,399650.0,399393.0,50.0,-1.1308376912327018
7994.0,399700.0,399443.0,50.0,-0.9162110549852539
7995.0,399750.0,399493.0,50.0,-1.3440004881158527
7996.0,399800.0,399543.0,50.0,-1.2996593273699326
7997.0,399850.0,399593.0,50.0,-1.6335663013928254
7998.0,399900.0,399643.0,50.0,-1.2698285432045924
7999.0,399950.0,399693.0,50.0,-0.7490272096183794
8000.0,400000.0,399743.0,50.0,-1.052906617076056
8001.0,400050.0,399793.0,50.0,-1.494076283802061
8002.0,400100.0,399843.0,50.0,-1.2529725333575688
8003.0,400150.0,399893.0,50.0,-0.979440822298703
8004.0,400200.0,399943.0,50.0,-0.8429982678336224
8005.0,400250.0,399993.0,50.0,-1.7017456431294935
8006.0,400300.0,400043.0,50.0,-3.7715418836715338
8007.0,400350.0,400093.0,50.0,-2.8010908380908104
8008.0,400400.0,400143.0,50.0,-1.2848629506527025
8009.0,400450.0,400193.0,50.0,-1.6564269497384991
8010.0,400500.0,400243.0,50.0,-0.7495727300655677
8011.0,400550.0,400293.0,50.0,-0.873927520099494
8012.0,400600.0,400343.0,50.0,-1.6720077080563016
8013.0,400650.0,400393.0,50.0,-1.0228658354596927
8014.0,400700.0,400443.0,50.0,-0.9775041684429651
8015.0,400750.0,400493.0,50.0,-1.400355071751821
8016.0,400800.0,400543.0,50.0,-1.5826978042132702
8017.0,400850.0,400593.0,50.0,-0.8746923100261952
8018.0,400900.0,400643.0,50.0,-0.9833051810528647
8019.0,400950.0,400693.0,50.0,-1.132270802048883
8020.0,401000.0,400743.0,50.0,-1.4446054980921152
8021.0,401050.0,400793.0,50.0,-0.9006882919043958
8022.0,401100.0,400843.0,50.0,-1.4757081663881593
8023.0,401150.0,400893.0,50.0,-1.4385819679948322
8024.0,401200.0,400943.0,50.0,-1.3001705961669283
8025.0,401250.0,400993.0,50.0,-2.0528514061855967
8026.0,401300.0,401043.0,50.0,-1.7974461185110486
8027.0,401350.0,401093.0,50.0,-0.9703293955973004
8028.0,401400.0,401143.0,50.0,-1.463387241524417
8029.0,401450.0,401193.0,50.0,-1.2315570855171514
8030.0,401500.0,401243.0,50.0,-0.8034886385183193
8031.0,401550.0,401293.0,50.0,-2.1307882991056215
8032.0,401600.0,401343.0,50.0,-2.003012687033487
8033.0,401650.0,401393.0,50.0,-1.406887413366563
8034.0,401700.0,401443.0,50.0,-1.0951888832908583
8035.0,401750.0,401493.0,50.0,-1.056894140996448
8036.0,401800.0,401543.0,50.0,-1.7379530027069832
8037.0,401850.0,401593.0,50.0,-1.1542287948854624
8038.0,401900.0,401643.0,50.0,-1.1104228270523382
8039.0,401950.0,401693.0,50.0,-1.0022096054263785
8040.0,402000.0,401743.0,50.0,-1.1253947896818306
8041.0,402050.0,401793.0,50.0,-0.7432044111047119
8042.0,402100.0,401843.0,50.0,-1.497361935649645
8043.0,402150.0,401893.0,50.0,-1.15898901933538
8044.0,402200.0,401943.0,50.0,-1.7749831320144618
8045.0,402250.0,401993.0,50.0,-1.1360899679870362
8046.0,402300.0,402043.0,50.0,-1.0574280494047648
8047.0,402350.0,402093.0,50.0,-1.2787573915458292
8048.0,402400.0,402143.0,50.0,-0.9396994779794376
8049.0,402450.0,402193.0,50.0,-1.7222585787033682
8050.0,402500.0,402243.0,50.0,-1.029832419323006
8051.0,402550.0,402293.0,50.0,-0.8386644457412634
8052.0,402600.0,402343.0,50.0,-1.0447140590996924
8053.0,402650.0,402393.0,50.0,-0.7361583150364795
8054.0,402700.0,402443.0,50.0,-0.49872518116192427
8055.0,402750.0,402493.0,50.0,-1.569123392448669
8056.0,402800.0,402543.0,50.0,-2.1152624820817394
8057.0,402850.0,402593.0,50.0,-1.5144248229397932
8058.0,402900.0,402643.0,50.0,-0.8923098676676103
8059.0,402950.0,402693.0,50.0,-1.274683799983924
8060.0,403000.0,402743.0,50.0,-1.2144117246044308
8061.0,403050.0,402793.0,50.0,-1.3806106245423209
8062.0,403100.0,402843.0,50.0,-1.9997136736105536
8063.0,403150.0,402893.0,50.0,-1.6434150858929477
8064.0,403200.0,402943.0,50.0,-3.8703772740394715
8065.0,403250.0,402993.0,50.0,-1.177131590989855
8066.0,403300.0,403043.0,50.0,-0.726288316379827
8067.0,403350.0,403093.0,50.0,-0.785854069383622
8068.0,403400.0,403143.0,50.0,-1.609136050743015
8069.0,403450.0,403193.0,50.0,-1.627999015092272
8070.0,403500.0,403243.0,50.0,-1.006410262194575
8071.0,403550.0,403293.0,50.0,-1.9043683939245606
8072.0,403600.0,403343.0,50.0,-1.226683585119641
8073.0,403650.0,403393.0,50.0,-1.5884132170131833
8074.0,403700.0,403443.0,50.0,-0.837311310660281
8075.0,403750.0,403493.0,50.0,-1.8722547200244497
8076.0,403800.0,403543.0,50.0,-0.9523703935184306
8077.0,403850.0,403593.0,50.0,-1.3893053545688536
8078.0,403900.0,403643.0,50.0,-1.9772079746425804
8079.0,403950.0,403693.0,50.0,-0.9374308594712796
8080.0,404000.0,403743.0,50.0,-1.7496867423337532
8081.0,404050.0,403793.0,50.0,-1.2159200313191956
8082.0,404100.0,403843.0,50.0,-1.442211779863688
8083.0,404150.0,403893.0,50.0,-0.6406714399959315
8084.0,404200.0,403943.0,50.0,-1.1706591422861106
8085.0,404250.0,403993.0,50.0,-1.5683088808155536
8086.0,404300.0,404043.0,50.0,-1.6382528960274612
8087.0,404350.0,404093.0,50.0,-1.4894851706415353
8088.0,404400.0,404143.0,50.0,-0.9381267720978148
8089.0,404450.0,404193.0,50.0,-1.165800518975458
8090.0,404500.0,404243.0,50.0,-1.5463202855072014
8091.0,404550.0,404293.0,50.0,-1.3073953376247855
8092.0,404600.0,404343.0,50.0,-0.887275143873462
8093.0,404650.0,404393.0,50.0,-1.4902735501620357
8094.0,404700.0,404443.0,50.0,-1.0470068672453796
8095.0,404750.0,404493.0,50.0,-1.473211482183075
8096.0,404800.0,404543.0,50.0,-1.7342375252853248
8097.0,404850.0,404593.0,50.0,-1.3638397650432097
8098.0,404900.0,404643.0,50.0,-0.7700196481879602
8099.0,404950.0,404693.0,50.0,-0.9849446094049756
8100.0,405000.0,404743.0,50.0,-1.3709585965921471
8101.0,405050.0,404793.0,50.0,-0.8461458729458642
8102.0,405100.0,404843.0,50.0,-2.996280740243635
8103.0,405150.0,404893.0,50.0,-1.3494749546477305
8104.0,405200.0,404943.0,50.0,-1.6423584201807326
8105.0,405250.0,404993.0,50.0,-1.6046188136866324
8106.0,405300.0,405043.0,50.0,-0.9289684014675489
8107.0,405350.0,405093.0,50.0,-0.8886943321652923
8108.0,405400.0,405143.0,50.0,-0.869140660107296
8109.0,405450.0,405193.0,50.0,-1.570418515942888
8110.0,405500.0,405243.0,50.0,-1.0112174372995715
8111.0,405550.0,405293.0,50.0,-1.6224686644409911
8112.0,405600.0,405343.0,50.0,-1.4203525525015375
8113.0,405650.0,405393.0,50.0,-0.9210556073491178
8114.0,405700.0,405443.0,50.0,-1.1891105640719515
8115.0,405750.0,405493.0,50.0,-1.0970000679399152
8116.0,405800.0,405543.0,50.0,-2.0724571606373745
8117.0,405850.0,405593.0,50.0,-1.4638241179278346
8118.0,405900.0,405643.0,50.0,-2.04757289505918
8119.0,405950.0,405693.0,50.0,-1.06145843391507
8120.0,406000.0,405743.0,50.0,-1.048628443866447
8121.0,406050.0,405793.0,50.0,-1.7563066897426003
8122.0,406100.0,405843.0,50.0,-1.550769817529173
8123.0,406150.0,405893.0,50.0,-1.4058042932661752
8124.0,406200.0,405943.0,50.0,-0.7903309921521678
8125.0,406250.0,405993.0,50.0,-1.455539394664037
8126.0,406300.0,406043.0,50.0,-1.2726017604120794
8127.0,406350.0,406093.0,50.0,-1.361720753676556
8128.0,406400.0,406143.0,50.0,-1.2074830436245023
8129.0,406450.0,406193.0,50.0,-1.3906497716806938
8130.0,406500.0,406243.0,50.0,-1.9820642693400674
8131.0,406550.0,406293.0,50.0,-1.0238036364307797
8132.0,406600.0,406343.0,50.0,-1.0033095110714292
8133.0,406650.0,406393.0,50.0,-1.0688189184589152
8134.0,406700.0,406443.0,50.0,-1.136186969628294
8135.0,406750.0,406493.0,50.0,-1.016956845762698
8136.0,406800.0,406543.0,50.0,-0.9736425400643368
8137.0,406850.0,406593.0,50.0,-1.4619719477761028
8138.0,406900.0,406643.0,50.0,-0.9290509658083689
8139.0,406950.0,406693.0,50.0,-1.763291258352784
8140.0,407000.0,406743.0,50.0,-1.6806551685579136
8141.0,407050.0,406793.0,50.0,-1.111300265068623
8142.0,407100.0,406843.0,50.0,-1.631427204203702
8143.0,407150.0,406893.0,50.0,-1.066471312957773
8144.0,407200.0,406943.0,50.0,-1.1924481303106738
8145.0,407250.0,406993.0,50.0,-1.4808235701930772
8146.0,407300.0,407043.0,50.0,-1.9382934588740806
8147.0,407350.0,407093.0,50.0,-0.879181068231448
8148.0,407400.0,407143.0,50.0,-2.998851400168639
8149.0,407450.0,407193.0,50.0,-0.6613032147310063
8150.0,407500.0,407243.0,50.0,-0.7536664339521113
8151.0,407550.0,407293.0,50.0,-0.6538679285244879
8152.0,407600.0,407343.0,50.0,-1.1944900611490008
8153.0,407650.0,407393.0,50.0,-1.0917875263047032
8154.0,407700.0,407443.0,50.0,-0.7247182352181042
8155.0,407750.0,407493.0,50.0,-1.0174306135070834
8156.0,407800.0,407543.0,50.0,-1.551081161462416
8157.0,407850.0,407593.0,50.0,-1.3971569007861844
8158.0,407900.0,407643.0,50.0,-1.549538633686467
8159.0,407950.0,407693.0,50.0,-1.244747704322061
8160.0,408000.0,407743.0,50.0,-1.4480351287320294
8161.0,408050.0,407793.0,50.0,-1.3307145930912567
8162.0,408100.0,407843.0,50.0,-1.3364305196421686
8163.0,408150.0,407893.0,50.0,-1.211559787090293
8164.0,408200.0,407943.0,50.0,-1.70082185266213
8165.0,408250.0,407993.0,50.0,-1.4699844643987696
8166.0,408300.0,408043.0,50.0,-1.380074122485607
8167.0,408350.0,408093.0,50.0,-1.2805228573506784
8168.0,408400.0,408143.0,50.0,-1.0175396364428888
8169.0,408450.0,408193.0,50.0,-1.1476047836847332
8170.0,408500.0,408243.0,50.0,-1.4192988587564808
8171.0,408550.0,408293.0,50.0,-1.617831604007635
8172.0,408600.0,408343.0,50.0,-1.211170503142643
8173.0,408650.0,408393.0,50.0,-1.0277992386678856
8174.0,408700.0,408443.0,50.0,-1.624394759763636
8175.0,408750.0,408493.0,50.0,-1.7061267660376969
8176.0,408800.0,408543.0,50.0,-1.952396026934645
8177.0,408850.0,408593.0,50.0,-0.9632657473868429
8178.0,408900.0,408643.0,50.0,-0.9996343500539483
8179.0,408950.0,408693.0,50.0,-1.3819398667276543
8180.0,409000.0,408743.0,50.0,-1.3350656759261794
8181.0,409050.0,408793.0,50.0,-0.8128836587392712
8182.0,409100.0,408843.0,50.0,-0.7985498987232953
8183.0,409150.0,408893.0,50.0,-1.0317526580010876
8184.0,409200.0,408943.0,50.0,-1.4461172915978497
8185.0,409250.0,408993.0,50.0,-0.8481465096513148
8186.0,409300.0,409043.0,50.0,-1.7097394047053127
8187.0,409350.0,409093.0,50.0,-1.4237571217786493
8188.0,409400.0,409143.0,50.0,-0.8229635105780695
8189.0,409450.0,409193.0,50.0,-1.1113733943883408
8190.0,409500.0,409243.0,50.0,-0.927557099059669
8191.0,409550.0,409293.0,50.0,-1.0637850692565591
8192.0,409600.0,409343.0,50.0,-1.5090306532510136
8193.0,409650.0,409393.0,50.0,-2.315451500165884
8194.0,409700.0,409443.0,50.0,-0.9524921228245183
8195.0,409750.0,409493.0,50.0,-1.553255378944118
8196.0,409800.0,409543.0,50.0,-0.8889791965780434
8197.0,409850.0,409593.0,50.0,-1.117794132328103
8198.0,409900.0,409643.0,50.0,-1.2842241712625797
8199.0,409950.0,409693.0,50.0,-2.095093922374293
8200.0,410000.0,409743.0,50.0,-0.9082482318488658
8201.0,410050.0,409793.0,50.0,-1.3931461998638908
8202.0,410100.0,409843.0,50.0,-1.5516589409007755
8203.0,410150.0,409893.0,50.0,-0.7349405231336937
8204.0,410200.0,409943.0,50.0,-1.9849380432153465
8205.0,410250.0,409993.0,50.0,-1.8079243230196458
8206.0,410300.0,410043.0,50.0,-1.0045509771046848
8207.0,410350.0,410093.0,50.0,-1.167505478817916
8208.0,410400.0,410143.0,50.0,-1.4537082175684128
8209.0,410450.0,410193.0,50.0,-1.0000090279576395
8210.0,410500.0,410243.0,50.0,-1.1910706614244893
8211.0,410550.0,410293.0,50.0,-0.7643061180484376
8212.0,410600.0,410343.0,50.0,-0.966786954695803
8213.0,410650.0,410393.0,50.0,-0.49498576157501495
8214.0,410700.0,410443.0,50.0,-0.7934179545434765
8215.0,410750.0,410493.0,50.0,-1.1608509071345376
8216.0,410800.0,410543.0,50.0,-1.2416698606298295
8217.0,410850.0,410593.0,50.0,-0.6876360048592401
8218.0,410900.0,410643.0,50.0,-0.7777247294175085
8219.0,410950.0,410693.0,50.0,-0.7789484423904613
8220.0,411000.0,410743.0,50.0,-1.0439446325587
8221.0,411050.0,410793.0,50.0,-1.3881341979379849
8222.0,411100.0,410843.0,50.0,-1.3615710348130692
8223.0,411150.0,410893.0,50.0,-0.9198166447811621
8224.0,411200.0,410943.0,50.0,-2.5473672178513387
8225.0,411250.0,410993.0,50.0,-1.044524117641597
8226.0,411300.0,411043.0,50.0,-1.4008093678006224
8227.0,411350.0,411093.0,50.0,-1.9418540207706898
8228.0,411400.0,411143.0,50.0,-0.8664091981279793
8229.0,411450.0,411193.0,50.0,-2.1435904725348265
8230.0,411500.0,411243.0,50.0,-1.2283232165144624
8231.0,411550.0,411293.0,50.0,-1.0700095423956297
8232.0,411600.0,411343.0,50.0,-1.8507934912624424
8233.0,411650.0,411393.0,50.0,-0.9871417810885794
8234.0,411700.0,411443.0,50.0,-1.2656376304735417
8235.0,411750.0,411493.0,50.0,-1.0688061083941793
8236.0,411800.0,411543.0,50.0,-0.9023566312104802
8237.0,411850.0,411593.0,50.0,-1.7746243003810012
8238.0,411900.0,411643.0,50.0,-1.445125868322604
8239.0,411950.0,411693.0,50.0,-1.125062915674473
8240.0,412000.0,411743.0,50.0,-1.0648481696731324
8241.0,412050.0,411793.0,50.0,-1.5406592873516345
8242.0,412100.0,411843.0,50.0,-1.5849850967622068
8243.0,412150.0,411893.0,50.0,-1.4595966333847246
8244.0,412200.0,411943.0,50.0,-1.193265282538588
8245.0,412250.0,411993.0,50.0,-1.7928251175884988
8246.0,412300.0,412043.0,50.0,-2.4936583842026456
8247.0,412350.0,412093.0,50.0,-1.1056575228657506
8248.0,412400.0,412143.0,50.0,-2.1288206209868363
8249.0,412450.0,412193.0,50.0,-1.2953900253323538
8250.0,412500.0,412243.0,50.0,-0.9955025444214564
8251.0,412550.0,412293.0,50.0,-0.9506180080243773
8252.0,412600.0,412343.0,50.0,-1.6902028417596187
8253.0,412650.0,412393.0,50.0,-1.1095580605376614
8254.0,412700.0,412443.0,50.0,-2.2955097423936457
8255.0,412750.0,412493.0,50.0,-0.8535455747593452
8256.0,412800.0,412543.0,50.0,-0.9229368742060966
8257.0,412850.0,412593.0,50.0,-1.1105747861977964
8258.0,412900.0,412643.0,50.0,-1.0793126447387973
8259.0,412950.0,412693.0,50.0,-1.2917113058159178
8260.0,413000.0,412743.0,50.0,-0.908317063038247
8261.0,413050.0,412793.0,50.0,-1.0106178672605453
8262.0,413100.0,412843.0,50.0,-2.612755962947064
8263.0,413150.0,412893.0,50.0,-1.3002449535070935
8264.0,413200.0,412943.0,50.0,-1.5180614701038488
8265.0,413250.0,412993.0,50.0,-0.8407884450583459
8266.0,413300.0,413043.0,50.0,-1.565267071259771
8267.0,413350.0,413093.0,50.0,-1.3989132341741934
8268.0,413400.0,413143.0,50.0,-1.1655417600450568
8269.0,413450.0,413193.0,50.0,-1.4179362990121387
8270.0,413500.0,413243.0,50.0,-1.338715799537143
8271.0,413550.0,413293.0,50.0,-0.8353379096789018
8272.0,413600.0,413343.0,50.0,-0.6893819138289403
8273.0,413650.0,413393.0,50.0,-1.3821100864050406
8274.0,413700.0,413443.0,50.0,-0.9580220254641943
8275.0,413750.0,413493.0,50.0,-0.9051578249962687
8276.0,413800.0,413543.0,50.0,-1.4059653221611161
8277.0,413850.0,413593.0,50.0,-2.3019954911082907
8278.0,413900.0,413643.0,50.0,-2.3133019340052905
8279.0,413950.0,413693.0,50.0,-1.2423343561595168
8280.0,414000.0,413743.0,50.0,-1.0201674896463302
8281.0,414050.0,413793.0,50.0,-1.3356130812263038
8282.0,414100.0,413843.0,50.0,-1.832058837776804
8283.0,414150.0,413893.0,50.0,-1.1731738152963869
8284.0,414200.0,413943.0,50.0,-0.6516174109342757
8285.0,414250.0,413993.0,50.0,-1.0843557156231316
8286.0,414300.0,414043.0,50.0,-1.128453179861332
8287.0,414350.0,414093.0,50.0,-0.7970580696413102
8288.0,414400.0,414143.0,50.0,-1.592478284801129
8289.0,414450.0,414193.0,50.0,-1.1366141738721494
8290.0,414500.0,414243.0,50.0,-1.6194200888232866
8291.0,414550.0,414293.0,50.0,-1.2592260815988447
8292.0,414600.0,414343.0,50.0,-1.2246285418749223
8293.0,414650.0,414393.0,50.0,-1.1380171982771612
8294.0,414700.0,414443.0,50.0,-0.9629436008537067
8295.0,414750.0,414493.0,50.0,-1.0253400915157593
8296.0,414800.0,414543.0,50.0,-0.9957380139392323
8297.0,414850.0,414593.0,50.0,-0.7306747249023618
8298.0,414900.0,414643.0,50.0,-1.1208124506382138
8299.0,414950.0,414693.0,50.0,-0.8606083918258426
8300.0,415000.0,414743.0,50.0,-1.1865918619246474
8301.0,415050.0,414793.0,50.0,-1.0873720010557826
8302.0,415100.0,414843.0,50.0,-1.4623525889961195
8303.0,415150.0,414893.0,50.0,-1.3205266183855897
8304.0,415200.0,414943.0,50.0,-1.3489284575618374
8305.0,415250.0,414993.0,50.0,-1.6733986457534524
8306.0,415300.0,415043.0,50.0,-0.6848480214398308
8307.0,415350.0,415093.0,50.0,-1.4610640509752952
8308.0,415400.0,415143.0,50.0,-1.5630012182319333
8309.0,415450.0,415193.0,50.0,-1.2130215977349408
8310.0,415500.0,415243.0,50.0,-1.004334273710332
8311.0,415550.0,415293.0,50.0,-0.751664035098734
8312.0,415600.0,415343.0,50.0,-1.0259095893037509
8313.0,415650.0,415393.0,50.0,-0.9651821173278718
8314.0,415700.0,415443.0,50.0,-0.6179785221715242
8315.0,415750.0,415493.0,50.0,-1.5600155694058422
8316.0,415800.0,415543.0,50.0,-1.3088192937104908
8317.0,415850.0,415593.0,50.0,-1.6704613969897621
8318.0,415900.0,415643.0,50.0,-0.7405463202711215
8319.0,415950.0,415693.0,50.0,-1.17346928521401
8320.0,416000.0,415743.0,50.0,-0.8298520300388067
8321.0,416050.0,415793.0,50.0,-1.0877177303879828
8322.0,416100.0,415843.0,50.0,-1.281656527293245
8323.0,416150.0,415893.0,50.0,-2.0103044147887887
8324.0,416200.0,415943.0,50.0,-1.0899876716675712
8325.0,416250.0,415993.0,50.0,-1.092013925332844
8326.0,416300.0,416043.0,50.0,-1.0046898469116012
8327.0,416350.0,416093.0,50.0,-1.035450894296983
8328.0,416400.0,416143.0,50.0,-1.1391498149757087
8329.0,416450.0,416193.0,50.0,-0.7878977269984749
8330.0,416500.0,416243.0,50.0,-1.2199672783432014
8331.0,416550.0,416293.0,50.0,-0.9724665305117481
8332.0,416600.0,416343.0,50.0,-1.593780955454663
8333.0,416650.0,416393.0,50.0,-1.2142203771070363
8334.0,416700.0,416443.0,50.0,-1.7150060749650726
8335.0,416750.0,416493.0,50.0,-1.1934339463324444
8336.0,416800.0,416543.0,50.0,-1.260773088110196
8337.0,416850.0,416593.0,50.0,-1.3596986867708607
8338.0,416900.0,416643.0,50.0,-1.0575820926010673
8339.0,416950.0,416693.0,50.0,-1.4141128251557924
8340.0,417000.0,416743.0,50.0,-0.8842510204158474
8341.0,417050.0,416793.0,50.0,-2.121838004884827
8342.0,417100.0,416843.0,50.0,-0.9011738530128625
8343.0,417150.0,416893.0,50.0,-1.3305831974693147
8344.0,417200.0,416943.0,50.0,-0.7949904888539567
8345.0,417250.0,416993.0,50.0,-1.2827932233329857
8346.0,417300.0,417043.0,50.0,-1.9902950600178655
8347.0,417350.0,417093.0,50.0,-0.9320848767089472
8348.0,417400.0,417143.0,50.0,-1.2821435388865823
8349.0,417450.0,417193.0,50.0,-1.7662808504309828
8350.0,417500.0,417243.0,50.0,-0.8244660375382701
8351.0,417550.0,417293.0,50.0,-1.0553061788753724
8352.0,417600.0,417343.0,50.0,-0.9641654561068549
8353.0,417650.0,417393.0,50.0,-0.8031846886278686
8354.0,417700.0,417443.0,50.0,-0.9621436237545871
8355.0,417750.0,417493.0,50.0,-1.1677685844556613
8356.0,417800.0,417543.0,50.0,-0.7503934816672589
8357.0,417850.0,417593.0,50.0,-1.7036552030684022
8358.0,417900.0,417643.0,50.0,-1.0381849248167123
8359.0,417950.0,417693.0,50.0,-1.3537497258286504
8360.0,418000.0,417743.0,50.0,-0.7588204856491206
8361.0,418050.0,417793.0,50.0,-1.4732235291132982
8362.0,418100.0,417843.0,50.0,-0.9143157998362544
8363.0,418150.0,417893.0,50.0,-1.029587889725155
8364.0,418200.0,417943.0,50.0,-0.6559990664694392
8365.0,418250.0,417993.0,50.0,-0.7800500050049884
8366.0,418300.0,418043.0,50.0,-0.8257632540028623
8367.0,418350.0,418093.0,50.0,-1.2801499654553277
8368.0,418400.0,418143.0,50.0,-1.2414395165783063
8369.0,418450.0,418193.0,50.0,-1.1932834041088507
8370.0,418500.0,418243.0,50.0,-0.7252568528540156
8371.0,418550.0,418293.0,50.0,-1.3409973012062546
8372.0,418600.0,418343.0,50.0,-0.6682951219440642
8373.0,418650.0,418393.0,50.0,-0.7917201836639994
8374.0,418700.0,418443.0,50.0,-1.0320896836256588
8375.0,418750.0,418493.0,50.0,-1.8611189755436806
8376.0,418800.0,418543.0,50.0,-1.8083076178326074
8377.0,418850.0,418593.0,50.0,-1.7278559517767944
8378.0,418900.0,418643.0,50.0,-1.322678942676953
8379.0,418950.0,418693.0,50.0,-0.994454556640693
8380.0,419000.0,418743.0,50.0,-0.9737226651137645
8381.0,419050.0,418793.0,50.0,-1.2078015096568597
8382.0,419100.0,418843.0,50.0,-1.721214643139214
8383.0,419150.0,418893.0,50.0,-1.432564228837349
8384.0,419200.0,418943.0,50.0,-0.9095325960031415
8385.0,419250.0,418993.0,50.0,-0.6944937721801842
8386.0,419300.0,419043.0,50.0,-2.019992859572708
8387.0,419350.0,419093.0,50.0,-1.016744000842243
8388.0,419400.0,419143.0,50.0,-0.9629517073143173
8389.0,419450.0,419193.0,50.0,-0.79184039388433
8390.0,419500.0,419243.0,50.0,-1.1921438595022187
8391.0,419550.0,419293.0,50.0,-0.7693138832817559
8392.0,419600.0,419343.0,50.0,-1.8817291132888136
8393.0,419650.0,419393.0,50.0,-1.1073536434773459
8394.0,419700.0,419443.0,50.0,-1.0238301782892194
8395.0,419750.0,419493.0,50.0,-1.2092770494300447
8396.0,419800.0,419543.0,50.0,-0.7339335450050032
8397.0,419850.0,419593.0,50.0,-0.7095876022396479
8398.0,419900.0,419643.0,50.0,-1.1881034941603485
8399.0,419950.0,419693.0,50.0,-0.9143013240926825
8400.0,420000.0,419743.0,50.0,-2.8145675795563503
8401.0,420050.0,419793.0,50.0,-1.2060530044907802
8402.0,420100.0,419843.0,50.0,-2.015018442810267
8403.0,420150.0,419893.0,50.0,-1.1974833794160542
8404.0,420200.0,419943.0,50.0,-1.191561827595672
8405.0,420250.0,419993.0,50.0,-1.3312912274301987
8406.0,420300.0,420043.0,50.0,-1.3679510568044808
8407.0,420350.0,420093.0,50.0,-0.844087547548603
8408.0,420400.0,420143.0,50.0,-1.8655525445477692
8409.0,420450.0,420193.0,50.0,-1.308356588424721
8410.0,420500.0,420243.0,50.0,-1.1495048118979256
8411.0,420550.0,420293.0,50.0,-1.0081401864158344
8412.0,420600.0,420343.0,50.0,-1.44482987387795
8413.0,420650.0,420393.0,50.0,-1.2711597684083165
8414.0,420700.0,420443.0,50.0,-0.7372022971858874
8415.0,420750.0,420493.0,50.0,-1.942165103720654
8416.0,420800.0,420543.0,50.0,-1.2741591449692273
8417.0,420850.0,420593.0,50.0,-1.5186486529968197
8418.0,420900.0,420643.0,50.0,-1.3556140014230906
8419.0,420950.0,420693.0,50.0,-1.2306597675189352
8420.0,421000.0,420743.0,50.0,-1.1622712508809128
8421.0,421050.0,420793.0,50.0,-1.0672288680167992
8422.0,421100.0,420843.0,50.0,-1.2696043473593421
8423.0,421150.0,420893.0,50.0,-1.604189072811623
8424.0,421200.0,420943.0,50.0,-0.9100582892463392
8425.0,421250.0,420993.0,50.0,-0.9607408987192119
8426.0,421300.0,421043.0,50.0,-1.0222752654447835
8427.0,421350.0,421093.0,50.0,-0.7358700942503964
8428.0,421400.0,421143.0,50.0,-1.4393348532740393
8429.0,421450.0,421193.0,50.0,-1.2736541704086033
8430.0,421500.0,421243.0,50.0,-1.7413973017088373
8431.0,421550.0,421293.0,50.0,-0.6895675901382978
8432.0,421600.0,421343.0,50.0,-1.487435028733317
8433.0,421650.0,421393.0,50.0,-1.2284430267807371
8434.0,421700.0,421443.0,50.0,-1.3705708956285751
8435.0,421750.0,421493.0,50.0,-1.1834392537566278
8436.0,421800.0,421543.0,50.0,-0.5766368648510345
8437.0,421850.0,421593.0,50.0,-1.1719347849388808
8438.0,421900.0,421643.0,50.0,-1.0182484158839518
8439.0,421950.0,421693.0,50.0,-1.855310519023688
8440.0,422000.0,421743.0,50.0,-0.9324552086954007
8441.0,422050.0,421793.0,50.0,-1.28232206968858
8442.0,422100.0,421843.0,50.0,-1.2007612766107871
8443.0,422150.0,421893.0,50.0,-1.7096018854886321
8444.0,422200.0,421943.0,50.0,-1.1404530485639377
8445.0,422250.0,421993.0,50.0,-1.5375556604526053
8446.0,422300.0,422043.0,50.0,-1.3008176193758538
8447.0,422350.0,422093.0,50.0,-1.6308616590801934
8448.0,422400.0,422143.0,50.0,-1.1112501182408365
8449.0,422450.0,422193.0,50.0,-1.9677933345229557
8450.0,422500.0,422243.0,50.0,-1.0745683826752088
8451.0,422550.0,422293.0,50.0,-0.704618906928648
8452.0,422600.0,422343.0,50.0,-1.0188136056028252
8453.0,422650.0,422393.0,50.0,-1.4257164827190243
8454.0,422700.0,422443.0,50.0,-1.8112600000416823
8455.0,422750.0,422493.0,50.0,-1.4952685074668366
8456.0,422800.0,422543.0,50.0,-1.0725842764762774
8457.0,422850.0,422593.0,50.0,-1.62736579270594
8458.0,422900.0,422643.0,50.0,-0.7295771579574636
8459.0,422950.0,422693.0,50.0,-1.047730107427339
8460.0,423000.0,422743.0,50.0,-1.092243647710813
8461.0,423050.0,422793.0,50.0,-1.4607743422026125
8462.0,423100.0,422843.0,50.0,-0.8653620372659071
8463.0,423150.0,422893.0,50.0,-1.5792448495574423
8464.0,423200.0,422943.0,50.0,-1.8025443557322423
8465.0,423250.0,422993.0,50.0,-1.4746251242311634
8466.0,423300.0,423043.0,50.0,-0.9804942625264625
8467.0,423350.0,423093.0,50.0,-0.9003011519092536
8468.0,423400.0,423143.0,50.0,-0.6661915570599481
8469.0,423450.0,423193.0,50.0,-2.2883210930412963
8470.0,423500.0,423243.0,50.0,-1.6087183484563148
8471.0,423550.0,423293.0,50.0,-1.464361093666594
8472.0,423600.0,423343.0,50.0,-2.1084182333923764
8473.0,423650.0,423393.0,50.0,-0.8992555715491297
8474.0,423700.0,423443.0,50.0,-1.6593534794715858
8475.0,423750.0,423493.0,50.0,-0.7851115803516121
8476.0,423800.0,423543.0,50.0,-0.6817160312216747
8477.0,423850.0,423593.0,50.0,-1.0308942833400914
8478.0,423900.0,423643.0,50.0,-2.006714754608175
8479.0,423950.0,423693.0,50.0,-1.2832964167269427
8480.0,424000.0,423743.0,50.0,-0.8409516257593352
8481.0,424050.0,423793.0,50.0,-0.704243185770671
8482.0,424100.0,423843.0,50.0,-1.19717024767907
8483.0,424150.0,423893.0,50.0,-1.2619759749321744
8484.0,424200.0,423943.0,50.0,-0.9332124082428879
8485.0,424250.0,423993.0,50.0,-1.987373054874372
8486.0,424300.0,424043.0,50.0,-1.1963376566305026
8487.0,424350.0,424093.0,50.0,-0.7546318710696401
8488.0,424400.0,424143.0,50.0,-0.8479790013528341
8489.0,424450.0,424193.0,50.0,-1.0722714808718536
8490.0,424500.0,424243.0,50.0,-1.2691684532096712
8491.0,424550.0,424293.0,50.0,-1.5396738151828373
8492.0,424600.0,424343.0,50.0,-0.8534656820438326
8493.0,424650.0,424393.0,50.0,-1.6908307162488252
8494.0,424700.0,424443.0,50.0,-1.0686912505650137
8495.0,424750.0,424493.0,50.0,-0.9578905698158827
8496.0,424800.0,424543.0,50.0,-0.5087512161441415
8497.0,424850.0,424593.0,50.0,-1.1287575162636394
8498.0,424900.0,424643.0,50.0,-2.3785113676038927
8499.0,424950.0,424693.0,50.0,-1.3224141842801629
8500.0,425000.0,424743.0,50.0,-1.3143574100376934
8501.0,425050.0,424793.0,50.0,-1.83780299122861
8502.0,425100.0,424843.0,50.0,-0.8698142432075463
8503.0,425150.0,424893.0,50.0,-0.8229892443735866
8504.0,425200.0,424943.0,50.0,-0.7794120502281247
8505.0,425250.0,424993.0,50.0,-1.7251105213365625
8506.0,425300.0,425043.0,50.0,-1.508788297482985
8507.0,425350.0,425093.0,50.0,-1.3075165618470197
8508.0,425400.0,425143.0,50.0,-0.6910068797234613
8509.0,425450.0,425193.0,50.0,-1.8740521655567408
8510.0,425500.0,425243.0,50.0,-1.4744414252640934
8511.0,425550.0,425293.0,50.0,-1.5652934713735231
8512.0,425600.0,425343.0,50.0,-1.5133615469362662
8513.0,425650.0,425393.0,50.0,-1.576848736687724
8514.0,425700.0,425443.0,50.0,-0.47515987662480225
8515.0,425750.0,425493.0,50.0,-2.7512065650270636
8516.0,425800.0,425543.0,50.0,-1.018563952270758
8517.0,425850.0,425593.0,50.0,-0.91750840545991
8518.0,425900.0,425643.0,50.0,-1.0950437220670222
8519.0,425950.0,425693.0,50.0,-1.1835514359508204
8520.0,426000.0,425743.0,50.0,-1.7687755104963243
8521.0,426050.0,425793.0,50.0,-2.057193530022449
8522.0,426100.0,425843.0,50.0,-0.6083887403348427
8523.0,426150.0,425893.0,50.0,-0.7214071279409807
8524.0,426200.0,425943.0,50.0,-0.6270857317312286
8525.0,426250.0,425993.0,50.0,-1.2938631224465345
8526.0,426300.0,426043.0,50.0,-1.2666994861320948
8527.0,426350.0,426093.0,50.0,-1.4947361958908367
8528.0,426400.0,426143.0,50.0,-0.758513137589428
8529.0,426450.0,426193.0,50.0,-1.7137267934626048
8530.0,426500.0,426243.0,50.0,-1.6192845412361931
8531.0,426550.0,426293.0,50.0,-1.1837564950839807
8532.0,426600.0,426343.0,50.0,-0.8250448688013245
8533.0,426650.0,426393.0,50.0,-1.4843710726369133
8534.0,426700.0,426443.0,50.0,-1.6337027410583
8535.0,426750.0,426493.0,50.0,-1.180848691465611
8536.0,426800.0,426543.0,50.0,-1.9942588265379968
8537.0,426850.0,426593.0,50.0,-0.7892598777108593
8538.0,426900.0,426643.0,50.0,-0.6166459076473895
8539.0,426950.0,426693.0,50.0,-1.0908155698326947
8540.0,427000.0,426743.0,50.0,-0.993185777375477
8541.0,427050.0,426793.0,50.0,-1.4357510426074567
8542.0,427100.0,426843.0,50.0,-0.8673604048270057
8543.0,427150.0,426893.0,50.0,-0.6028875773846211
8544.0,427200.0,426943.0,50.0,-1.212486168282945
8545.0,427250.0,426993.0,50.0,-0.7631821797206743
8546.0,427300.0,427043.0,50.0,-0.801856894396161
8547.0,427350.0,427093.0,50.0,-0.6605394205501381
8548.0,427400.0,427143.0,50.0,-1.0562475821486736
8549.0,427450.0,427193.0,50.0,-1.4190087637536624
8550.0,427500.0,427243.0,50.0,-1.7904998720663685
8551.0,427550.0,427293.0,50.0,-1.8653528995261375
8552.0,427600.0,427343.0,50.0,-0.8404724142483444
8553.0,427650.0,427393.0,50.0,-1.1530051369562895
8554.0,427700.0,427443.0,50.0,-1.4395730074608295
8555.0,427750.0,427493.0,50.0,-1.3746106286385733
8556.0,427800.0,427543.0,50.0,-0.8469867785423673
8557.0,427850.0,427593.0,50.0,-0.6729860852563881
8558.0,427900.0,427643.0,50.0,-1.849377162773476
8559.0,427950.0,427693.0,50.0,-1.377122525485516
8560.0,428000.0,427743.0,50.0,-1.21355914794937
8561.0,428050.0,427793.0,50.0,-1.138868840389981
8562.0,428100.0,427843.0,50.0,-0.7739935470184662
8563.0,428150.0,427893.0,50.0,-0.775714208234017
8564.0,428200.0,427943.0,50.0,-0.5979934513691569
8565.0,428250.0,427993.0,50.0,-1.7614381284177654
8566.0,428300.0,428043.0,50.0,-0.7090302053658711
8567.0,428350.0,428093.0,50.0,-1.5082526231884377
8568.0,428400.0,428143.0,50.0,-1.202974576735666
8569.0,428450.0,428193.0,50.0,-1.5460228692294793
8570.0,428500.0,428243.0,50.0,-0.7126343593965707
8571.0,428550.0,428293.0,50.0,-0.9157846400733435
8572.0,428600.0,428343.0,50.0,-1.3991311149331562
8573.0,428650.0,428393.0,50.0,-1.2045175688553384
8574.0,428700.0,428443.0,50.0,-0.7880488217514047
8575.0,428750.0,428493.0,50.0,-1.2021920886375335
8576.0,428800.0,428543.0,50.0,-1.0891285307163479
8577.0,428850.0,428593.0,50.0,-1.0839450297520465
8578.0,428900.0,428643.0,50.0,-1.6683297409204565
8579.0,428950.0,428693.0,50.0,-0.7106920567096823
8580.0,429000.0,428743.0,50.0,-1.0082639737494574
8581.0,429050.0,428793.0,50.0,-1.1868314356600616
8582.0,429100.0,428843.0,50.0,-0.6575875028334924
8583.0,429150.0,428893.0,50.0,-1.0758618013742198
8584.0,429200.0,428943.0,50.0,-1.133401229110189
8585.0,429250.0,428993.0,50.0,-1.2797365232732432
8586.0,429300.0,429043.0,50.0,-0.9103232712391066
8587.0,429350.0,429093.0,50.0,-0.8570000730477211
8588.0,429400.0,429143.0,50.0,-1.1785378640764408
8589.0,429450.0,429193.0,50.0,-0.8940688564872322
8590.0,429500.0,429243.0,50.0,-1.0494193785996895
8591.0,429550.0,429293.0,50.0,-1.5200141336991353
8592.0,429600.0,429343.0,50.0,-1.328892819225479
8593.0,429650.0,429393.0,50.0,-0.9140109731563907
8594.0,429700.0,429443.0,50.0,-1.0635343822573184
8595.0,429750.0,429493.0,50.0,-0.6814114591693111
8596.0,429800.0,429543.0,50.0,-0.7903761415406292
8597.0,429850.0,429593.0,50.0,-1.3802867703418573
8598.0,429900.0,429643.0,50.0,-2.107822029421569
8599.0,429950.0,429693.0,50.0,-1.5786528806568019
8600.0,430000.0,429743.0,50.0,-2.2667696073193424
8601.0,430050.0,429793.0,50.0,-1.674512645975016
8602.0,430100.0,429843.0,50.0,-1.1788082899670231
8603.0,430150.0,429893.0,50.0,-1.53065199074556
8604.0,430200.0,429943.0,50.0,-0.7733466704259523
8605.0,430250.0,429993.0,50.0,-0.8449225036443867
8606.0,430300.0,430043.0,50.0,-2.0846900418278245
8607.0,430350.0,430093.0,50.0,-1.1228230718538692
8608.0,430400.0,430143.0,50.0,-1.6515356113363613
8609.0,430450.0,430193.0,50.0,-2.1854687032519626
8610.0,430500.0,430243.0,50.0,-0.9015531998133031
8611.0,430550.0,430293.0,50.0,-1.3593186242430302
8612.0,430600.0,430343.0,50.0,-2.3272095141936218
8613.0,430650.0,430393.0,50.0,-1.2769426554818224
8614.0,430700.0,430443.0,50.0,-1.6184148491402874
8615.0,430750.0,430493.0,50.0,-1.637178682625275
8616.0,430800.0,430543.0,50.0,-1.3722676853689986
8617.0,430850.0,430593.0,50.0,-1.5605492788125448
8618.0,430900.0,430643.0,50.0,-1.1440088141880822
8619.0,430950.0,430693.0,50.0,-1.175247403228105
8620.0,431000.0,430743.0,50.0,-1.1660440418086155
8621.0,431050.0,430793.0,50.0,-2.3479674620523636
8622.0,431100.0,430843.0,50.0,-0.9851250542259548
8623.0,431150.0,430893.0,50.0,-1.097183875067847
8624.0,431200.0,430943.0,50.0,-1.4490956790618812
8625.0,431250.0,430993.0,50.0,-1.3539857916873117
8626.0,431300.0,431043.0,50.0,-2.203749570899744
8627.0,431350.0,431093.0,50.0,-0.537828688209641
8628.0,431400.0,431143.0,50.0,-2.037102266090135
8629.0,431450.0,431193.0,50.0,-0.8841984497060438
8630.0,431500.0,431243.0,50.0,-0.7425840976787962
8631.0,431550.0,431293.0,50.0,-1.5917097401871587
8632.0,431600.0,431343.0,50.0,-0.9266351525465016
8633.0,431650.0,431393.0,50.0,-0.8443442739354696
8634.0,431700.0,431443.0,50.0,-0.893088248337199
8635.0,431750.0,431493.0,50.0,-0.7645281744405809
8636.0,431800.0,431543.0,50.0,-0.6775900655333139
8637.0,431850.0,431593.0,50.0,-0.5523496941916924
8638.0,431900.0,431643.0,50.0,-1.2346178647985466
8639.0,431950.0,431693.0,50.0,-1.6616108677989505
8640.0,432000.0,431743.0,50.0,-0.9987586933194982
8641.0,432050.0,431793.0,50.0,-1.158803461616398
8642.0,432100.0,431843.0,50.0,-1.0173196064277155
8643.0,432150.0,431893.0,50.0,-1.1331716071806515
8644.0,432200.0,431943.0,50.0,-1.3433922759960863
8645.0,432250.0,431993.0,50.0,-0.9743480930649429
8646.0,432300.0,432043.0,50.0,-0.9378310143223644
8647.0,432350.0,432093.0,50.0,-0.9179049416341459
8648.0,432400.0,432143.0,50.0,-1.1783684643694061
8649.0,432450.0,432193.0,50.0,-1.3102420143458429
8650.0,432500.0,432243.0,50.0,-1.377924238197005
8651.0,432550.0,432293.0,50.0,-1.2758181097902102
8652.0,432600.0,432343.0,50.0,-1.177145601837966
8653.0,432650.0,432393.0,50.0,-1.4207897393651232
8654.0,432700.0,432443.0,50.0,-0.8058507836220521
8655.0,432750.0,432493.0,50.0,-1.065991211108445
8656.0,432800.0,432543.0,50.0,-0.8985565717817963
8657.0,432850.0,432593.0,50.0,-1.2073991152584789
8658.0,432900.0,432643.0,50.0,-1.1496075985717478
8659.0,432950.0,432693.0,50.0,-1.637015482918223
8660.0,433000.0,432743.0,50.0,-2.241055830064089
8661.0,433050.0,432793.0,50.0,-0.8942551021956726
8662.0,433100.0,432843.0,50.0,-0.7686083227757009
8663.0,433150.0,432893.0,50.0,-1.198660862114966
8664.0,433200.0,432943.0,50.0,-0.7329372831833484
8665.0,433250.0,432993.0,50.0,-1.6768598707210955
8666.0,433300.0,433043.0,50.0,-1.5821413579693018
8667.0,433350.0,433093.0,50.0,-0.9298519491091761
8668.0,433400.0,433143.0,50.0,-1.2573182335181723
8669.0,433450.0,433193.0,50.0,-1.3064582986162807
8670.0,433500.0,433243.0,50.0,-0.9249223792410328
8671.0,433550.0,433293.0,50.0,-1.3835715169609217
8672.0,433600.0,433343.0,50.0,-1.1164081846864775
8673.0,433650.0,433393.0,50.0,-0.8928287401380389
8674.0,433700.0,433443.0,50.0,-0.713409927334565
8675.0,433750.0,433493.0,50.0,-2.093324018220367
8676.0,433800.0,433543.0,50.0,-2.051071666625168
8677.0,433850.0,433593.0,50.0,-1.298724920259388
8678.0,433900.0,433643.0,50.0,-0.951346635813933
8679.0,433950.0,433693.0,50.0,-2.2915514529586463
8680.0,434000.0,433743.0,50.0,-0.7891561101568487
8681.0,434050.0,433793.0,50.0,-1.247067490631255
8682.0,434100.0,433843.0,50.0,-1.7370894865157196
8683.0,434150.0,433893.0,50.0,-0.9977597797183804
8684.0,434200.0,433943.0,50.0,-0.6122336790872114
8685.0,434250.0,433993.0,50.0,-0.8834240820535054
8686.0,434300.0,434043.0,50.0,-0.8011850983790665
8687.0,434350.0,434093.0,50.0,-1.125970883827162
8688.0,434400.0,434143.0,50.0,-0.936885909477818
8689.0,434450.0,434193.0,50.0,-1.0332587259095467
8690.0,434500.0,434243.0,50.0,-0.779618323439478
8691.0,434550.0,434293.0,50.0,-1.967968700332195
8692.0,434600.0,434343.0,50.0,-0.7938232315384353
8693.0,434650.0,434393.0,50.0,-0.9757593851399875
8694.0,434700.0,434443.0,50.0,-1.492020245879549
8695.0,434750.0,434493.0,50.0,-0.9544510822839499
8696.0,434800.0,434543.0,50.0,-0.6746329200099912
8697.0,434850.0,434593.0,50.0,-1.4392438186354122
8698.0,434900.0,434643.0,50.0,-0.966091511315828
8699.0,434950.0,434693.0,50.0,-0.8699756807191642
8700.0,435000.0,434743.0,50.0,-1.3835988595265014
8701.0,435050.0,434793.0,50.0,-1.1283823000672322
8702.0,435100.0,434843.0,50.0,-0.9507513429091944
8703.0,435150.0,434893.0,50.0,-0.9723926136450508
8704.0,435200.0,434943.0,50.0,-1.6355388726403135
8705.0,435250.0,434993.0,50.0,-1.4100667886741403
8706.0,435300.0,435043.0,50.0,-1.692336034750791
8707.0,435350.0,435093.0,50.0,-1.1287847069524888
8708.0,435400.0,435143.0,50.0,-0.8435765968166364
8709.0,435450.0,435193.0,50.0,-1.0736561371230677
8710.0,435500.0,435243.0,50.0,-1.7509102559606589
8711.0,435550.0,435293.0,50.0,-1.2804303043678813
8712.0,435600.0,435343.0,50.0,-0.6666179270423708
8713.0,435650.0,435393.0,50.0,-0.8641653877864368
8714.0,435700.0,435443.0,50.0,-1.1195869569211054
8715.0,435750.0,435493.0,50.0,-0.9657218224187796
8716.0,435800.0,435543.0,50.0,-0.9818201203267474
8717.0,435850.0,435593.0,50.0,-1.5031733558148588
8718.0,435900.0,435643.0,50.0,-1.431650308033206
8719.0,435950.0,435693.0,50.0,-0.710545406670437
8720.0,436000.0,435743.0,50.0,-0.8161393574275364
8721.0,436050.0,435793.0,50.0,-0.6984054646583291
8722.0,436100.0,435843.0,50.0,-1.729023855480417
8723.0,436150.0,435893.0,50.0,-0.7370444206776229
8724.0,436200.0,435943.0,50.0,-1.209055438782465
8725.0,436250.0,435993.0,50.0,-1.4882830048724711
8726.0,436300.0,436043.0,50.0,-1.2695872026266797
8727.0,436350.0,436093.0,50.0,-1.0673974076973507
8728.0,436400.0,436143.0,50.0,-0.7164701899303195
8729.0,436450.0,436193.0,50.0,-1.0220378941252306
8730.0,436500.0,436243.0,50.0,-0.5487911966850364
8731.0,436550.0,436293.0,50.0,-1.7447210495924785
8732.0,436600.0,436343.0,50.0,-1.4929829159749954
8733.0,436650.0,436393.0,50.0,-1.2427296369632204
8734.0,436700.0,436443.0,50.0,-1.6223123790863057
8735.0,436750.0,436493.0,50.0,-0.7899261978803447
8736.0,436800.0,436543.0,50.0,-2.442537573421129
8737.0,436850.0,436593.0,50.0,-0.9739979282422115
8738.0,436900.0,436643.0,50.0,-1.060241246548201
8739.0,436950.0,436693.0,50.0,-0.9604629634574433
8740.0,437000.0,436743.0,50.0,-1.6075497205406994
8741.0,437050.0,436793.0,50.0,-1.462070603387582
8742.0,437100.0,436843.0,50.0,-0.8618682837127472
8743.0,437150.0,436893.0,50.0,-0.9862233881235173
8744.0,437200.0,436943.0,50.0,-0.7209901474498202
8745.0,437250.0,436993.0,50.0,-1.3752979093159148
8746.0,437300.0,437043.0,50.0,-0.7331641254898241
8747.0,437350.0,437093.0,50.0,-2.0293485627658336
8748.0,437400.0,437143.0,50.0,-1.2312449132914254
8749.0,437450.0,437193.0,50.0,-1.2447170296188177
8750.0,437500.0,437243.0,50.0,-1.5998335485707211
8751.0,437550.0,437293.0,50.0,-1.247006393190745
8752.0,437600.0,437343.0,50.0,-1.3222257869643421
8753.0,437650.0,437393.0,50.0,-1.0466063048308485
8754.0,437700.0,437443.0,50.0,-1.5585444354603153
8755.0,437750.0,437493.0,50.0,-1.1991594192448984
8756.0,437800.0,437543.0,50.0,-1.2828725187368377
8757.0,437850.0,437593.0,50.0,-1.659641984356584
8758.0,437900.0,437643.0,50.0,-0.8390804667643783
8759.0,437950.0,437693.0,50.0,-0.9833052542744459
8760.0,438000.0,437743.0,50.0,-0.7499696395785814
8761.0,438050.0,437793.0,50.0,-0.620990778650061
8762.0,438100.0,437843.0,50.0,-1.7592781684908145
8763.0,438150.0,437893.0,50.0,-1.077920423551867
8764.0,438200.0,437943.0,50.0,-0.8583139651434138
8765.0,438250.0,437993.0,50.0,-1.7134776970738985
8766.0,438300.0,438043.0,50.0,-1.1236083738606588
8767.0,438350.0,438093.0,50.0,-0.6408743496052064
8768.0,438400.0,438143.0,50.0,-1.5090163256427425
8769.0,438450.0,438193.0,50.0,-1.743573895494896
8770.0,438500.0,438243.0,50.0,-1.3598926129061673
8771.0,438550.0,438293.0,50.0,-1.1454708369013835
8772.0,438600.0,438343.0,50.0,-1.0076865771397112
8773.0,438650.0,438393.0,50.0,-1.8767304176834207
8774.0,438700.0,438443.0,50.0,-0.8780857359086285
8775.0,438750.0,438493.0,50.0,-1.2989513243348034
8776.0,438800.0,438543.0,50.0,-1.9056613858572569
8777.0,438850.0,438593.0,50.0,-2.13963059484707
8778.0,438900.0,438643.0,50.0,-1.6856751027914658
8779.0,438950.0,438693.0,50.0,-0.8276812141420092
8780.0,439000.0,438743.0,50.0,-1.3157224122207736
8781.0,439050.0,438793.0,50.0,-1.353771458300728
8782.0,439100.0,438843.0,50.0,-0.8310590867402333
8783.0,439150.0,438893.0,50.0,-0.4537722895787713
8784.0,439200.0,438943.0,50.0,-0.8038054357747536
8785.0,439250.0,438993.0,50.0,-1.0229140536562058
8786.0,439300.0,439043.0,50.0,-0.873572094522228
8787.0,439350.0,439093.0,50.0,-0.8689020245592062
8788.0,439400.0,439143.0,50.0,-1.4591110992438134
8789.0,439450.0,439193.0,50.0,-1.99601960133218
8790.0,439500.0,439243.0,50.0,-1.308592680409703
8791.0,439550.0,439293.0,50.0,-1.218330445197833
8792.0,439600.0,439343.0,50.0,-2.1607336346759514
8793.0,439650.0,439393.0,50.0,-0.8056001388525587
8794.0,439700.0,439443.0,50.0,-1.3753930285191793
8795.0,439750.0,439493.0,50.0,-0.8886294326195522
8796.0,439800.0,439543.0,50.0,-1.3101672752214408
8797.0,439850.0,439593.0,50.0,-0.8683344358579526
8798.0,439900.0,439643.0,50.0,-1.7378135724222052
8799.0,439950.0,439693.0,50.0,-2.2507626427140663
8800.0,440000.0,439743.0,50.0,-1.597836196348793
8801.0,440050.0,439793.0,50.0,-1.1794777524659037
8802.0,440100.0,439843.0,50.0,-0.9052354387387905
8803.0,440150.0,439893.0,50.0,-0.6570780825168023
8804.0,440200.0,439943.0,50.0,-1.2120042848299868
8805.0,440250.0,439993.0,50.0,-1.208981067610584
8806.0,440300.0,440043.0,50.0,-0.8929887054480806
8807.0,440350.0,440093.0,50.0,-1.299523939098062
8808.0,440400.0,440143.0,50.0,-1.200245424270246
8809.0,440450.0,440193.0,50.0,-1.6544435103130306
8810.0,440500.0,440243.0,50.0,-1.1387975160181045
8811.0,440550.0,440293.0,50.0,-0.9383792696513344
8812.0,440600.0,440343.0,50.0,-1.714395879555202
8813.0,440650.0,440393.0,50.0,-0.6799043105835639
8814.0,440700.0,440443.0,50.0,-1.0500265003261715
8815.0,440750.0,440493.0,50.0,-1.0733727585215442
8816.0,440800.0,440543.0,50.0,-1.1398456868588778
8817.0,440850.0,440593.0,50.0,-0.9594841170052656
8818.0,440900.0,440643.0,50.0,-0.9697863141588045
8819.0,440950.0,440693.0,50.0,-1.6748649227306185
8820.0,441000.0,440743.0,50.0,-1.008666797887179
8821.0,441050.0,440793.0,50.0,-1.2448999678177497
8822.0,441100.0,440843.0,50.0,-1.0517229964393762
8823.0,441150.0,440893.0,50.0,-1.6379156844985947
8824.0,441200.0,440943.0,50.0,-1.4648254007561758
8825.0,441250.0,440993.0,50.0,-1.3523364748498534
8826.0,441300.0,441043.0,50.0,-1.915269197075404
8827.0,441350.0,441093.0,50.0,-1.0624241805754826
8828.0,441400.0,441143.0,50.0,-0.6692039959051963
8829.0,441450.0,441193.0,50.0,-0.9231686663352875
8830.0,441500.0,441243.0,50.0,-1.8168396706588446
8831.0,441550.0,441293.0,50.0,-1.113294487004397
8832.0,441600.0,441343.0,50.0,-1.8291167070917513
8833.0,441650.0,441393.0,50.0,-1.3701554615531204
8834.0,441700.0,441443.0,50.0,-1.0892049931267513
8835.0,441750.0,441493.0,50.0,-1.1872308186667042
8836.0,441800.0,441543.0,50.0,-0.9290372025549372
8837.0,441850.0,441593.0,50.0,-1.2021859834212343
8838.0,441900.0,441643.0,50.0,-0.998402183581001
8839.0,441950.0,441693.0,50.0,-1.1641502743117758
8840.0,442000.0,441743.0,50.0,-1.7822409559304875
8841.0,442050.0,441793.0,50.0,-1.3022691796725083
8842.0,442100.0,441843.0,50.0,-1.5414950106300482
8843.0,442150.0,441893.0,50.0,-1.1885384477706877
8844.0,442200.0,441943.0,50.0,-0.8682052768404743
8845.0,442250.0,441993.0,50.0,-1.464500970720654
8846.0,442300.0,442043.0,50.0,-0.8382421847285015
8847.0,442350.0,442093.0,50.0,-1.2956943891071846
8848.0,442400.0,442143.0,50.0,-0.5256525203258938
8849.0,442450.0,442193.0,50.0,-0.8226876837176976
8850.0,442500.0,442243.0,50.0,-1.6948484471323297
8851.0,442550.0,442293.0,50.0,-1.7983144729945486
8852.0,442600.0,442343.0,50.0,-1.941047905448547
8853.0,442650.0,442393.0,50.0,-1.4882758561282816
8854.0,442700.0,442443.0,50.0,-0.8139002185356917
8855.0,442750.0,442493.0,50.0,-1.5695582115561344
8856.0,442800.0,442543.0,50.0,-1.2375796130154706
8857.0,442850.0,442593.0,50.0,-1.520385354704303
8858.0,442900.0,442643.0,50.0,-1.1499625813752314
8859.0,442950.0,442693.0,50.0,-1.5323804418584275
8860.0,443000.0,442743.0,50.0,-1.5542035425814544
8861.0,443050.0,442793.0,50.0,-0.8098173916761601
8862.0,443100.0,442843.0,50.0,-0.6293590938516582
8863.0,443150.0,442893.0,50.0,-1.2004609779273894
8864.0,443200.0,442943.0,50.0,-1.58191475697964
8865.0,443250.0,442993.0,50.0,-0.9156066783730692
8866.0,443300.0,443043.0,50.0,-1.3600764434428663
8867.0,443350.0,443093.0,50.0,-1.1563114557527399
8868.0,443400.0,443143.0,50.0,-0.8017910691497288
8869.0,443450.0,443193.0,50.0,-1.156122540330573
8870.0,443500.0,443243.0,50.0,-0.9409919181508059
8871.0,443550.0,443293.0,50.0,-1.360334228557795
8872.0,443600.0,443343.0,50.0,-0.675792349158737
8873.0,443650.0,443393.0,50.0,-0.8020254159889831
8874.0,443700.0,443443.0,50.0,-0.8751236631571944
8875.0,443750.0,443493.0,50.0,-0.9622798845178824
8876.0,443800.0,443543.0,50.0,-1.7066917369814023
8877.0,443850.0,443593.0,50.0,-1.3887701815943594
8878.0,443900.0,443643.0,50.0,-0.8445734060046387
8879.0,443950.0,443693.0,50.0,-1.91606727130351
8880.0,444000.0,443743.0,50.0,-0.8896675375890478
8881.0,444050.0,443793.0,50.0,-2.5490755499187703
8882.0,444100.0,443843.0,50.0,-0.9588399478301004
8883.0,444150.0,443893.0,50.0,-0.8008240381568529
8884.0,444200.0,443943.0,50.0,-1.355668151494589
8885.0,444250.0,443993.0,50.0,-1.014284444487161
8886.0,444300.0,444043.0,50.0,-0.6244641900163796
8887.0,444350.0,444093.0,50.0,-1.304462549757334
8888.0,444400.0,444143.0,50.0,-1.8607812269155135
8889.0,444450.0,444193.0,50.0,-0.7325633223308641
8890.0,444500.0,444243.0,50.0,-1.7694991181482356
8891.0,444550.0,444293.0,50.0,-2.2115018075578643
8892.0,444600.0,444343.0,50.0,-0.9484818128987473
8893.0,444650.0,444393.0,50.0,-1.3576276012813138
8894.0,444700.0,444443.0,50.0,-1.2181286122632997
8895.0,444750.0,444493.0,50.0,-0.8996006997892502
8896.0,444800.0,444543.0,50.0,-0.8030253068490428
8897.0,444850.0,444593.0,50.0,-0.9912823818407105
8898.0,444900.0,444643.0,50.0,-1.0645653422324055
8899.0,444950.0,444693.0,50.0,-1.222049951127459
8900.0,445000.0,444743.0,50.0,-2.671516945992074
8901.0,445050.0,444793.0,50.0,-1.3641858164991794
8902.0,445100.0,444843.0,50.0,-0.795067485130849
8903.0,445150.0,444893.0,50.0,-1.508175988099816
8904.0,445200.0,444943.0,50.0,-1.48532500657789
8905.0,445250.0,444993.0,50.0,-1.4162870093959423
8906.0,445300.0,445043.0,50.0,-1.351088557965197
8907.0,445350.0,445093.0,50.0,-1.6631043761226454
8908.0,445400.0,445143.0,50.0,-1.5086612938072939
8909.0,445450.0,445193.0,50.0,-1.7203878632746228
8910.0,445500.0,445243.0,50.0,-0.6441455891686082
8911.0,445550.0,445293.0,50.0,-1.0597584748804267
8912.0,445600.0,445343.0,50.0,-0.8673119362856376
8913.0,445650.0,445393.0,50.0,-0.9029685294925349
8914.0,445700.0,445443.0,50.0,-1.1943836345192123
8915.0,445750.0,445493.0,50.0,-1.0674567222601157
8916.0,445800.0,445543.0,50.0,-0.757616388945279
8917.0,445850.0,445593.0,50.0,-0.898825260831018
8918.0,445900.0,445643.0,50.0,-0.9800996939467065
8919.0,445950.0,445693.0,50.0,-1.587635732220695
8920.0,446000.0,445743.0,50.0,-1.2365405988802172
8921.0,446050.0,445793.0,50.0,-0.8480041634686899
8922.0,446100.0,445843.0,50.0,-1.0261591218086386
8923.0,446150.0,445893.0,50.0,-1.9104053697085341
8924.0,446200.0,445943.0,50.0,-1.976675973205104
8925.0,446250.0,445993.0,50.0,-1.248192238139057
8926.0,446300.0,446043.0,50.0,-1.6405895621044508
8927.0,446350.0,446093.0,50.0,-0.9396592279122596
8928.0,446400.0,446143.0,50.0,-1.0370916714529805
8929.0,446450.0,446193.0,50.0,-1.6531461785229893
8930.0,446500.0,446243.0,50.0,-0.9795832553720438
8931.0,446550.0,446293.0,50.0,-0.612068462096792
8932.0,446600.0,446343.0,50.0,-1.5630093915423116
8933.0,446650.0,446393.0,50.0,-1.9449474784658412
8934.0,446700.0,446443.0,50.0,-1.1913989617164713
8935.0,446750.0,446493.0,50.0,-1.3816938085578856
8936.0,446800.0,446543.0,50.0,-1.1233656930656193
8937.0,446850.0,446593.0,50.0,-0.9306128976253328
8938.0,446900.0,446643.0,50.0,-1.0532709213826854
8939.0,446950.0,446693.0,50.0,-0.6308278980720912
8940.0,447000.0,446743.0,50.0,-2.232130208648629
8941.0,447050.0,446793.0,50.0,-2.344816546087201
8942.0,447100.0,446843.0,50.0,-1.8196718866223465
8943.0,447150.0,446893.0,50.0,-1.1541555742470466
8944.0,447200.0,446943.0,50.0,-1.2073283726078712
8945.0,447250.0,446993.0,50.0,-0.8267742705310404
8946.0,447300.0,447043.0,50.0,-1.1516129295262922
8947.0,447350.0,447093.0,50.0,-0.7821647930462332
8948.0,447400.0,447143.0,50.0,-0.7010185301337148
8949.0,447450.0,447193.0,50.0,-0.9319448436963036
8950.0,447500.0,447243.0,50.0,-1.1430707968203273
8951.0,447550.0,447293.0,50.0,-1.1116850498779502
8952.0,447600.0,447343.0,50.0,-0.746005505044892
8953.0,447650.0,447393.0,50.0,-1.1567080342745675
8954.0,447700.0,447443.0,50.0,-1.2741618328780873
8955.0,447750.0,447493.0,50.0,-1.1332127698163226
8956.0,447800.0,447543.0,50.0,-0.6437364405150707
8957.0,447850.0,447593.0,50.0,-1.076800386277044
8958.0,447900.0,447643.0,50.0,-1.0414230868670438
8959.0,447950.0,447693.0,50.0,-1.2110182845548
8960.0,448000.0,447743.0,50.0,-0.6459270469995039
8961.0,448050.0,447793.0,50.0,-0.970507848786492
8962.0,448100.0,447843.0,50.0,-0.6765711092049735
8963.0,448150.0,447893.0,50.0,-0.911037118483208
8964.0,448200.0,447943.0,50.0,-0.7722849612796148
8965.0,448250.0,447993.0,50.0,-0.6242183791196605
8966.0,448300.0,448043.0,50.0,-1.1026134712834281
8967.0,448350.0,448093.0,50.0,-0.5832331610424748
8968.0,448400.0,448143.0,50.0,-0.6661109803712209
8969.0,448450.0,448193.0,50.0,-1.63175057067303
8970.0,448500.0,448243.0,50.0,-0.8905123145507838
8971.0,448550.0,448293.0,50.0,-0.7475834289643036
8972.0,448600.0,448343.0,50.0,-0.5366027079744189
8973.0,448650.0,448393.0,50.0,-1.5776891572314475
8974.0,448700.0,448443.0,50.0,-0.6748115586163541
8975.0,448750.0,448493.0,50.0,-1.0877075925419852
8976.0,448800.0,448543.0,50.0,-1.359702464362767
8977.0,448850.0,448593.0,50.0,-0.7231675679418754
8978.0,448900.0,448643.0,50.0,-1.9312922697140122
8979.0,448950.0,448693.0,50.0,-1.841384563261454
8980.0,449000.0,448743.0,50.0,-0.5121032436140751
8981.0,449050.0,448793.0,50.0,-0.6637999111964307
8982.0,449100.0,448843.0,50.0,-1.4115885724905841
8983.0,449150.0,448893.0,50.0,-0.9037826172604189
8984.0,449200.0,448943.0,50.0,-0.8687229155306865
8985.0,449250.0,448993.0,50.0,-1.2434151507734652
8986.0,449300.0,449043.0,50.0,-0.7412461571834966
8987.0,449350.0,449093.0,50.0,-1.168337964252003
8988.0,449400.0,449143.0,50.0,-1.3845113665503095
8989.0,449450.0,449193.0,50.0,-0.7734378893122179
8990.0,449500.0,449243.0,50.0,-1.1340656904849429
8991.0,449550.0,449293.0,50.0,-1.6406631073426015
8992.0,449600.0,449343.0,50.0,-1.3422577896943022
8993.0,449650.0,449393.0,50.0,-0.846354256931485
8994.0,449700.0,449443.0,50.0,-1.2729716730790324
8995.0,449750.0,449493.0,50.0,-1.289569636039829
8996.0,449800.0,449543.0,50.0,-1.3179264600725675
8997.0,449850.0,449593.0,50.0,-1.577932113390655
8998.0,449900.0,449643.0,50.0,-1.35418820378548
8999.0,449950.0,449693.0,50.0,-0.9063248413554383
9000.0,450000.0,449743.0,50.0,-1.6560730219088873
9001.0,450050.0,449793.0,50.0,-1.2118275795262305
9002.0,450100.0,449843.0,50.0,-0.9976915820261422
9003.0,450150.0,449893.0,50.0,-0.6378310280773481
9004.0,450200.0,449943.0,50.0,-1.6944352742527073
9005.0,450250.0,449993.0,50.0,-1.3819173354887644
9006.0,450300.0,450043.0,50.0,-0.8861821843321107
9007.0,450350.0,450093.0,50.0,-0.7749650769657074
9008.0,450400.0,450143.0,50.0,-1.6286820656531242
9009.0,450450.0,450193.0,50.0,-0.86702117073636
9010.0,450500.0,450243.0,50.0,-1.2494716834777067
9011.0,450550.0,450293.0,50.0,-1.1794225645197716
9012.0,450600.0,450343.0,50.0,-2.7370388029678567
9013.0,450650.0,450393.0,50.0,-0.7432289458886694
9014.0,450700.0,450443.0,50.0,-1.0861060649755914
9015.0,450750.0,450493.0,50.0,-1.5554084524346936
9016.0,450800.0,450543.0,50.0,-1.3718929236891009
9017.0,450850.0,450593.0,50.0,-1.3386393871059137
9018.0,450900.0,450643.0,50.0,-1.6615246179620022
9019.0,450950.0,450693.0,50.0,-0.9663357500720874
9020.0,451000.0,450743.0,50.0,-1.1738545573752663
9021.0,451050.0,450793.0,50.0,-0.8418842358120179
9022.0,451100.0,450843.0,50.0,-2.2437935674419225
9023.0,451150.0,450893.0,50.0,-1.7937684498182898
9024.0,451200.0,450943.0,50.0,-1.2577601971946824
9025.0,451250.0,450993.0,50.0,-0.7311329310141179
9026.0,451300.0,451043.0,50.0,-0.5835805139397411
9027.0,451350.0,451093.0,50.0,-1.6532417939214468
9028.0,451400.0,451143.0,50.0,-0.7791312634355958
9029.0,451450.0,451193.0,50.0,-1.1085184241674622
9030.0,451500.0,451243.0,50.0,-0.9084963320148275
9031.0,451550.0,451293.0,50.0,-1.2600629979932878
9032.0,451600.0,451343.0,50.0,-1.094442382136659
9033.0,451650.0,451393.0,50.0,-0.6888402568659571
9034.0,451700.0,451443.0,50.0,-0.4894254209082206
9035.0,451750.0,451493.0,50.0,-1.7016624798362046
9036.0,451800.0,451543.0,50.0,-1.4021501345856913
9037.0,451850.0,451593.0,50.0,-1.6552872259385825
9038.0,451900.0,451643.0,50.0,-1.4368495321954555
9039.0,451950.0,451693.0,50.0,-0.5505610470143708
9040.0,452000.0,451743.0,50.0,-1.0498131209225392
9041.0,452050.0,451793.0,50.0,-0.7927641892044988
9042.0,452100.0,451843.0,50.0,-1.3200563703935175
9043.0,452150.0,451893.0,50.0,-1.4416726898186811
9044.0,452200.0,451943.0,50.0,-1.2601347277211643
9045.0,452250.0,451993.0,50.0,-1.9858881208246841
9046.0,452300.0,452043.0,50.0,-0.7159271970376978
9047.0,452350.0,452093.0,50.0,-0.5011419245184953
9048.0,452400.0,452143.0,50.0,-0.7578090640243136
9049.0,452450.0,452193.0,50.0,-0.8795378955154178
9050.0,452500.0,452243.0,50.0,-1.2834398426161173
9051.0,452550.0,452293.0,50.0,-1.733992009437729
9052.0,452600.0,452343.0,50.0,-1.3186532911361437
9053.0,452650.0,452393.0,50.0,-1.1676538697800214
9054.0,452700.0,452443.0,50.0,-0.6070915046430794
9055.0,452750.0,452493.0,50.0,-1.3960178473997924
9056.0,452800.0,452543.0,50.0,-1.258576627050978
9057.0,452850.0,452593.0,50.0,-0.9884830983497461
9058.0,452900.0,452643.0,50.0,-0.9247008317788383
9059.0,452950.0,452693.0,50.0,-0.6563306105543802
9060.0,453000.0,452743.0,50.0,-1.0977089438938028
9061.0,453050.0,452793.0,50.0,-1.2422376484996975
9062.0,453100.0,452843.0,50.0,-1.0931287345314624
9063.0,453150.0,452893.0,50.0,-2.2062900629892654
9064.0,453200.0,452943.0,50.0,-0.5450185395422061
9065.0,453250.0,452993.0,50.0,-0.7407918123527053
9066.0,453300.0,453043.0,50.0,-3.312478103943722
9067.0,453350.0,453093.0,50.0,-0.6749447832490882
9068.0,453400.0,453143.0,50.0,-1.075699501839127
9069.0,453450.0,453193.0,50.0,-0.7688785727435776
9070.0,453500.0,453243.0,50.0,-1.6746343040217715
9071.0,453550.0,453293.0,50.0,-0.8427961460193563
9072.0,453600.0,453343.0,50.0,-1.6502433622346742
9073.0,453650.0,453393.0,50.0,-1.8779812656020378
9074.0,453700.0,453443.0,50.0,-0.8516326686192188
9075.0,453750.0,453493.0,50.0,-0.9888515178419995
9076.0,453800.0,453543.0,50.0,-1.7906825543816935
9077.0,453850.0,453593.0,50.0,-1.0231390114502323
9078.0,453900.0,453643.0,50.0,-1.786641791042034
9079.0,453950.0,453693.0,50.0,-1.5757564320685025
9080.0,454000.0,453743.0,50.0,-1.5809758396488165
9081.0,454050.0,453793.0,50.0,-1.2468865367736461
9082.0,454100.0,453843.0,50.0,-1.3036865360268102
9083.0,454150.0,453893.0,50.0,-0.9484247527444267
9084.0,454200.0,453943.0,50.0,-1.676492576988573
9085.0,454250.0,453993.0,50.0,-1.053801406356235
9086.0,454300.0,454043.0,50.0,-1.027676793059753
9087.0,454350.0,454093.0,50.0,-1.3445384268435274
9088.0,454400.0,454143.0,50.0,-1.0764057359488803
9089.0,454450.0,454193.0,50.0,-1.7208263067102476
9090.0,454500.0,454243.0,50.0,-0.9024826915986494
9091.0,454550.0,454293.0,50.0,-2.759232064067084
9092.0,454600.0,454343.0,50.0,-1.4507717346885642
9093.0,454650.0,454393.0,50.0,-1.8167192159533885
9094.0,454700.0,454443.0,50.0,-1.0485783360051824
9095.0,454750.0,454493.0,50.0,-1.938012475515925
9096.0,454800.0,454543.0,50.0,-0.8153834281998528
9097.0,454850.0,454593.0,50.0,-0.46533638290045204
9098.0,454900.0,454643.0,50.0,-0.9516298499927445
9099.0,454950.0,454693.0,50.0,-0.8265316710374098
9100.0,455000.0,454743.0,50.0,-1.37251986028017
9101.0,455050.0,454793.0,50.0,-0.8419827372330186
9102.0,455100.0,454843.0,50.0,-1.0400968278316813
9103.0,455150.0,454893.0,50.0,-0.8961905442087232
9104.0,455200.0,454943.0,50.0,-0.9874244594269532
9105.0,455250.0,454993.0,50.0,-1.323702205593946
9106.0,455300.0,455043.0,50.0,-1.0328175171985623
9107.0,455350.0,455093.0,50.0,-1.1988250437124877
9108.0,455400.0,455143.0,50.0,-1.3042528047545143
9109.0,455450.0,455193.0,50.0,-0.7925804409455885
9110.0,455500.0,455243.0,50.0,-0.7784601439823101
9111.0,455550.0,455293.0,50.0,-0.692677033913775
9112.0,455600.0,455343.0,50.0,-0.7840096298223463
9113.0,455650.0,455393.0,50.0,-1.1612357861016682
9114.0,455700.0,455443.0,50.0,-0.7887134014279847
9115.0,455750.0,455493.0,50.0,-0.8234403229164978
9116.0,455800.0,455543.0,50.0,-1.178140027560842
9117.0,455850.0,455593.0,50.0,-0.9741217180738174
9118.0,455900.0,455643.0,50.0,-0.6351402505220015
9119.0,455950.0,455693.0,50.0,-1.432364450926178
9120.0,456000.0,455743.0,50.0,-1.3948915874317942
9121.0,456050.0,455793.0,50.0,-0.8027912550661782
9122.0,456100.0,455843.0,50.0,-0.9248913727767661
9123.0,456150.0,455893.0,50.0,-1.4935601628840676
9124.0,456200.0,455943.0,50.0,-0.9555924500785687
9125.0,456250.0,455993.0,50.0,-0.5703762167392828
9126.0,456300.0,456043.0,50.0,-0.6803138006727724
9127.0,456350.0,456093.0,50.0,-0.9385226923941666
9128.0,456400.0,456143.0,50.0,-1.2708648491443306
9129.0,456450.0,456193.0,50.0,-0.9072559947511512
9130.0,456500.0,456243.0,50.0,-1.2894680561613314
9131.0,456550.0,456293.0,50.0,-2.3035496946130736
9132.0,456600.0,456343.0,50.0,-1.7712417405637149
9133.0,456650.0,456393.0,50.0,-1.8770750562368121
9134.0,456700.0,456443.0,50.0,-1.7294187192153834
9135.0,456750.0,456493.0,50.0,-1.5927230673620827
9136.0,456800.0,456543.0,50.0,-1.4093416821123328
9137.0,456850.0,456593.0,50.0,-0.8602716070679396
9138.0,456900.0,456643.0,50.0,-1.613506773874143
9139.0,456950.0,456693.0,50.0,-0.8245026815976485
9140.0,457000.0,456743.0,50.0,-1.569250453870768
9141.0,457050.0,456793.0,50.0,-0.5723479317596256
9142.0,457100.0,456843.0,50.0,-1.037612567432032
9143.0,457150.0,456893.0,50.0,-0.6011855395751683
9144.0,457200.0,456943.0,50.0,-1.0357605303807629
9145.0,457250.0,456993.0,50.0,-0.7069677562452429
9146.0,457300.0,457043.0,50.0,-1.0993862265293584
9147.0,457350.0,457093.0,50.0,-1.8566279761101814
9148.0,457400.0,457143.0,50.0,-0.5752436102894808
9149.0,457450.0,457193.0,50.0,-0.5901024615583212
9150.0,457500.0,457243.0,50.0,-0.6994617299672878
9151.0,457550.0,457293.0,50.0,-0.5136712635938852
9152.0,457600.0,457343.0,50.0,-0.9449733911855104
9153.0,457650.0,457393.0,50.0,-1.0243126225901045
9154.0,457700.0,457443.0,50.0,-0.6858445283678207
9155.0,457750.0,457493.0,50.0,-0.7091988387385197
9156.0,457800.0,457543.0,50.0,-1.6908653494215644
9157.0,457850.0,457593.0,50.0,-0.8551867605212305
9158.0,457900.0,457643.0,50.0,-0.6927623434397634
9159.0,457950.0,457693.0,50.0,-1.2712974163788955
9160.0,458000.0,457743.0,50.0,-0.7825371062383099
9161.0,458050.0,457793.0,50.0,-1.5775501972224004
9162.0,458100.0,457843.0,50.0,-1.0504257018012044
9163.0,458150.0,457893.0,50.0,-1.0024315870160452
9164.0,458200.0,457943.0,50.0,-1.0181014878551378
9165.0,458250.0,457993.0,50.0,-1.214207900589784
9166.0,458300.0,458043.0,50.0,-0.9719258045417338
9167.0,458350.0,458093.0,50.0,-0.997993607269569
9168.0,458400.0,458143.0,50.0,-0.5540974098655276
9169.0,458450.0,458193.0,50.0,-0.9667642640295158
9170.0,458500.0,458243.0,50.0,-1.0692336430608913
9171.0,458550.0,458293.0,50.0,-1.2498905065650392
9172.0,458600.0,458343.0,50.0,-1.8446747066263485
9173.0,458650.0,458393.0,50.0,-1.020171098381561
9174.0,458700.0,458443.0,50.0,-1.1105033043326293
9175.0,458750.0,458493.0,50.0,-1.0802264619877637
9176.0,458800.0,458543.0,50.0,-1.2490930668433544
9177.0,458850.0,458593.0,50.0,-1.2345067357933097
9178.0,458900.0,458643.0,50.0,-1.6821980810780184
9179.0,458950.0,458693.0,50.0,-1.867371543254533
9180.0,459000.0,458743.0,50.0,-3.169853332470007
9181.0,459050.0,458793.0,50.0,-1.0970262163342308
9182.0,459100.0,458843.0,50.0,-1.0210809008851307
9183.0,459150.0,458893.0,50.0,-1.957514573180758
9184.0,459200.0,458943.0,50.0,-1.4043826888717665
9185.0,459250.0,458993.0,50.0,-1.480538917083052
9186.0,459300.0,459043.0,50.0,-1.6742842877872297
9187.0,459350.0,459093.0,50.0,-0.948606017979861
9188.0,459400.0,459143.0,50.0,-0.9030141018331305
9189.0,459450.0,459193.0,50.0,-0.9239880047749055
9190.0,459500.0,459243.0,50.0,-2.08545500274073
9191.0,459550.0,459293.0,50.0,-0.6449604706177303
9192.0,459600.0,459343.0,50.0,-0.8719854123524178
9193.0,459650.0,459393.0,50.0,-0.8117046805006694
9194.0,459700.0,459443.0,50.0,-0.8023187713707275
9195.0,459750.0,459493.0,50.0,-0.7411375435453207
9196.0,459800.0,459543.0,50.0,-0.5176223222383176
9197.0,459850.0,459593.0,50.0,-1.4521324000467353
9198.0,459900.0,459643.0,50.0,-1.0751651896206718
9199.0,459950.0,459693.0,50.0,-0.943380112619486
9200.0,460000.0,459743.0,50.0,-0.6901248015740757
9201.0,460050.0,459793.0,50.0,-0.9972760839195248
9202.0,460100.0,459843.0,50.0,-0.8503710615243957
9203.0,460150.0,459893.0,50.0,-0.5092721581560963
9204.0,460200.0,459943.0,50.0,-0.793427590548581
9205.0,460250.0,459993.0,50.0,-0.9981709410556947
9206.0,460300.0,460043.0,50.0,-1.3844459493086125
9207.0,460350.0,460093.0,50.0,-0.9567835173681729
9208.0,460400.0,460143.0,50.0,-1.5868107137344516
9209.0,460450.0,460193.0,50.0,-0.9272402927170817
9210.0,460500.0,460243.0,50.0,-1.6242672815903219
9211.0,460550.0,460293.0,50.0,-1.0053676984787294
9212.0,460600.0,460343.0,50.0,-0.7270179307257324
9213.0,460650.0,460393.0,50.0,-1.712612831651893
9214.0,460700.0,460443.0,50.0,-2.936373944772485
9215.0,460750.0,460493.0,50.0,-0.7609392480223449
9216.0,460800.0,460543.0,50.0,-1.175785059250418
9217.0,460850.0,460593.0,50.0,-1.8605617396794576
9218.0,460900.0,460643.0,50.0,-1.1232704129375883
9219.0,460950.0,460693.0,50.0,-1.0003096035591756
9220.0,461000.0,460743.0,50.0,-1.6821142289615802
9221.0,461050.0,460793.0,50.0,-0.9600112364520509
9222.0,461100.0,460843.0,50.0,-1.6539907778951533
9223.0,461150.0,460893.0,50.0,-2.3805825953753867
9224.0,461200.0,460943.0,50.0,-0.9890679476561396
9225.0,461250.0,460993.0,50.0,-1.2475034097036986
9226.0,461300.0,461043.0,50.0,-1.5862342067323123
9227.0,461350.0,461093.0,50.0,-1.5057087157658262
9228.0,461400.0,461143.0,50.0,-0.5282957628862566
9229.0,461450.0,461193.0,50.0,-1.0659639226916053
9230.0,461500.0,461243.0,50.0,-0.8177903810163536
9231.0,461550.0,461293.0,50.0,-2.6958367584720384
9232.0,461600.0,461343.0,50.0,-1.168255686796222
9233.0,461650.0,461393.0,50.0,-1.5857287610479256
9234.0,461700.0,461443.0,50.0,-1.6613156887113383
9235.0,461750.0,461493.0,50.0,-1.0513363238889442
9236.0,461800.0,461543.0,50.0,-0.9987062150522122
9237.0,461850.0,461593.0,50.0,-1.7840163450592121
9238.0,461900.0,461643.0,50.0,-0.8882677034497566
9239.0,461950.0,461693.0,50.0,-1.0051486035313213
9240.0,462000.0,461743.0,50.0,-0.9049097233785233
9241.0,462050.0,461793.0,50.0,-0.7268607036643073
9242.0,462100.0,461843.0,50.0,-1.7869951368352555
9243.0,462150.0,461893.0,50.0,-0.5683577080705848
9244.0,462200.0,461943.0,50.0,-0.8924540316873721
9245.0,462250.0,461993.0,50.0,-0.7741204422561142
9246.0,462300.0,462043.0,50.0,-0.5843642153206915
9247.0,462350.0,462093.0,50.0,-0.7402781923246204
9248.0,462400.0,462143.0,50.0,-1.0694906787803475
9249.0,462450.0,462193.0,50.0,-1.2222405092042903
9250.0,462500.0,462243.0,50.0,-0.9870736093325869
9251.0,462550.0,462293.0,50.0,-0.5443244640409836
9252.0,462600.0,462343.0,50.0,-0.810839646894271
9253.0,462650.0,462393.0,50.0,-0.6167126898131796
9254.0,462700.0,462443.0,50.0,-1.1635077856888123
9255.0,462750.0,462493.0,50.0,-0.680748887329883
9256.0,462800.0,462543.0,50.0,-0.9218872232191225
9257.0,462850.0,462593.0,50.0,-0.6688673851866741
9258.0,462900.0,462643.0,50.0,-0.9815278207253572
9259.0,462950.0,462693.0,50.0,-2.09235148391601
9260.0,463000.0,462743.0,50.0,-1.1871943929053765
9261.0,463050.0,462793.0,50.0,-1.2455713083787772
9262.0,463100.0,462843.0,50.0,-1.4100111702201965
9263.0,463150.0,462893.0,50.0,-1.840320714348078
9264.0,463200.0,462943.0,50.0,-0.8739137105198659
9265.0,463250.0,462993.0,50.0,-0.7880346500619494
9266.0,463300.0,463043.0,50.0,-0.9307820900729853
9267.0,463350.0,463093.0,50.0,-0.6286232307986601
9268.0,463400.0,463143.0,50.0,-0.7282303814635904
9269.0,463450.0,463193.0,50.0,-0.7456519799596562
9270.0,463500.0,463243.0,50.0,-1.8669428422502679
9271.0,463550.0,463293.0,50.0,-0.9265125295369981
9272.0,463600.0,463343.0,50.0,-1.5039967356813264
9273.0,463650.0,463393.0,50.0,-1.368022521409545
9274.0,463700.0,463443.0,50.0,-1.9205017989683668
9275.0,463750.0,463493.0,50.0,-0.9041564710338845
9276.0,463800.0,463543.0,50.0,-1.5472374325764366
9277.0,463850.0,463593.0,50.0,-0.8308716725395798
9278.0,463900.0,463643.0,50.0,-2.2867290645373437
9279.0,463950.0,463693.0,50.0,-1.6131381497703314
9280.0,464000.0,463743.0,50.0,-0.5084339696432656
9281.0,464050.0,463793.0,50.0,-0.9025826309702341
9282.0,464100.0,463843.0,50.0,-1.319455267872047
9283.0,464150.0,463893.0,50.0,-0.8694839234584993
9284.0,464200.0,463943.0,50.0,-1.0289642647939474
9285.0,464250.0,463993.0,50.0,-1.7876137874768137
9286.0,464300.0,464043.0,50.0,-1.0397119461727367
9287.0,464350.0,464093.0,50.0,-0.6089160081543513
9288.0,464400.0,464143.0,50.0,-1.430247662696978
9289.0,464450.0,464193.0,50.0,-1.9302738812130364
9290.0,464500.0,464243.0,50.0,-1.680165402543932
9291.0,464550.0,464293.0,50.0,-1.0356190989973002
9292.0,464600.0,464343.0,50.0,-1.1455934648686092
9293.0,464650.0,464393.0,50.0,-1.0072065507483459
9294.0,464700.0,464443.0,50.0,-1.2578376238505626
9295.0,464750.0,464493.0,50.0,-1.5633580732698225
9296.0,464800.0,464543.0,50.0,-0.5022541746034672
9297.0,464850.0,464593.0,50.0,-0.5967142571139129
9298.0,464900.0,464643.0,50.0,-1.2646920177375642
9299.0,464950.0,464693.0,50.0,-0.9974595008057685
9300.0,465000.0,464743.0,50.0,-1.004587830266227
9301.0,465050.0,464793.0,50.0,-1.9140885088373267
9302.0,465100.0,464843.0,50.0,-0.7357378886728256
9303.0,465150.0,464893.0,50.0,-0.6328892338086208
9304.0,465200.0,464943.0,50.0,-0.7450272201917922
9305.0,465250.0,464993.0,50.0,-0.9050413707273687
9306.0,465300.0,465043.0,50.0,-0.6542547555782383
9307.0,465350.0,465093.0,50.0,-2.026934041198066
9308.0,465400.0,465143.0,50.0,-1.276098083771696
9309.0,465450.0,465193.0,50.0,-1.2548266737920208
9310.0,465500.0,465243.0,50.0,-1.4419508733900641
9311.0,465550.0,465293.0,50.0,-0.6955228303902822
9312.0,465600.0,465343.0,50.0,-0.7517696394033389
9313.0,465650.0,465393.0,50.0,-0.6687753335365049
9314.0,465700.0,465443.0,50.0,-0.6153753769987478
9315.0,465750.0,465493.0,50.0,-0.7258059008043112
9316.0,465800.0,465543.0,50.0,-0.9303167182087425
9317.0,465850.0,465593.0,50.0,-0.8346919319927181
9318.0,465900.0,465643.0,50.0,-0.8908566583653548
9319.0,465950.0,465693.0,50.0,-2.0696127040245047
9320.0,466000.0,465743.0,50.0,-2.111884926706171
9321.0,466050.0,465793.0,50.0,-3.334688011538693
9322.0,466100.0,465843.0,50.0,-1.2532152425257175
9323.0,466150.0,465893.0,50.0,-1.6006617585818503
9324.0,466200.0,465943.0,50.0,-1.4716907410251585
9325.0,466250.0,465993.0,50.0,-0.7906058243606354
9326.0,466300.0,466043.0,50.0,-0.5766603556623368
9327.0,466350.0,466093.0,50.0,-0.9021436716291575
9328.0,466400.0,466143.0,50.0,-1.5306429928416965
9329.0,466450.0,466193.0,50.0,-1.602244154300722
9330.0,466500.0,466243.0,50.0,-1.3730427392116509
9331.0,466550.0,466293.0,50.0,-1.1980386056488685
9332.0,466600.0,466343.0,50.0,-1.0281385969694667
9333.0,466650.0,466393.0,50.0,-1.1911360831682214
9334.0,466700.0,466443.0,50.0,-0.470870925841606
9335.0,466750.0,466493.0,50.0,-0.653277137360862
9336.0,466800.0,466543.0,50.0,-1.7138552525520279
9337.0,466850.0,466593.0,50.0,-1.6925570928694087
9338.0,466900.0,466643.0,50.0,-0.9970488355052046
9339.0,466950.0,466693.0,50.0,-1.2799064742467683
9340.0,467000.0,466743.0,50.0,-0.5654410513281124
9341.0,467050.0,466793.0,50.0,-0.6545760144739334
9342.0,467100.0,466843.0,50.0,-1.3318284993924148
9343.0,467150.0,466893.0,50.0,-0.6198998479805312
9344.0,467200.0,466943.0,50.0,-0.9416656088485255
9345.0,467250.0,466993.0,50.0,-1.0258752261220645
9346.0,467300.0,467043.0,50.0,-1.6881707521110418
9347.0,467350.0,467093.0,50.0,-1.3914602123815858
9348.0,467400.0,467143.0,50.0,-1.0673018500970686
9349.0,467450.0,467193.0,50.0,-1.359423032829345
9350.0,467500.0,467243.0,50.0,-0.8703831504335672
9351.0,467550.0,467293.0,50.0,-1.0679201492144716
9352.0,467600.0,467343.0,50.0,-1.3682461572128726
9353.0,467650.0,467393.0,50.0,-1.0247203823123314
9354.0,467700.0,467443.0,50.0,-1.8210295160146825
9355.0,467750.0,467493.0,50.0,-1.7473761063623956
9356.0,467800.0,467543.0,50.0,-0.7491256522772104
9357.0,467850.0,467593.0,50.0,-1.5330464110292163
9358.0,467900.0,467643.0,50.0,-1.0975922710601018
9359.0,467950.0,467693.0,50.0,-1.2862574446683315
9360.0,468000.0,467743.0,50.0,-1.3816732036461477
9361.0,468050.0,467793.0,50.0,-0.8376879904229485
9362.0,468100.0,467843.0,50.0,-0.6876671604926482
9363.0,468150.0,467893.0,50.0,-1.6924668696892697
9364.0,468200.0,467943.0,50.0,-1.0779390240416884
9365.0,468250.0,467993.0,50.0,-1.3327995349120658
9366.0,468300.0,468043.0,50.0,-0.7920946226525222
9367.0,468350.0,468093.0,50.0,-0.9271672330872077
9368.0,468400.0,468143.0,50.0,-1.4926762465870118
9369.0,468450.0,468193.0,50.0,-0.5740077298427838
9370.0,468500.0,468243.0,50.0,-1.0953058903039499
9371.0,468550.0,468293.0,50.0,-0.919871296212275
9372.0,468600.0,468343.0,50.0,-1.1258415995757702
9373.0,468650.0,468393.0,50.0,-0.5742304355611436
9374.0,468700.0,468443.0,50.0,-0.5538942816692117
9375.0,468750.0,468493.0,50.0,-1.6057393842193535
9376.0,468800.0,468543.0,50.0,-1.112129268963607
9377.0,468850.0,468593.0,50.0,-1.482886781855086
9378.0,468900.0,468643.0,50.0,-0.8113714143817575
9379.0,468950.0,468693.0,50.0,-1.0472802651573296
9380.0,469000.0,468743.0,50.0,-0.9867673231841532
9381.0,469050.0,468793.0,50.0,-2.4212896838609326
9382.0,469100.0,468843.0,50.0,-1.693467618496804
9383.0,469150.0,468893.0,50.0,-1.481405906099088
9384.0,469200.0,468943.0,50.0,-2.1523662744102516
9385.0,469250.0,468993.0,50.0,-1.0353644269842748
9386.0,469300.0,469043.0,50.0,-1.8712324312365853
9387.0,469350.0,469093.0,50.0,-0.5739633726314353
9388.0,469400.0,469143.0,50.0,-0.8623477369863808
9389.0,469450.0,469193.0,50.0,-0.7404678490968924
9390.0,469500.0,469243.0,50.0,-1.9058481812761243
9391.0,469550.0,469293.0,50.0,-1.090885846947092
9392.0,469600.0,469343.0,50.0,-0.5826572709053754
9393.0,469650.0,469393.0,50.0,-1.9283357399652197
9394.0,469700.0,469443.0,50.0,-0.8362038017895325
9395.0,469750.0,469493.0,50.0,-0.6951647068107546
9396.0,469800.0,469543.0,50.0,-1.3664043566367172
9397.0,469850.0,469593.0,50.0,-0.6468737103323852
9398.0,469900.0,469643.0,50.0,-0.9979672833485514
9399.0,469950.0,469693.0,50.0,-0.8824307357510335
9400.0,470000.0,469743.0,50.0,-1.0372381908662032
9401.0,470050.0,469793.0,50.0,-0.7788098385108677
9402.0,470100.0,469843.0,50.0,-0.8756730651896999
9403.0,470150.0,469893.0,50.0,-1.801102344814094
9404.0,470200.0,469943.0,50.0,-0.8683719297981178
9405.0,470250.0,469993.0,50.0,-1.6157401076020346
9406.0,470300.0,470043.0,50.0,-1.1837628057135856
9407.0,470350.0,470093.0,50.0,-1.417691124171484
9408.0,470400.0,470143.0,50.0,-1.4777867517856476
9409.0,470450.0,470193.0,50.0,-1.2675875317549503
9410.0,470500.0,470243.0,50.0,-0.7975485725559183
9411.0,470550.0,470293.0,50.0,-1.6533703123880559
9412.0,470600.0,470343.0,50.0,-1.8861298796708006
9413.0,470650.0,470393.0,50.0,-0.6582533174934371
9414.0,470700.0,470443.0,50.0,-0.7390220213118177
9415.0,470750.0,470493.0,50.0,-0.542037718773022
9416.0,470800.0,470543.0,50.0,-1.733039772568161
9417.0,470850.0,470593.0,50.0,-1.6028301525954725
9418.0,470900.0,470643.0,50.0,-1.9381008382000453
9419.0,470950.0,470693.0,50.0,-1.0371133278179194
9420.0,471000.0,470743.0,50.0,-0.7035142479039946
9421.0,471050.0,470793.0,50.0,-1.5091797830168467
9422.0,471100.0,470843.0,50.0,-0.9060955950391714
9423.0,471150.0,470893.0,50.0,-1.9687150724885745
9424.0,471200.0,470943.0,50.0,-0.811247768938224
9425.0,471250.0,470993.0,50.0,-2.134521171304345
9426.0,471300.0,471043.0,50.0,-0.6480138390385014
9427.0,471350.0,471093.0,50.0,-0.7642668170579058
9428.0,471400.0,471143.0,50.0,-1.0719028085645432
9429.0,471450.0,471193.0,50.0,-1.0756608998126804
9430.0,471500.0,471243.0,50.0,-0.9763938379454219
9431.0,471550.0,471293.0,50.0,-1.300062940679171
9432.0,471600.0,471343.0,50.0,-1.202589989008079
9433.0,471650.0,471393.0,50.0,-1.3581579850304206
9434.0,471700.0,471443.0,50.0,-0.7743073570136058
9435.0,471750.0,471493.0,50.0,-0.5349036367714441
9436.0,471800.0,471543.0,50.0,-0.850055680735717
9437.0,471850.0,471593.0,50.0,-0.7655212358448323
9438.0,471900.0,471643.0,50.0,-1.8896973613569428
9439.0,471950.0,471693.0,50.0,-1.070054485554056
9440.0,472000.0,471743.0,50.0,-1.218202876997901
9441.0,472050.0,471793.0,50.0,-0.8898888425136997
9442.0,472100.0,471843.0,50.0,-1.2729817705054152
9443.0,472150.0,471893.0,50.0,-0.9353603978790829
9444.0,472200.0,471943.0,50.0,-0.9091164542020109
9445.0,472250.0,471993.0,50.0,-1.157641711278641
9446.0,472300.0,472043.0,50.0,-0.9124768923922107
9447.0,472350.0,472093.0,50.0,-1.204002869219413
9448.0,472400.0,472143.0,50.0,-0.9756816406006642
9449.0,472450.0,472193.0,50.0,-0.8600520741015238
9450.0,472500.0,472243.0,50.0,-1.3122321336909986
9451.0,472550.0,472293.0,50.0,-1.300046579102892
9452.0,472600.0,472343.0,50.0,-0.8284504146197122
9453.0,472650.0,472393.0,50.0,-0.6833685039309061
9454.0,472700.0,472443.0,50.0,-0.7348302234421775
9455.0,472750.0,472493.0,50.0,-1.6710698085198197
9456.0,472800.0,472543.0,50.0,-0.588444923606123
9457.0,472850.0,472593.0,50.0,-0.8176488147811781
9458.0,472900.0,472643.0,50.0,-1.0718508495201475
9459.0,472950.0,472693.0,50.0,-0.7767532418097542
9460.0,473000.0,472743.0,50.0,-1.6928217943882444
9461.0,473050.0,472793.0,50.0,-0.6462188059184429
9462.0,473100.0,472843.0,50.0,-0.6787438897000058
9463.0,473150.0,472893.0,50.0,-0.7216884761515105
9464.0,473200.0,472943.0,50.0,-1.824933792488501
9465.0,473250.0,472993.0,50.0,-1.1797714029273563
9466.0,473300.0,473043.0,50.0,-0.893572236001812
9467.0,473350.0,473093.0,50.0,-0.8948379843577404
9468.0,473400.0,473143.0,50.0,-1.4754622823215477
9469.0,473450.0,473193.0,50.0,-1.0330758437700536
9470.0,473500.0,473243.0,50.0,-0.7537111320518727
9471.0,473550.0,473293.0,50.0,-1.5147470344587894
9472.0,473600.0,473343.0,50.0,-0.7786699467899365
9473.0,473650.0,473393.0,50.0,-0.8714353705504253
9474.0,473700.0,473443.0,50.0,-1.1552054428785958
9475.0,473750.0,473493.0,50.0,-1.7568301955269037
9476.0,473800.0,473543.0,50.0,-1.5022227784902145
9477.0,473850.0,473593.0,50.0,-0.9618512750731099
9478.0,473900.0,473643.0,50.0,-0.8366894520268713
9479.0,473950.0,473693.0,50.0,-1.5275329570683798
9480.0,474000.0,473743.0,50.0,-0.7822977599204197
9481.0,474050.0,473793.0,50.0,-0.8768642351258791
9482.0,474100.0,473843.0,50.0,-0.6610406668879601
9483.0,474150.0,473893.0,50.0,-2.1225574859547773
9484.0,474200.0,473943.0,50.0,-0.826945403377601
9485.0,474250.0,473993.0,50.0,-0.7996109844168002
9486.0,474300.0,474043.0,50.0,-0.9217302606185578
9487.0,474350.0,474093.0,50.0,-1.0077267553535219
9488.0,474400.0,474143.0,50.0,-1.413362129138237
9489.0,474450.0,474193.0,50.0,-1.0706945665209802
9490.0,474500.0,474243.0,50.0,-0.937047981162602
9491.0,474550.0,474293.0,50.0,-0.8454425961343915
9492.0,474600.0,474343.0,50.0,-1.2454116782497013
9493.0,474650.0,474393.0,50.0,-0.8857930093256494
9494.0,474700.0,474443.0,50.0,-1.158500568034068
9495.0,474750.0,474493.0,50.0,-0.9605230707169252
9496.0,474800.0,474543.0,50.0,-1.3013569904406812
9497.0,474850.0,474593.0,50.0,-1.3408458426248107
9498.0,474900.0,474643.0,50.0,-0.8968584789093917
9499.0,474950.0,474693.0,50.0,-1.075759024709655
9500.0,475000.0,474743.0,50.0,-0.946506746159023
9501.0,475050.0,474793.0,50.0,-1.0981028519600704
9502.0,475100.0,474843.0,50.0,-1.4757599608572067
9503.0,475150.0,474893.0,50.0,-0.929644430984405
9504.0,475200.0,474943.0,50.0,-1.8471784729602536
9505.0,475250.0,474993.0,50.0,-1.4654146416189666
9506.0,475300.0,475043.0,50.0,-1.2689724081051794
9507.0,475350.0,475093.0,50.0,-2.072999615093347
9508.0,475400.0,475143.0,50.0,-1.4170347460085433
9509.0,475450.0,475193.0,50.0,-1.5083405508564247
9510.0,475500.0,475243.0,50.0,-1.3020483307431583
9511.0,475550.0,475293.0,50.0,-0.7351587112529551
9512.0,475600.0,475343.0,50.0,-1.3235543343937832
9513.0,475650.0,475393.0,50.0,-0.7309968172022515
9514.0,475700.0,475443.0,50.0,-1.0058091251910333
9515.0,475750.0,475493.0,50.0,-1.474477965465731
9516.0,475800.0,475543.0,50.0,-2.282992412048531
9517.0,475850.0,475593.0,50.0,-0.6980642397179654
9518.0,475900.0,475643.0,50.0,-1.7246301085559588
9519.0,475950.0,475693.0,50.0,-0.7469898809625805
9520.0,476000.0,475743.0,50.0,-1.1711436699293294
9521.0,476050.0,475793.0,50.0,-0.9981925149052248
9522.0,476100.0,475843.0,50.0,-1.334724526087699
9523.0,476150.0,475893.0,50.0,-0.8554239679579264
9524.0,476200.0,475943.0,50.0,-0.9726011405530346
9525.0,476250.0,475993.0,50.0,-1.0862013575336422
9526.0,476300.0,476043.0,50.0,-0.7415684542902868
9527.0,476350.0,476093.0,50.0,-0.5703681779328844
9528.0,476400.0,476143.0,50.0,-0.9898076763281244
9529.0,476450.0,476193.0,50.0,-0.9386122127155783
9530.0,476500.0,476243.0,50.0,-1.570772785226699
9531.0,476550.0,476293.0,50.0,-0.8400914069436304
9532.0,476600.0,476343.0,50.0,-0.8683484065205166
9533.0,476650.0,476393.0,50.0,-0.7901770366603083
9534.0,476700.0,476443.0,50.0,-0.8928512089108044
9535.0,476750.0,476493.0,50.0,-0.7885275245341307
9536.0,476800.0,476543.0,50.0,-1.4084643861042654
9537.0,476850.0,476593.0,50.0,-1.7304747884683533
9538.0,476900.0,476643.0,50.0,-2.1653520752151256
9539.0,476950.0,476693.0,50.0,-0.6781051816104446
9540.0,477000.0,476743.0,50.0,-1.4523366998069267
9541.0,477050.0,476793.0,50.0,-0.5645068611062963
9542.0,477100.0,476843.0,50.0,-0.9614693382956586
9543.0,477150.0,476893.0,50.0,-0.7865671665014519
9544.0,477200.0,476943.0,50.0,-0.6500160431811574
9545.0,477250.0,476993.0,50.0,-0.8064043076498707
9546.0,477300.0,477043.0,50.0,-0.8947566991466429
9547.0,477350.0,477093.0,50.0,-0.5505185864545915
9548.0,477400.0,477143.0,50.0,-1.5118164762174884
9549.0,477450.0,477193.0,50.0,-1.367489004783161
9550.0,477500.0,477243.0,50.0,-0.7889210171455354
9551.0,477550.0,477293.0,50.0,-1.6321799634147258
9552.0,477600.0,477343.0,50.0,-1.2819812816998881
9553.0,477650.0,477393.0,50.0,-1.4155127800661003
9554.0,477700.0,477443.0,50.0,-1.1216019866674822
9555.0,477750.0,477493.0,50.0,-0.8918836906148834
9556.0,477800.0,477543.0,50.0,-1.1122545253929095
9557.0,477850.0,477593.0,50.0,-0.7967560047656767
9558.0,477900.0,477643.0,50.0,-1.4084580385472627
9559.0,477950.0,477693.0,50.0,-0.8277112771916395
9560.0,478000.0,477743.0,50.0,-0.7944884168792673
9561.0,478050.0,477793.0,50.0,-0.9977337244061312
9562.0,478100.0,477843.0,50.0,-0.7611144812849835
9563.0,478150.0,477893.0,50.0,-1.1038139604612343
9564.0,478200.0,477943.0,50.0,-0.6244750782760584
9565.0,478250.0,477993.0,50.0,-0.9201588631559855
9566.0,478300.0,478043.0,50.0,-1.0853159321314485
9567.0,478350.0,478093.0,50.0,-0.8864869807501281
9568.0,478400.0,478143.0,50.0,-1.9462957138312005
9569.0,478450.0,478193.0,50.0,-0.8426063117034958
9570.0,478500.0,478243.0,50.0,-0.7866953435776074
9571.0,478550.0,478293.0,50.0,-1.7972596214906469
9572.0,478600.0,478343.0,50.0,-0.7880767848147677
9573.0,478650.0,478393.0,50.0,-1.2336201415181578
9574.0,478700.0,478443.0,50.0,-1.6198742012284435
9575.0,478750.0,478493.0,50.0,-0.938143297402334
9576.0,478800.0,478543.0,50.0,-0.8458342754914636
9577.0,478850.0,478593.0,50.0,-1.0723616955163273
9578.0,478900.0,478643.0,50.0,-0.9484986151474323
9579.0,478950.0,478693.0,50.0,-1.5409876986580815
9580.0,479000.0,478743.0,50.0,-0.6662525705122738
9581.0,479050.0,478793.0,50.0,-1.480809247540768
9582.0,479100.0,478843.0,50.0,-0.9864445405971869
9583.0,479150.0,478893.0,50.0,-1.1825322011918231
9584.0,479200.0,478943.0,50.0,-0.6211230453025215
9585.0,479250.0,478993.0,50.0,-1.191171566573121
9586.0,479300.0,479043.0,50.0,-2.291909853001173
9587.0,479350.0,479093.0,50.0,-0.9456250076711343
9588.0,479400.0,479143.0,50.0,-1.6653875468835202
9589.0,479450.0,479193.0,50.0,-0.8242599748052618
9590.0,479500.0,479243.0,50.0,-1.10111526998572
9591.0,479550.0,479293.0,50.0,-1.4635220589330664
9592.0,479600.0,479343.0,50.0,-0.9532019965670293
9593.0,479650.0,479393.0,50.0,-1.3188090720868508
9594.0,479700.0,479443.0,50.0,-0.847355547355609
9595.0,479750.0,479493.0,50.0,-1.7948798942120663
9596.0,479800.0,479543.0,50.0,-0.47421499421726476
9597.0,479850.0,479593.0,50.0,-0.9042722566274378
9598.0,479900.0,479643.0,50.0,-1.4098095684243166
9599.0,479950.0,479693.0,50.0,-1.3909103493599713
9600.0,480000.0,479743.0,50.0,-0.6335251357253442
9601.0,480050.0,479793.0,50.0,-0.7160952450038739
9602.0,480100.0,479843.0,50.0,-0.40223111254368726
9603.0,480150.0,479893.0,50.0,-2.1576557649449497
9604.0,480200.0,479943.0,50.0,-0.8593455920324905
9605.0,480250.0,479993.0,50.0,-1.1280664456797156
9606.0,480300.0,480043.0,50.0,-1.328387238951046
9607.0,480350.0,480093.0,50.0,-0.8791338953242868
9608.0,480400.0,480143.0,50.0,-1.0747951326871508
9609.0,480450.0,480193.0,50.0,-0.7681615115620587
9610.0,480500.0,480243.0,50.0,-1.6740136020428995
9611.0,480550.0,480293.0,50.0,-1.5342892486764084
9612.0,480600.0,480343.0,50.0,-0.9985649301893802
9613.0,480650.0,480393.0,50.0,-0.9721153435116661
9614.0,480700.0,480443.0,50.0,-0.7370874713377213
9615.0,480750.0,480493.0,50.0,-1.721354439510093
9616.0,480800.0,480543.0,50.0,-1.385048168096097
9617.0,480850.0,480593.0,50.0,-1.3468773921235684
9618.0,480900.0,480643.0,50.0,-0.6416324724609864
9619.0,480950.0,480693.0,50.0,-0.9491244694727506
9620.0,481000.0,480743.0,50.0,-0.8038963768454866
9621.0,481050.0,480793.0,50.0,-1.8715650591541404
9622.0,481100.0,480843.0,50.0,-0.7679808160986701
9623.0,481150.0,480893.0,50.0,-1.3159169541714268
9624.0,481200.0,480943.0,50.0,-1.7951423731355127
9625.0,481250.0,480993.0,50.0,-1.390044201557627
9626.0,481300.0,481043.0,50.0,-0.7471902879728416
9627.0,481350.0,481093.0,50.0,-0.8737066949685529
9628.0,481400.0,481143.0,50.0,-1.0105741606641636
9629.0,481450.0,481193.0,50.0,-1.1208110469806887
9630.0,481500.0,481243.0,50.0,-1.3141708348179875
9631.0,481550.0,481293.0,50.0,-1.2228905156841796
9632.0,481600.0,481343.0,50.0,-0.8154820511976423
9633.0,481650.0,481393.0,50.0,-0.8791146991238885
9634.0,481700.0,481443.0,50.0,-0.733140692524872
9635.0,481750.0,481493.0,50.0,-0.8702936498869758
9636.0,481800.0,481543.0,50.0,-0.590298695440846
9637.0,481850.0,481593.0,50.0,-0.690334321841277
9638.0,481900.0,481643.0,50.0,-0.6491606252618737
9639.0,481950.0,481693.0,50.0,-0.5540147075333116
9640.0,482000.0,481743.0,50.0,-0.8424520378382118
9641.0,482050.0,481793.0,50.0,-1.1997404567640324
9642.0,482100.0,481843.0,50.0,-1.2251074710289136
9643.0,482150.0,481893.0,50.0,-1.2196100040736924
9644.0,482200.0,481943.0,50.0,-0.7875873950942817
9645.0,482250.0,481993.0,50.0,-1.2134158253544232
9646.0,482300.0,482043.0,50.0,-0.6664457475823529
9647.0,482350.0,482093.0,50.0,-2.8276290466666767
9648.0,482400.0,482143.0,50.0,-0.5254595414990441
9649.0,482450.0,482193.0,50.0,-1.3743428002113416
9650.0,482500.0,482243.0,50.0,-1.0514917610068777
9651.0,482550.0,482293.0,50.0,-1.2502350591018507
9652.0,482600.0,482343.0,50.0,-0.8306879962467387
9653.0,482650.0,482393.0,50.0,-1.9981289545870198
9654.0,482700.0,482443.0,50.0,-1.509010340284595
9655.0,482750.0,482493.0,50.0,-1.313260941787879
9656.0,482800.0,482543.0,50.0,-0.56049827654093
9657.0,482850.0,482593.0,50.0,-1.4103970565867503
9658.0,482900.0,482643.0,50.0,-1.431895452346805
9659.0,482950.0,482693.0,50.0,-1.0434025553848751
9660.0,483000.0,482743.0,50.0,-1.0338100461782893
9661.0,483050.0,482793.0,50.0,-0.6550322167056908
9662.0,483100.0,482843.0,50.0,-0.6362792914855854
9663.0,483150.0,482893.0,50.0,-1.178824489833877
9664.0,483200.0,482943.0,50.0,-1.6788471441002153
9665.0,483250.0,482993.0,50.0,-0.9705971145819787
9666.0,483300.0,483043.0,50.0,-1.3869144985840876
9667.0,483350.0,483093.0,50.0,-0.6655025679399162
9668.0,483400.0,483143.0,50.0,-0.78213057543119
9669.0,483450.0,483193.0,50.0,-1.772533275168959
9670.0,483500.0,483243.0,50.0,-1.5479957402901265
9671.0,483550.0,483293.0,50.0,-1.8213075153580407
9672.0,483600.0,483343.0,50.0,-0.7661374227003815
9673.0,483650.0,483393.0,50.0,-0.8992362623315896
9674.0,483700.0,483443.0,50.0,-1.5965230208809842
9675.0,483750.0,483493.0,50.0,-0.7892750515266734
9676.0,483800.0,483543.0,50.0,-1.294625537375983
9677.0,483850.0,483593.0,50.0,-1.221025310497631
9678.0,483900.0,483643.0,50.0,-1.6367085032954867
9679.0,483950.0,483693.0,50.0,-1.0127245740643227
9680.0,484000.0,483743.0,50.0,-1.4579771883855492
9681.0,484050.0,483793.0,50.0,-1.2417916404972398
9682.0,484100.0,483843.0,50.0,-2.0683366030175794
9683.0,484150.0,483893.0,50.0,-1.213756406329951
9684.0,484200.0,483943.0,50.0,-1.91488863053034
9685.0,484250.0,483993.0,50.0,-1.508012351030135
9686.0,484300.0,484043.0,50.0,-0.8036121946196986
9687.0,484350.0,484093.0,50.0,-1.5060485750103234
9688.0,484400.0,484143.0,50.0,-1.8556151032299055
9689.0,484450.0,484193.0,50.0,-0.9468616492829601
9690.0,484500.0,484243.0,50.0,-0.8115758488136673
9691.0,484550.0,484293.0,50.0,-2.1938682011475876
9692.0,484600.0,484343.0,50.0,-0.784464639944908
9693.0,484650.0,484393.0,50.0,-1.1102361949846118
9694.0,484700.0,484443.0,50.0,-0.7488026730971958
9695.0,484750.0,484493.0,50.0,-0.7870035726915123
9696.0,484800.0,484543.0,50.0,-1.2207071159253466
9697.0,484850.0,484593.0,50.0,-1.9108429469211
9698.0,484900.0,484643.0,50.0,-1.3186243847577122
9699.0,484950.0,484693.0,50.0,-1.7349992773117497
9700.0,485000.0,484743.0,50.0,-1.589616134959933
9701.0,485050.0,484793.0,50.0,-0.7301396265450031
9702.0,485100.0,484843.0,50.0,-1.5017081836481938
9703.0,485150.0,484893.0,50.0,-1.6980840502584025
9704.0,485200.0,484943.0,50.0,-0.9493116539138587
9705.0,485250.0,484993.0,50.0,-2.2622121968160487
9706.0,485300.0,485043.0,50.0,-1.795589437961303
9707.0,485350.0,485093.0,50.0,-1.8853154423545881
9708.0,485400.0,485143.0,50.0,-1.3660956323963753
9709.0,485450.0,485193.0,50.0,-2.493862199682519
9710.0,485500.0,485243.0,50.0,-0.6185346546911992
9711.0,485550.0,485293.0,50.0,-0.9386180678437951
9712.0,485600.0,485343.0,50.0,-1.3778164261337114
9713.0,485650.0,485393.0,50.0,-2.5018913003217818
9714.0,485700.0,485443.0,50.0,-1.3191968194166188
9715.0,485750.0,485493.0,50.0,-0.5096975307227738
9716.0,485800.0,485543.0,50.0,-1.635737980234751
9717.0,485850.0,485593.0,50.0,-1.6809171846696545
9718.0,485900.0,485643.0,50.0,-1.1624996793674731
9719.0,485950.0,485693.0,50.0,-0.8893043522023012
9720.0,486000.0,485743.0,50.0,-1.175611453983528
9721.0,486050.0,485793.0,50.0,-0.9415671972591088
9722.0,486100.0,485843.0,50.0,-0.5898209421167058
9723.0,486150.0,485893.0,50.0,-0.6319667306010607
9724.0,486200.0,485943.0,50.0,-1.0805902917705432
9725.0,486250.0,485993.0,50.0,-1.2301437440616179
9726.0,486300.0,486043.0,50.0,-3.2305589892210724
9727.0,486350.0,486093.0,50.0,-1.1610586052749767
9728.0,486400.0,486143.0,50.0,-1.832171566113724
9729.0,486450.0,486193.0,50.0,-0.4705242032957343
9730.0,486500.0,486243.0,50.0,-1.6834304611914896
9731.0,486550.0,486293.0,50.0,-0.6967201875211942
9732.0,486600.0,486343.0,50.0,-1.1868765890448556
9733.0,486650.0,486393.0,50.0,-1.6847371597614338
9734.0,486700.0,486443.0,50.0,-1.6077631068143088
9735.0,486750.0,486493.0,50.0,-2.2231969963813847
9736.0,486800.0,486543.0,50.0,-1.0179458701249673
9737.0,486850.0,486593.0,50.0,-0.8454482406670975
9738.0,486900.0,486643.0,50.0,-1.9377246822182428
9739.0,486950.0,486693.0,50.0,-1.5114077376070303
9740.0,487000.0,486743.0,50.0,-1.046781971400036
9741.0,487050.0,486793.0,50.0,-0.5478447857523907
9742.0,487100.0,486843.0,50.0,-1.0744648704760376
9743.0,487150.0,486893.0,50.0,-0.9378879438666018
9744.0,487200.0,486943.0,50.0,-1.4955313892575754
9745.0,487250.0,486993.0,50.0,-2.1414755349702674
9746.0,487300.0,487043.0,50.0,-1.5707745829660238
9747.0,487350.0,487093.0,50.0,-2.0751762574737076
9748.0,487400.0,487143.0,50.0,-0.6373844697367943
9749.0,487450.0,487193.0,50.0,-0.9664899247769873
9750.0,487500.0,487243.0,50.0,-0.7981268468139511
9751.0,487550.0,487293.0,50.0,-1.5147004993871687
9752.0,487600.0,487343.0,50.0,-1.0331697659618964
9753.0,487650.0,487393.0,50.0,-0.9247879061104396
9754.0,487700.0,487443.0,50.0,-1.153189042254139
9755.0,487750.0,487493.0,50.0,-1.7247566764976898
9756.0,487800.0,487543.0,50.0,-0.7336651931762869
9757.0,487850.0,487593.0,50.0,-0.8219864712876847
9758.0,487900.0,487643.0,50.0,-0.6631442950865231
9759.0,487950.0,487693.0,50.0,-0.987879127350211
9760.0,488000.0,487743.0,50.0,-0.9042086368301447
9761.0,488050.0,487793.0,50.0,-0.8807842238321417
9762.0,488100.0,487843.0,50.0,-1.0116176690255454
9763.0,488150.0,487893.0,50.0,-0.5632066332656114
9764.0,488200.0,487943.0,50.0,-1.5990591021754075
9765.0,488250.0,487993.0,50.0,-1.172196370671641
9766.0,488300.0,488043.0,50.0,-1.2968587378074705
9767.0,488350.0,488093.0,50.0,-1.1952144483776574
9768.0,488400.0,488143.0,50.0,-2.4484947966090305
9769.0,488450.0,488193.0,50.0,-0.8597043661285418
9770.0,488500.0,488243.0,50.0,-0.9411307825970862
9771.0,488550.0,488293.0,50.0,-0.5444666245210664
9772.0,488600.0,488343.0,50.0,-1.1175119496619434
9773.0,488650.0,488393.0,50.0,-1.4280164382009264
9774.0,488700.0,488443.0,50.0,-1.0330535374371168
9775.0,488750.0,488493.0,50.0,-1.2066833198628641
9776.0,488800.0,488543.0,50.0,-0.8156496732805673
9777.0,488850.0,488593.0,50.0,-1.1788811367018928
9778.0,488900.0,488643.0,50.0,-0.6346264958216347
9779.0,488950.0,488693.0,50.0,-0.68162675637542
9780.0,489000.0,488743.0,50.0,-2.106575082615999
9781.0,489050.0,488793.0,50.0,-0.9831777965219194
9782.0,489100.0,488843.0,50.0,-1.7720278333036685
9783.0,489150.0,488893.0,50.0,-1.3008237386603962
9784.0,489200.0,488943.0,50.0,-1.1061913956177374
9785.0,489250.0,488993.0,50.0,-1.5709998571396078
9786.0,489300.0,489043.0,50.0,-1.358076004526031
9787.0,489350.0,489093.0,50.0,-1.5080461624159336
9788.0,489400.0,489143.0,50.0,-1.1642714135659264
9789.0,489450.0,489193.0,50.0,-1.7052071709574157
9790.0,489500.0,489243.0,50.0,-0.7126848798068471
9791.0,489550.0,489293.0,50.0,-0.7068635002635311
9792.0,489600.0,489343.0,50.0,-1.5999862946750643
9793.0,489650.0,489393.0,50.0,-3.470311693501483
9794.0,489700.0,489443.0,50.0,-1.092782307123651
9795.0,489750.0,489493.0,50.0,-0.8120887001043655
9796.0,489800.0,489543.0,50.0,-0.9895005817704229
9797.0,489850.0,489593.0,50.0,-1.1584903069725736
9798.0,489900.0,489643.0,50.0,-0.8695078644658766
9799.0,489950.0,489693.0,50.0,-0.7853628621952119
9800.0,490000.0,489743.0,50.0,-1.4323031187133837
9801.0,490050.0,489793.0,50.0,-1.8840413021807783
9802.0,490100.0,489843.0,50.0,-1.0078251124977495
9803.0,490150.0,489893.0,50.0,-1.1573949883187125
9804.0,490200.0,489943.0,50.0,-1.5950440434371604
9805.0,490250.0,489993.0,50.0,-1.6018234209302964
9806.0,490300.0,490043.0,50.0,-0.5585617066356581
9807.0,490350.0,490093.0,50.0,-0.7685939125103077
9808.0,490400.0,490143.0,50.0,-1.2707506358955953
9809.0,490450.0,490193.0,50.0,-0.632820834028085
9810.0,490500.0,490243.0,50.0,-1.0171508395340654
9811.0,490550.0,490293.0,50.0,-2.051790541523895
9812.0,490600.0,490343.0,50.0,-1.4746276599485337
9813.0,490650.0,490393.0,50.0,-0.9277162952716802
9814.0,490700.0,490443.0,50.0,-0.8404609029381241
9815.0,490750.0,490493.0,50.0,-2.239935775716295
9816.0,490800.0,490543.0,50.0,-1.2110517014762852
9817.0,490850.0,490593.0,50.0,-0.8991986310476947
9818.0,490900.0,490643.0,50.0,-0.7538904941987765
9819.0,490950.0,490693.0,50.0,-0.7499290258453132
9820.0,491000.0,490743.0,50.0,-0.8523363935566104
9821.0,491050.0,490793.0,50.0,-9.227002078977538
9822.0,491100.0,490843.0,50.0,-0.99758800332276
9823.0,491150.0,490893.0,50.0,-1.0422852495501993
9824.0,491200.0,490943.0,50.0,-0.9758402879025314
9825.0,491250.0,490993.0,50.0,-0.7952022864390283
9826.0,491300.0,491043.0,50.0,-0.9949664920060137
9827.0,491350.0,491093.0,50.0,-0.9354130775818976
9828.0,491400.0,491143.0,50.0,-1.146879483414671
9829.0,491450.0,491193.0,50.0,-1.2873243434216595
9830.0,491500.0,491243.0,50.0,-1.1207508628224587
9831.0,491550.0,491293.0,50.0,-1.0644864731306545
9832.0,491600.0,491343.0,50.0,-0.7914916620963713
9833.0,491650.0,491393.0,50.0,-0.8121253701821072
9834.0,491700.0,491443.0,50.0,-1.245620108598165
9835.0,491750.0,491493.0,50.0,-1.5895395454456729
9836.0,491800.0,491543.0,50.0,-0.8768725563719937
9837.0,491850.0,491593.0,50.0,-0.6837187090245554
9838.0,491900.0,491643.0,50.0,-0.5166183594629129
9839.0,491950.0,491693.0,50.0,-1.4825894263884278
9840.0,492000.0,491743.0,50.0,-0.7524107208297165
9841.0,492050.0,491793.0,50.0,-1.3376414053414147
9842.0,492100.0,491843.0,50.0,-1.8479218895583847
9843.0,492150.0,491893.0,50.0,-1.0203029787316829
9844.0,492200.0,491943.0,50.0,-1.0557301263279957
9845.0,492250.0,491993.0,50.0,-2.372344688214733
9846.0,492300.0,492043.0,50.0,-1.0599044291162043
9847.0,492350.0,492093.0,50.0,-1.0140761253016999
9848.0,492400.0,492143.0,50.0,-1.0860889277838874
9849.0,492450.0,492193.0,50.0,-1.410221029169195
9850.0,492500.0,492243.0,50.0,-0.7627858159978578
9851.0,492550.0,492293.0,50.0,-1.718406077341673
9852.0,492600.0,492343.0,50.0,-1.8096507212543425
9853.0,492650.0,492393.0,50.0,-1.8192840803407473
9854.0,492700.0,492443.0,50.0,-1.343731824809623
9855.0,492750.0,492493.0,50.0,-1.1102699629197508
9856.0,492800.0,492543.0,50.0,-1.0074675126316566
9857.0,492850.0,492593.0,50.0,-1.0314153105295354
9858.0,492900.0,492643.0,50.0,-1.950836199081044
9859.0,492950.0,492693.0,50.0,-0.9787395048980785
9860.0,493000.0,492743.0,50.0,-1.4507028731050071
9861.0,493050.0,492793.0,50.0,-0.6386923667818003
9862.0,493100.0,492843.0,50.0,-1.2306579638681325
9863.0,493150.0,492893.0,50.0,-0.8934743164828416
9864.0,493200.0,492943.0,50.0,-1.8700188910397515
9865.0,493250.0,492993.0,50.0,-1.3322407146174955
9866.0,493300.0,493043.0,50.0,-0.9262440033928341
9867.0,493350.0,493093.0,50.0,-1.8130090111796577
9868.0,493400.0,493143.0,50.0,-1.9341570280127507
9869.0,493450.0,493193.0,50.0,-1.2657162228877041
9870.0,493500.0,493243.0,50.0,-1.1390440005151554
9871.0,493550.0,493293.0,50.0,-4.462161265672683
9872.0,493600.0,493343.0,50.0,-0.7129230604499248
9873.0,493650.0,493393.0,50.0,-0.7684661349011443
9874.0,493700.0,493443.0,50.0,-1.1545395831652214
9875.0,493750.0,493493.0,50.0,-1.6617885208927703
9876.0,493800.0,493543.0,50.0,-0.9723639470659513
9877.0,493850.0,493593.0,50.0,-0.9266916272534091
9878.0,493900.0,493643.0,50.0,-0.9088419454039265
9879.0,493950.0,493693.0,50.0,-1.0071883673629307
9880.0,494000.0,493743.0,50.0,-1.3270603191308852
9881.0,494050.0,493793.0,50.0,-1.3669840337055057
9882.0,494100.0,493843.0,50.0,-1.019786496932053
9883.0,494150.0,493893.0,50.0,-0.7550653667164146
9884.0,494200.0,493943.0,50.0,-1.2913437400114027
9885.0,494250.0,493993.0,50.0,-0.8765332305146643
9886.0,494300.0,494043.0,50.0,-1.6978401917613624
9887.0,494350.0,494093.0,50.0,-0.6368253197294522
9888.0,494400.0,494143.0,50.0,-1.108601428760421
9889.0,494450.0,494193.0,50.0,-0.8146682760859544
9890.0,494500.0,494243.0,50.0,-0.7509760777749693
9891.0,494550.0,494293.0,50.0,-1.2915405093208792
9892.0,494600.0,494343.0,50.0,-2.1657342451640083
9893.0,494650.0,494393.0,50.0,-0.8161909096331024
9894.0,494700.0,494443.0,50.0,-0.6422256725791197
9895.0,494750.0,494493.0,50.0,-0.8652614785329993
9896.0,494800.0,494543.0,50.0,-1.064409015694588
9897.0,494850.0,494593.0,50.0,-2.040163707911813
9898.0,494900.0,494643.0,50.0,-1.3779996978853457
9899.0,494950.0,494693.0,50.0,-0.6539946502537505
9900.0,495000.0,494743.0,50.0,-0.6371804298420547
9901.0,495050.0,494793.0,50.0,-0.8203966836996334
9902.0,495100.0,494843.0,50.0,-0.9648540119521701
9903.0,495150.0,494893.0,50.0,-0.6382536699317503
9904.0,495200.0,494943.0,50.0,-1.6830768552129058
9905.0,495250.0,494993.0,50.0,-0.9194448104184757
9906.0,495300.0,495043.0,50.0,-1.8059614144481144
9907.0,495350.0,495093.0,50.0,-0.8690257240293968
9908.0,495400.0,495143.0,50.0,-0.5828071045432771
9909.0,495450.0,495193.0,50.0,-1.5166875082049345
9910.0,495500.0,495243.0,50.0,-0.9639633073864133
9911.0,495550.0,495293.0,50.0,-0.5766928337613613
9912.0,495600.0,495343.0,50.0,-0.8505928871764815
9913.0,495650.0,495393.0,50.0,-1.101920077506486
9914.0,495700.0,495443.0,50.0,-2.778356995405282
9915.0,495750.0,495493.0,50.0,-0.6465621943969796
9916.0,495800.0,495543.0,50.0,-1.0663285735196357
9917.0,495850.0,495593.0,50.0,-2.4019615365306533
9918.0,495900.0,495643.0,50.0,-1.0954718264781236
9919.0,495950.0,495693.0,50.0,-0.6001460761953402
9920.0,496000.0,495743.0,50.0,-2.0526413230081455
9921.0,496050.0,495793.0,50.0,-1.4764659731479772
9922.0,496100.0,495843.0,50.0,-0.644344074835638
9923.0,496150.0,495893.0,50.0,-1.2704539437340874
9924.0,496200.0,495943.0,50.0,-0.7044799896209568
9925.0,496250.0,495993.0,50.0,-1.8155927094832194
9926.0,496300.0,496043.0,50.0,-1.2558046034674535
9927.0,496350.0,496093.0,50.0,-1.3024171662167023
9928.0,496400.0,496143.0,50.0,-1.9231335011366388
9929.0,496450.0,496193.0,50.0,-0.699368075510704
9930.0,496500.0,496243.0,50.0,-2.5315588757765113
9931.0,496550.0,496293.0,50.0,-1.3133906852209998
9932.0,496600.0,496343.0,50.0,-0.6824310809196071
9933.0,496650.0,496393.0,50.0,-0.7668720956246081
9934.0,496700.0,496443.0,50.0,-0.7585010054392632
9935.0,496750.0,496493.0,50.0,-1.3792175833333626
9936.0,496800.0,496543.0,50.0,-1.0510258217973072
9937.0,496850.0,496593.0,50.0,-1.0338205150080075
9938.0,496900.0,496643.0,50.0,-1.2179286884480507
9939.0,496950.0,496693.0,50.0,-0.5563854952838789
9940.0,497000.0,496743.0,50.0,-0.7932089762795561
9941.0,497050.0,496793.0,50.0,-1.5185851134003754
9942.0,497100.0,496843.0,50.0,-0.7672357066028085
9943.0,497150.0,496893.0,50.0,-1.7378158833445194
9944.0,497200.0,496943.0,50.0,-1.190048279947791
9945.0,497250.0,496993.0,50.0,-1.2387287573535544
9946.0,497300.0,497043.0,50.0,-1.302819111939299
9947.0,497350.0,497093.0,50.0,-0.677237365404988
9948.0,497400.0,497143.0,50.0,-2.0515802019101996
9949.0,497450.0,497193.0,50.0,-1.1373099734650793
9950.0,497500.0,497243.0,50.0,-1.0555495722629988
9951.0,497550.0,497293.0,50.0,-1.1189939444935961
9952.0,497600.0,497343.0,50.0,-2.075301062473974
9953.0,497650.0,497393.0,50.0,-0.8634003210840097
9954.0,497700.0,497443.0,50.0,-0.9313779253582835
9955.0,497750.0,497493.0,50.0,-1.1549725032226266
9956.0,497800.0,497543.0,50.0,-1.5879164142120195
9957.0,497850.0,497593.0,50.0,-0.8490986544052417
9958.0,497900.0,497643.0,50.0,-0.9804411055928365
9959.0,497950.0,497693.0,50.0,-0.8313091244440199
9960.0,498000.0,497743.0,50.0,-1.3984389680460274
9961.0,498050.0,497793.0,50.0,-1.2159433451303994
9962.0,498100.0,497843.0,50.0,-1.6703701675273757
9963.0,498150.0,497893.0,50.0,-0.9113606708345416
9964.0,498200.0,497943.0,50.0,-0.7191605798116668
9965.0,498250.0,497993.0,50.0,-1.4928029820634987
9966.0,498300.0,498043.0,50.0,-1.1519699983914895
9967.0,498350.0,498093.0,50.0,-0.7226598875071358
9968.0,498400.0,498143.0,50.0,-0.9383680019124871
9969.0,498450.0,498193.0,50.0,-0.8005458856898793
9970.0,498500.0,498243.0,50.0,-1.137228639200952
9971.0,498550.0,498293.0,50.0,-0.8575193835837466
9972.0,498600.0,498343.0,50.0,-1.9517917154046203
9973.0,498650.0,498393.0,50.0,-0.5954840937945812
9974.0,498700.0,498443.0,50.0,-0.8342880470145206
9975.0,498750.0,498493.0,50.0,-1.1368103536986012
9976.0,498800.0,498543.0,50.0,-0.7034728425206532
9977.0,498850.0,498593.0,50.0,-0.9204337301934976
9978.0,498900.0,498643.0,50.0,-1.0930405113240853
9979.0,498950.0,498693.0,50.0,-1.0131625702310105
9980.0,499000.0,498743.0,50.0,-0.8250495330272818
9981.0,499050.0,498793.0,50.0,-1.4926599894976598
9982.0,499100.0,498843.0,50.0,-1.5897507568518217
9983.0,499150.0,498893.0,50.0,-0.9758885255106536
9984.0,499200.0,498943.0,50.0,-1.0483266839573682
9985.0,499250.0,498993.0,50.0,-1.760922414033361
9986.0,499300.0,499043.0,50.0,-2.7766164036353165
9987.0,499350.0,499093.0,50.0,-1.1909671914779083
9988.0,499400.0,499143.0,50.0,-1.2785768249775868
9989.0,499450.0,499193.0,50.0,-0.7113207088689275
9990.0,499500.0,499243.0,50.0,-1.4401273145991356
9991.0,499550.0,499293.0,50.0,-0.889560425743595
9992.0,499600.0,499343.0,50.0,-0.6948577547977607
9993.0,499650.0,499393.0,50.0,-0.906384356738344
9994.0,499700.0,499443.0,50.0,-1.540634135229023
9995.0,499750.0,499493.0,50.0,-1.2328906813821399
9996.0,499800.0,499543.0,50.0,-0.3904985916182259
9997.0,499850.0,499593.0,50.0,-1.6493604558250337
9998.0,499900.0,499643.0,50.0,-1.7741756213907836
9999.0,499950.0,499693.0,50.0,-1.2908838898619508
10000.0,500000.0,499743.0,50.0,-1.1954856551545532
10001.0,500050.0,499793.0,50.0,-1.323182630195728
10002.0,500100.0,499843.0,50.0,-0.773101481812801
10003.0,500150.0,499893.0,50.0,-0.9362613524987341
10004.0,500200.0,499943.0,50.0,-1.2406783029713888
10005.0,500250.0,499993.0,50.0,-1.0189858930756452
10006.0,500300.0,500043.0,50.0,-0.8677178564189657
10007.0,500350.0,500093.0,50.0,-2.0840717352885
10008.0,500400.0,500143.0,50.0,-1.8469188266209926
10009.0,500450.0,500193.0,50.0,-0.6942163402038602
10010.0,500500.0,500243.0,50.0,-0.9299745726244263
10011.0,500550.0,500293.0,50.0,-1.7670331309498442
10012.0,500600.0,500343.0,50.0,-1.2548922332039567
10013.0,500650.0,500393.0,50.0,-1.344701641316287
10014.0,500700.0,500443.0,50.0,-0.8757913925562868
10015.0,500750.0,500493.0,50.0,-0.6051278082385592
10016.0,500800.0,500543.0,50.0,-1.6552176555545584
10017.0,500850.0,500593.0,50.0,-1.0507776240291244
10018.0,500900.0,500643.0,50.0,-0.9957330018853089
10019.0,500950.0,500693.0,50.0,-0.8548506327485127
10020.0,501000.0,500743.0,50.0,-0.7658943565019259
10021.0,501050.0,500793.0,50.0,-1.449553853543756
10022.0,501100.0,500843.0,50.0,-1.4272805001391775
10023.0,501150.0,500893.0,50.0,-0.7833730986158777
10024.0,501200.0,500943.0,50.0,-0.593129339609569
10025.0,501250.0,500993.0,50.0,-1.1179641161384692
10026.0,501300.0,501043.0,50.0,-1.2737095214566194
10027.0,501350.0,501093.0,50.0,-0.9599849187619853
10028.0,501400.0,501143.0,50.0,-1.5199673395322486
10029.0,501450.0,501193.0,50.0,-0.8855165556009534
10030.0,501500.0,501243.0,50.0,-1.587882426274832
10031.0,501550.0,501293.0,50.0,-1.237045975972701
10032.0,501600.0,501343.0,50.0,-0.7483054986127662
10033.0,501650.0,501393.0,50.0,-0.8319288759441791
10034.0,501700.0,501443.0,50.0,-0.9327162306606165
10035.0,501750.0,501493.0,50.0,-1.4909095828888925
10036.0,501800.0,501543.0,50.0,-0.609322098533882
10037.0,501850.0,501593.0,50.0,-1.4659657589360864
10038.0,501900.0,501643.0,50.0,-1.9077553480606977
10039.0,501950.0,501693.0,50.0,-1.6115918736272654
10040.0,502000.0,501743.0,50.0,-1.0721273294891012
10041.0,502050.0,501793.0,50.0,-1.5667099692079627
10042.0,502100.0,501843.0,50.0,-1.341444974768211
10043.0,502150.0,501893.0,50.0,-0.7473940207986883
10044.0,502200.0,501943.0,50.0,-0.8809702735092523
10045.0,502250.0,501993.0,50.0,-1.2186453811047175
10046.0,502300.0,502043.0,50.0,-0.9175167834751629
10047.0,502350.0,502093.0,50.0,-0.7290934421908618
10048.0,502400.0,502143.0,50.0,-1.8650710078649904
10049.0,502450.0,502193.0,50.0,-0.9366970280410153
10050.0,502500.0,502243.0,50.0,-2.378979340342297
10051.0,502550.0,502293.0,50.0,-1.5023688931336951
10052.0,502600.0,502343.0,50.0,-1.263335371647081
10053.0,502650.0,502393.0,50.0,-0.8748278498969556
10054.0,502700.0,502443.0,50.0,-2.2509827916291694
10055.0,502750.0,502493.0,50.0,-1.6632999798813781
10056.0,502800.0,502543.0,50.0,-0.7498886537029007
10057.0,502850.0,502593.0,50.0,-1.5555622282128305
10058.0,502900.0,502643.0,50.0,-1.514933874128018
10059.0,502950.0,502693.0,50.0,-1.333596992072724
10060.0,503000.0,502743.0,50.0,-0.956676369684269
10061.0,503050.0,502793.0,50.0,-1.0659100251880345
10062.0,503100.0,502843.0,50.0,-0.8855034041884567
10063.0,503150.0,502893.0,50.0,-1.7024695304953754
10064.0,503200.0,502943.0,50.0,-0.9691377032888331
10065.0,503250.0,502993.0,50.0,-0.8875814649550233
10066.0,503300.0,503043.0,50.0,-1.435608640277471
10067.0,503350.0,503093.0,50.0,-0.8610510572120238
10068.0,503400.0,503143.0,50.0,-1.4065927080788012
10069.0,503450.0,503193.0,50.0,-1.221081110969428
10070.0,503500.0,503243.0,50.0,-1.5013826313288594
10071.0,503550.0,503293.0,50.0,-1.4264152422628151
10072.0,503600.0,503343.0,50.0,-2.1343700641370913
10073.0,503650.0,503393.0,50.0,-0.958882462883174
10074.0,503700.0,503443.0,50.0,-1.5845506380782934
10075.0,503750.0,503493.0,50.0,-0.9395593065792263
10076.0,503800.0,503543.0,50.0,-0.8969961944492096
10077.0,503850.0,503593.0,50.0,-0.5134679842485359
10078.0,503900.0,503643.0,50.0,-1.0611064585575956
10079.0,503950.0,503693.0,50.0,-1.5930643859295714
10080.0,504000.0,503743.0,50.0,-0.750817643116004
10081.0,504050.0,503793.0,50.0,-1.8908788131541339
10082.0,504100.0,503843.0,50.0,-1.0376530188471413
10083.0,504150.0,503893.0,50.0,-0.8240036561359911
10084.0,504200.0,503943.0,50.0,-0.6455285101754471
10085.0,504250.0,503993.0,50.0,-0.7163109485056188
10086.0,504300.0,504043.0,50.0,-0.9397372990738422
10087.0,504350.0,504093.0,50.0,-0.7665704295281146
10088.0,504400.0,504143.0,50.0,-0.8360691282605772
10089.0,504450.0,504193.0,50.0,-0.894361644006118
10090.0,504500.0,504243.0,50.0,-1.3761731769758039
10091.0,504550.0,504293.0,50.0,-1.06022071312571
10092.0,504600.0,504343.0,50.0,-1.72763626357245
10093.0,504650.0,504393.0,50.0,-0.8689635293148018
10094.0,504700.0,504443.0,50.0,-0.992592060863827
10095.0,504750.0,504493.0,50.0,-1.100196235090192
10096.0,504800.0,504543.0,50.0,-1.1549449400604859
10097.0,504850.0,504593.0,50.0,-1.258343291474842
10098.0,504900.0,504643.0,50.0,-1.386913960377208
10099.0,504950.0,504693.0,50.0,-1.919613288289347
10100.0,505000.0,504743.0,50.0,-0.8305145862314107
10101.0,505050.0,504793.0,50.0,-0.7662570707197306
10102.0,505100.0,504843.0,50.0,-1.3978288562504286
10103.0,505150.0,504893.0,50.0,-1.7353823777024806
10104.0,505200.0,504943.0,50.0,-1.1585993363061287
10105.0,505250.0,504993.0,50.0,-0.7336577811149338
10106.0,505300.0,505043.0,50.0,-1.0064872205093172
10107.0,505350.0,505093.0,50.0,-1.1226517771624316
10108.0,505400.0,505143.0,50.0,-0.7532904306111615
10109.0,505450.0,505193.0,50.0,-0.7151052618861629
10110.0,505500.0,505243.0,50.0,-1.208603702742312
10111.0,505550.0,505293.0,50.0,-0.5624598491004404
10112.0,505600.0,505343.0,50.0,-1.372835481469772
10113.0,505650.0,505393.0,50.0,-1.7554845948985014
10114.0,505700.0,505443.0,50.0,-1.887209055243396
10115.0,505750.0,505493.0,50.0,-1.9218002873669815
10116.0,505800.0,505543.0,50.0,-2.1536057462741813
10117.0,505850.0,505593.0,50.0,-1.0942947602113957
10118.0,505900.0,505643.0,50.0,-1.0125246571688684
10119.0,505950.0,505693.0,50.0,-1.321567183570898
10120.0,506000.0,505743.0,50.0,-1.1741921308956074
10121.0,506050.0,505793.0,50.0,-1.1767514209457084
10122.0,506100.0,505843.0,50.0,-1.0087489993313794
10123.0,506150.0,505893.0,50.0,-2.0260430337681923
10124.0,506200.0,505943.0,50.0,-1.1951535491608287
10125.0,506250.0,505993.0,50.0,-0.9970032915836556
10126.0,506300.0,506043.0,50.0,-1.1045205023855658
10127.0,506350.0,506093.0,50.0,-1.6151915198234934
10128.0,506400.0,506143.0,50.0,-1.154041575670219
10129.0,506450.0,506193.0,50.0,-0.8779234590955783
10130.0,506500.0,506243.0,50.0,-0.9065347500111872
10131.0,506550.0,506293.0,50.0,-1.1706197124156776
10132.0,506600.0,506343.0,50.0,-1.4510300366869955
10133.0,506650.0,506393.0,50.0,-1.4335360801414632
10134.0,506700.0,506443.0,50.0,-0.6654536912963104
10135.0,506750.0,506493.0,50.0,-1.1381163732347248
10136.0,506800.0,506543.0,50.0,-0.8640555493619436
10137.0,506850.0,506593.0,50.0,-0.9071667261455286
10138.0,506900.0,506643.0,50.0,-1.5101647249140462
10139.0,506950.0,506693.0,50.0,-1.611569668604741
10140.0,507000.0,506743.0,50.0,-0.7183830467886005
10141.0,507050.0,506793.0,50.0,-0.6688875943052949
10142.0,507100.0,506843.0,50.0,-1.2366144416701113
10143.0,507150.0,506893.0,50.0,-1.0916170171316277
10144.0,507200.0,506943.0,50.0,-1.9385396938309394
10145.0,507250.0,506993.0,50.0,-1.2542102354064002
10146.0,507300.0,507043.0,50.0,-0.8523944371575549
10147.0,507350.0,507093.0,50.0,-1.1881203018655888
10148.0,507400.0,507143.0,50.0,-1.0239501229395687
10149.0,507450.0,507193.0,50.0,-1.092952485954479
10150.0,507500.0,507243.0,50.0,-0.6810025610640159
10151.0,507550.0,507293.0,50.0,-1.3678108244931149
10152.0,507600.0,507343.0,50.0,-0.6726798664713716
10153.0,507650.0,507393.0,50.0,-0.7929327912562109
10154.0,507700.0,507443.0,50.0,-0.9914354656922472
10155.0,507750.0,507493.0,50.0,-1.0075272806587539
10156.0,507800.0,507543.0,50.0,-2.0097284037091145
10157.0,507850.0,507593.0,50.0,-1.3196876459689308
10158.0,507900.0,507643.0,50.0,-0.6732496635838726
10159.0,507950.0,507693.0,50.0,-1.2384940304703735
10160.0,508000.0,507743.0,50.0,-1.9402040923239907
10161.0,508050.0,507793.0,50.0,-1.0949143634964082
10162.0,508100.0,507843.0,50.0,-0.8007524419870078
10163.0,508150.0,507893.0,50.0,-1.317350211164876
10164.0,508200.0,507943.0,50.0,-1.759129716464584
10165.0,508250.0,507993.0,50.0,-1.310093773331072
10166.0,508300.0,508043.0,50.0,-0.6791069501444394
10167.0,508350.0,508093.0,50.0,-0.9201777833594419
10168.0,508400.0,508143.0,50.0,-1.2771714060634607
10169.0,508450.0,508193.0,50.0,-0.5510977736654223
10170.0,508500.0,508243.0,50.0,-1.6343627221531563
10171.0,508550.0,508293.0,50.0,-1.5042358581484512
10172.0,508600.0,508343.0,50.0,-0.9315548316633064
10173.0,508650.0,508393.0,50.0,-1.842941848027122
10174.0,508700.0,508443.0,50.0,-1.2788324575378136
10175.0,508750.0,508493.0,50.0,-0.9880249115526166
10176.0,508800.0,508543.0,50.0,-1.934700377100002
10177.0,508850.0,508593.0,50.0,-1.0214466681705172
10178.0,508900.0,508643.0,50.0,-0.9403184565409786
10179.0,508950.0,508693.0,50.0,-1.7412829088671895
10180.0,509000.0,508743.0,50.0,-1.0975512626086077
10181.0,509050.0,508793.0,50.0,-2.3608915445085743
10182.0,509100.0,508843.0,50.0,-1.213264699166829
10183.0,509150.0,508893.0,50.0,-1.1250019124266752
10184.0,509200.0,508943.0,50.0,-1.2488534754660394
10185.0,509250.0,508993.0,50.0,-1.0970386473714362
10186.0,509300.0,509043.0,50.0,-0.9658210270888407
10187.0,509350.0,509093.0,50.0,-1.0705615226030347
10188.0,509400.0,509143.0,50.0,-1.5613668578018995
10189.0,509450.0,509193.0,50.0,-0.7591215305717016
10190.0,509500.0,509243.0,50.0,-0.9992702656885287
10191.0,509550.0,509293.0,50.0,-1.151814381048416
10192.0,509600.0,509343.0,50.0,-0.6969520762768254
10193.0,509650.0,509393.0,50.0,-1.6708091716604196
10194.0,509700.0,509443.0,50.0,-0.6230593042168207
10195.0,509750.0,509493.0,50.0,-1.2930436130925
10196.0,509800.0,509543.0,50.0,-1.912560056617252
10197.0,509850.0,509593.0,50.0,-0.7815166775089312
10198.0,509900.0,509643.0,50.0,-1.0374311026681076
10199.0,509950.0,509693.0,50.0,-1.115822161305051
10200.0,510000.0,509743.0,50.0,-0.9214961322045088
10201.0,510050.0,509793.0,50.0,-1.948635898538886
10202.0,510100.0,509843.0,50.0,-0.8922229392218078
10203.0,510150.0,509893.0,50.0,-1.489135606947729
10204.0,510200.0,509943.0,50.0,-1.526150126478179
10205.0,510250.0,509993.0,50.0,-0.6708227358056592
10206.0,510300.0,510043.0,50.0,-1.5343229604491293
10207.0,510350.0,510093.0,50.0,-1.559172153452669
10208.0,510400.0,510143.0,50.0,-0.7937911932142737
10209.0,510450.0,510193.0,50.0,-0.996353094945402
10210.0,510500.0,510243.0,50.0,-0.7712893346873758
10211.0,510550.0,510293.0,50.0,-1.1395256673577807
10212.0,510600.0,510343.0,50.0,-1.3889995667844648
10213.0,510650.0,510393.0,50.0,-1.7634407525640876
10214.0,510700.0,510443.0,50.0,-1.1111189938005528
10215.0,510750.0,510493.0,50.0,-0.9700339895171954
10216.0,510800.0,510543.0,50.0,-1.4963430578238754
10217.0,510850.0,510593.0,50.0,-1.668827764404063
10218.0,510900.0,510643.0,50.0,-1.406535650825611
10219.0,510950.0,510693.0,50.0,-1.215842758700739
10220.0,511000.0,510743.0,50.0,-1.5255177931156596
10221.0,511050.0,510793.0,50.0,-1.393582084940134
10222.0,511100.0,510843.0,50.0,-1.1275071917907042
10223.0,511150.0,510893.0,50.0,-1.2370895040336158
10224.0,511200.0,510943.0,50.0,-1.6466455438676204
10225.0,511250.0,510993.0,50.0,-2.1666447486071605
10226.0,511300.0,511043.0,50.0,-0.9223678082559975
10227.0,511350.0,511093.0,50.0,-1.2011862248081395
10228.0,511400.0,511143.0,50.0,-0.9524331837835495
10229.0,511450.0,511193.0,50.0,-1.0391105885941894
10230.0,511500.0,511243.0,50.0,-0.9589322516774582
10231.0,511550.0,511293.0,50.0,-2.0712325858085725
10232.0,511600.0,511343.0,50.0,-1.1937545696445273
10233.0,511650.0,511393.0,50.0,-1.5132187705489102
10234.0,511700.0,511443.0,50.0,-2.002035327402422
10235.0,511750.0,511493.0,50.0,-0.9374417340496418
10236.0,511800.0,511543.0,50.0,-0.6024201399161379
10237.0,511850.0,511593.0,50.0,-1.4452247115963464
10238.0,511900.0,511643.0,50.0,-1.2580713994065935
10239.0,511950.0,511693.0,50.0,-2.1358601884778974
10240.0,512000.0,511743.0,50.0,-2.142742518848674
10241.0,512050.0,511793.0,50.0,-1.348514010947914
10242.0,512100.0,511843.0,50.0,-1.308032218244506
10243.0,512150.0,511893.0,50.0,-1.1338960880971163
10244.0,512200.0,511943.0,50.0,-0.9614356655251407
10245.0,512250.0,511993.0,50.0,-1.0640524087550929
10246.0,512300.0,512043.0,50.0,-0.9620473993858307
10247.0,512350.0,512093.0,50.0,-0.8699003980435713
10248.0,512400.0,512143.0,50.0,-0.8315464583670791
10249.0,512450.0,512193.0,50.0,-0.6579327049260055
10250.0,512500.0,512243.0,50.0,-0.6377663097105195
10251.0,512550.0,512293.0,50.0,-0.8219642486114758
10252.0,512600.0,512343.0,50.0,-1.3496272738837312
10253.0,512650.0,512393.0,50.0,-0.831000094295163
10254.0,512700.0,512443.0,50.0,-1.3808307047763804
10255.0,512750.0,512493.0,50.0,-1.1754142643134444
10256.0,512800.0,512543.0,50.0,-0.8200507249720206
10257.0,512850.0,512593.0,50.0,-1.4573663410765785
10258.0,512900.0,512643.0,50.0,-0.9761245740650526
10259.0,512950.0,512693.0,50.0,-0.7016797977484571
10260.0,513000.0,512743.0,50.0,-1.5889000583312012
10261.0,513050.0,512793.0,50.0,-1.4640014655781182
10262.0,513100.0,512843.0,50.0,-0.9312578846084012
10263.0,513150.0,512893.0,50.0,-2.846826879141716
10264.0,513200.0,512943.0,50.0,-0.5996778488418854
10265.0,513250.0,512993.0,50.0,-0.7769631890485521
10266.0,513300.0,513043.0,50.0,-0.5278394739956042
10267.0,513350.0,513093.0,50.0,-1.0172045441575617
10268.0,513400.0,513143.0,50.0,-1.1503457953711167
10269.0,513450.0,513193.0,50.0,-1.0970605558047535
10270.0,513500.0,513243.0,50.0,-0.8994503068908128
10271.0,513550.0,513293.0,50.0,-1.11754298722527
10272.0,513600.0,513343.0,50.0,-1.0229187354589648
10273.0,513650.0,513393.0,50.0,-0.9277026149398738
10274.0,513700.0,513443.0,50.0,-0.7599824779837471
10275.0,513750.0,513493.0,50.0,-1.455582895321077
10276.0,513800.0,513543.0,50.0,-1.0909902695345355
10277.0,513850.0,513593.0,50.0,-0.9435656496505799
10278.0,513900.0,513643.0,50.0,-1.5003069379793819
10279.0,513950.0,513693.0,50.0,-1.9652899043071494
10280.0,514000.0,513743.0,50.0,-1.266894672938233
10281.0,514050.0,513793.0,50.0,-1.3168652085659234
10282.0,514100.0,513843.0,50.0,-0.9770122457219585
10283.0,514150.0,513893.0,50.0,-0.9804408623144849
10284.0,514200.0,513943.0,50.0,-1.1576372378122344
10285.0,514250.0,513993.0,50.0,-1.625748120308341
10286.0,514300.0,514043.0,50.0,-1.1611654222396919
10287.0,514350.0,514093.0,50.0,-1.9668634653731936
10288.0,514400.0,514143.0,50.0,-1.0878474727194463
10289.0,514450.0,514193.0,50.0,-1.1341996139085413
10290.0,514500.0,514243.0,50.0,-0.818558363345988
10291.0,514550.0,514293.0,50.0,-0.7790839326693476
10292.0,514600.0,514343.0,50.0,-0.9123182132460321
10293.0,514650.0,514393.0,50.0,-1.192302227467387
10294.0,514700.0,514443.0,50.0,-1.2908909392079275
10295.0,514750.0,514493.0,50.0,-0.9472337958459481
10296.0,514800.0,514543.0,50.0,-0.8810120053371974
10297.0,514850.0,514593.0,50.0,-1.2888914240731204
10298.0,514900.0,514643.0,50.0,-1.4146588008778698
10299.0,514950.0,514693.0,50.0,-1.1560142360763632
10300.0,515000.0,514743.0,50.0,-0.6875875615379229
10301.0,515050.0,514793.0,50.0,-0.648613609035201
10302.0,515100.0,514843.0,50.0,-0.965850104846753
10303.0,515150.0,514893.0,50.0,-0.6255440426680821
10304.0,515200.0,514943.0,50.0,-0.6786228241977376
10305.0,515250.0,514993.0,50.0,-1.0417792964095207
10306.0,515300.0,515043.0,50.0,-2.020891453667241
10307.0,515350.0,515093.0,50.0,-1.4139254673824986
10308.0,515400.0,515143.0,50.0,-1.7700280227668355
10309.0,515450.0,515193.0,50.0,-0.772360420057559
10310.0,515500.0,515243.0,50.0,-0.9033671048418553
10311.0,515550.0,515293.0,50.0,-1.0038070288853012
10312.0,515600.0,515343.0,50.0,-2.116462840515514
10313.0,515650.0,515393.0,50.0,-0.8073035333212641
10314.0,515700.0,515443.0,50.0,-1.6459569799307738
10315.0,515750.0,515493.0,50.0,-1.1937493425765164
10316.0,515800.0,515543.0,50.0,-0.5165848974552129
10317.0,515850.0,515593.0,50.0,-0.46340605322743883
10318.0,515900.0,515643.0,50.0,-1.66355568815162
10319.0,515950.0,515693.0,50.0,-0.8304219119200138
10320.0,516000.0,515743.0,50.0,-0.7731685767564634
10321.0,516050.0,515793.0,50.0,-1.8158835293886983
10322.0,516100.0,515843.0,50.0,-1.454663850198882
10323.0,516150.0,515893.0,50.0,-0.9477268126592672
10324.0,516200.0,515943.0,50.0,-0.6569354192612871
10325.0,516250.0,515993.0,50.0,-1.0126856088546625
10326.0,516300.0,516043.0,50.0,-1.4220024480694022
10327.0,516350.0,516093.0,50.0,-0.6956375639293305
10328.0,516400.0,516143.0,50.0,-1.3141224669842928
10329.0,516450.0,516193.0,50.0,-1.398025274875391
10330.0,516500.0,516243.0,50.0,-1.1307482478552688
10331.0,516550.0,516293.0,50.0,-1.7852309261301746
10332.0,516600.0,516343.0,50.0,-1.0732330527885887
10333.0,516650.0,516393.0,50.0,-0.899772245290593
10334.0,516700.0,516443.0,50.0,-1.9559205383326377
10335.0,516750.0,516493.0,50.0,-0.6998932940319292
10336.0,516800.0,516543.0,50.0,-0.9079785121478869
10337.0,516850.0,516593.0,50.0,-1.3438384959943288
10338.0,516900.0,516643.0,50.0,-1.1432902066009971
10339.0,516950.0,516693.0,50.0,-1.0770571023356468
10340.0,517000.0,516743.0,50.0,-1.0135524422921203
10341.0,517050.0,516793.0,50.0,-1.835482775238908
10342.0,517100.0,516843.0,50.0,-1.08297591856703
10343.0,517150.0,516893.0,50.0,-0.8755943580056383
10344.0,517200.0,516943.0,50.0,-1.0639380146653117
10345.0,517250.0,516993.0,50.0,-0.7731966591769229
10346.0,517300.0,517043.0,50.0,-2.180792884003747
10347.0,517350.0,517093.0,50.0,-1.4159292718515661
10348.0,517400.0,517143.0,50.0,-1.2029077570873892
10349.0,517450.0,517193.0,50.0,-1.9732768176206095
10350.0,517500.0,517243.0,50.0,-0.8668071145909151
10351.0,517550.0,517293.0,50.0,-1.1484508250787435
10352.0,517600.0,517343.0,50.0,-1.0895157039541525
10353.0,517650.0,517393.0,50.0,-2.015744537872249
10354.0,517700.0,517443.0,50.0,-0.781005061899417
10355.0,517750.0,517493.0,50.0,-0.8770555204918707
10356.0,517800.0,517543.0,50.0,-0.8969166636563206
10357.0,517850.0,517593.0,50.0,-0.7461870024197895
10358.0,517900.0,517643.0,50.0,-1.2009713667569808
10359.0,517950.0,517693.0,50.0,-1.6475757059545217
10360.0,518000.0,517743.0,50.0,-1.4415799375103677
10361.0,518050.0,517793.0,50.0,-2.3038570884648797
10362.0,518100.0,517843.0,50.0,-1.3478263486788082
10363.0,518150.0,517893.0,50.0,-1.0799275646211062
10364.0,518200.0,517943.0,50.0,-0.8341394968234472
10365.0,518250.0,517993.0,50.0,-0.9254649142830481
10366.0,518300.0,518043.0,50.0,-0.6683389787072279
10367.0,518350.0,518093.0,50.0,-0.6040878539680392
10368.0,518400.0,518143.0,50.0,-1.594812366859897
10369.0,518450.0,518193.0,50.0,-1.5939786985683206
10370.0,518500.0,518243.0,50.0,-0.6671172142398959
10371.0,518550.0,518293.0,50.0,-0.7167159673954491
10372.0,518600.0,518343.0,50.0,-1.0582002026390553
10373.0,518650.0,518393.0,50.0,-0.805436645274402
10374.0,518700.0,518443.0,50.0,-1.396009403176596
10375.0,518750.0,518493.0,50.0,-1.8460970795176463
10376.0,518800.0,518543.0,50.0,-0.9520446992913708
10377.0,518850.0,518593.0,50.0,-0.9511049644554229
10378.0,518900.0,518643.0,50.0,-0.7982603448861485
10379.0,518950.0,518693.0,50.0,-0.9839604128658381
10380.0,519000.0,518743.0,50.0,-0.8246315178733001
10381.0,519050.0,518793.0,50.0,-0.7574213378713055
10382.0,519100.0,518843.0,50.0,-1.2436503596306683
10383.0,519150.0,518893.0,50.0,-1.2946200847655458
10384.0,519200.0,518943.0,50.0,-0.9556568553040803
10385.0,519250.0,518993.0,50.0,-1.0069875141736906
10386.0,519300.0,519043.0,50.0,-0.901844772878387
10387.0,519350.0,519093.0,50.0,-1.1998661066347915
10388.0,519400.0,519143.0,50.0,-1.144038169509376
10389.0,519450.0,519193.0,50.0,-0.8032858041122197
10390.0,519500.0,519243.0,50.0,-0.575421112656876
10391.0,519550.0,519293.0,50.0,-1.5535976372141937
10392.0,519600.0,519343.0,50.0,-1.5039643775251914
10393.0,519650.0,519393.0,50.0,-2.4810263010406626
10394.0,519700.0,519443.0,50.0,-0.9441315058812361
10395.0,519750.0,519493.0,50.0,-1.1332340315031877
10396.0,519800.0,519543.0,50.0,-1.167950882135329
10397.0,519850.0,519593.0,50.0,-0.8550885925520741
10398.0,519900.0,519643.0,50.0,-1.099260599302611
10399.0,519950.0,519693.0,50.0,-1.0443490035147425
10400.0,520000.0,519743.0,50.0,-0.8262002918075153
10401.0,520050.0,519793.0,50.0,-1.1791725246435767
10402.0,520100.0,519843.0,50.0,-1.4018731671201363
10403.0,520150.0,519893.0,50.0,-1.5001383283546867
10404.0,520200.0,519943.0,50.0,-1.6800174983947087
10405.0,520250.0,519993.0,50.0,-1.0566561361138687
10406.0,520300.0,520043.0,50.0,-1.7425533043751138
10407.0,520350.0,520093.0,50.0,-0.6446019143418681
10408.0,520400.0,520143.0,50.0,-1.2292108791892826
10409.0,520450.0,520193.0,50.0,-0.8821374392782704
10410.0,520500.0,520243.0,50.0,-0.8241178647006983
10411.0,520550.0,520293.0,50.0,-1.897495549408915
10412.0,520600.0,520343.0,50.0,-0.5670253787684757
10413.0,520650.0,520393.0,50.0,-1.0461037161026803
10414.0,520700.0,520443.0,50.0,-1.281772345937798
10415.0,520750.0,520493.0,50.0,-1.2110551824370883
10416.0,520800.0,520543.0,50.0,-0.8049927342520982
10417.0,520850.0,520593.0,50.0,-1.050203537808481
10418.0,520900.0,520643.0,50.0,-1.4929960710725312
10419.0,520950.0,520693.0,50.0,-0.4744875387827273
10420.0,521000.0,520743.0,50.0,-0.5318751785158815
10421.0,521050.0,520793.0,50.0,-1.1287420252183482
10422.0,521100.0,520843.0,50.0,-0.8120504480228087
10423.0,521150.0,520893.0,50.0,-1.3972115020437363
10424.0,521200.0,520943.0,50.0,-0.8802051331772226
10425.0,521250.0,520993.0,50.0,-0.769136754775921
10426.0,521300.0,521043.0,50.0,-0.9755504145522987
10427.0,521350.0,521093.0,50.0,-0.6965143988265077
10428.0,521400.0,521143.0,50.0,-0.7409563124171289
10429.0,521450.0,521193.0,50.0,-1.1093717283158402
10430.0,521500.0,521243.0,50.0,-1.4703940813015075
10431.0,521550.0,521293.0,50.0,-0.821966853591227
10432.0,521600.0,521343.0,50.0,-0.9734310286052348
10433.0,521650.0,521393.0,50.0,-0.8643982671631186
10434.0,521700.0,521443.0,50.0,-1.0465764204273424
10435.0,521750.0,521493.0,50.0,-0.620928286354366
10436.0,521800.0,521543.0,50.0,-1.5699198122454026
10437.0,521850.0,521593.0,50.0,-0.7366533220514716
10438.0,521900.0,521643.0,50.0,-0.7970951833643117
10439.0,521950.0,521693.0,50.0,-0.8789540267066381
10440.0,522000.0,521743.0,50.0,-1.5379821985427462
10441.0,522050.0,521793.0,50.0,-0.7055335670160011
10442.0,522100.0,521843.0,50.0,-0.9186684871543886
10443.0,522150.0,521893.0,50.0,-1.042813761235426
10444.0,522200.0,521943.0,50.0,-0.6092726260061924
10445.0,522250.0,521993.0,50.0,-2.8251073407659586
10446.0,522300.0,522043.0,50.0,-1.6189924950364447
10447.0,522350.0,522093.0,50.0,-1.116642567587976
10448.0,522400.0,522143.0,50.0,-2.00127796478088
10449.0,522450.0,522193.0,50.0,-0.7570254536361298
10450.0,522500.0,522243.0,50.0,-0.8971057039215588
10451.0,522550.0,522293.0,50.0,-1.6822279220808771
10452.0,522600.0,522343.0,50.0,-1.9647824867316335
10453.0,522650.0,522393.0,50.0,-1.1799106790793557
10454.0,522700.0,522443.0,50.0,-1.658178702609396
10455.0,522750.0,522493.0,50.0,-1.3190668472101346
10456.0,522800.0,522543.0,50.0,-2.3571288267458277
10457.0,522850.0,522593.0,50.0,-1.1046277548061265
10458.0,522900.0,522643.0,50.0,-0.5766646475272825
10459.0,522950.0,522693.0,50.0,-0.6333178064897176
10460.0,523000.0,522743.0,50.0,-1.0936553969134304
10461.0,523050.0,522793.0,50.0,-1.1343726888224612
10462.0,523100.0,522843.0,50.0,-0.9243183969571735
10463.0,523150.0,522893.0,50.0,-1.0404133817256578
10464.0,523200.0,522943.0,50.0,-0.7128500194870618
10465.0,523250.0,522993.0,50.0,-0.9628405491484427
10466.0,523300.0,523043.0,50.0,-0.7647593280684669
10467.0,523350.0,523093.0,50.0,-1.7850184961428106
10468.0,523400.0,523143.0,50.0,-0.9178908936545134
10469.0,523450.0,523193.0,50.0,-1.946779952473307
10470.0,523500.0,523243.0,50.0,-0.8657765972835345
10471.0,523550.0,523293.0,50.0,-1.8348316257552781
10472.0,523600.0,523343.0,50.0,-0.629067692123147
10473.0,523650.0,523393.0,50.0,-0.9551929507951041
10474.0,523700.0,523443.0,50.0,-0.7155247730356517
10475.0,523750.0,523493.0,50.0,-1.0075848634650937
10476.0,523800.0,523543.0,50.0,-1.7525876816812556
10477.0,523850.0,523593.0,50.0,-1.2068358119867748
10478.0,523900.0,523643.0,50.0,-0.7312602845990196
10479.0,523950.0,523693.0,50.0,-0.7760863384829231
10480.0,524000.0,523743.0,50.0,-1.9650255720678522
10481.0,524050.0,523793.0,50.0,-1.2322761673673328
10482.0,524100.0,523843.0,50.0,-1.6522810018780294
10483.0,524150.0,523893.0,50.0,-0.8295740732231937
10484.0,524200.0,523943.0,50.0,-0.9350796509489717
10485.0,524250.0,523993.0,50.0,-1.0700921819757157
10486.0,524300.0,524043.0,50.0,-0.5627818759881528
10487.0,524350.0,524093.0,50.0,-1.3759823538752176
10488.0,524400.0,524143.0,50.0,-0.8109921639216177
10489.0,524450.0,524193.0,50.0,-0.8210970263879575
10490.0,524500.0,524243.0,50.0,-1.3707723308819633
10491.0,524550.0,524293.0,50.0,-1.2250461388093832
10492.0,524600.0,524343.0,50.0,-1.492132961938558
10493.0,524650.0,524393.0,50.0,-0.839392137769719
10494.0,524700.0,524443.0,50.0,-1.104741122511647
10495.0,524750.0,524493.0,50.0,-1.2623218719718658
10496.0,524800.0,524543.0,50.0,-1.018539379870557
10497.0,524850.0,524593.0,50.0,-1.0322999491071632
10498.0,524900.0,524643.0,50.0,-1.9513054926524784
10499.0,524950.0,524693.0,50.0,-0.8485116054592309
10500.0,525000.0,524743.0,50.0,-1.0277702889562312
10501.0,525050.0,524793.0,50.0,-0.9271780013470966
10502.0,525100.0,524843.0,50.0,-1.946859576211939
10503.0,525150.0,524893.0,50.0,-1.2946035420586524
10504.0,525200.0,524943.0,50.0,-0.8389281861936821
10505.0,525250.0,524993.0,50.0,-1.9552418776069629
10506.0,525300.0,525043.0,50.0,-0.9080328586109325
10507.0,525350.0,525093.0,50.0,-1.114181774905162
10508.0,525400.0,525143.0,50.0,-0.9071780900136571
10509.0,525450.0,525193.0,50.0,-2.0087302155259463
10510.0,525500.0,525243.0,50.0,-1.111326494927444
10511.0,525550.0,525293.0,50.0,-0.7434865358968099
10512.0,525600.0,525343.0,50.0,-0.7703698291452716
10513.0,525650.0,525393.0,50.0,-1.8368558681762097
10514.0,525700.0,525443.0,50.0,-1.450653401746591
10515.0,525750.0,525493.0,50.0,-0.9266940932437394
10516.0,525800.0,525543.0,50.0,-1.2720910260908944
10517.0,525850.0,525593.0,50.0,-2.0804036067937033
10518.0,525900.0,525643.0,50.0,-1.4509317904679129
10519.0,525950.0,525693.0,50.0,-0.6365428222509123
10520.0,526000.0,525743.0,50.0,-1.0194641079671118
10521.0,526050.0,525793.0,50.0,-0.6273141983497708
10522.0,526100.0,525843.0,50.0,-0.578479344180703
10523.0,526150.0,525893.0,50.0,-1.3405778837290305
10524.0,526200.0,525943.0,50.0,-0.8606371197196423
10525.0,526250.0,525993.0,50.0,-1.5494114493078752
10526.0,526300.0,526043.0,50.0,-0.7057564089597866
10527.0,526350.0,526093.0,50.0,-1.6400916921157669
10528.0,526400.0,526143.0,50.0,-1.3861087936018126
10529.0,526450.0,526193.0,50.0,-0.6162564842405908
10530.0,526500.0,526243.0,50.0,-1.5511920709795046
10531.0,526550.0,526293.0,50.0,-1.4045740996423417
10532.0,526600.0,526343.0,50.0,-1.2528161875590653
10533.0,526650.0,526393.0,50.0,-2.0831396229568724
10534.0,526700.0,526443.0,50.0,-1.1087871919214145
10535.0,526750.0,526493.0,50.0,-0.9913554327004768
10536.0,526800.0,526543.0,50.0,-0.9439687948910407
10537.0,526850.0,526593.0,50.0,-1.5660597192318453
10538.0,526900.0,526643.0,50.0,-0.9775229390687992
10539.0,526950.0,526693.0,50.0,-1.0481482539394267
10540.0,527000.0,526743.0,50.0,-0.9365583892362305
10541.0,527050.0,526793.0,50.0,-1.460680304673594
10542.0,527100.0,526843.0,50.0,-0.573786011221622
10543.0,527150.0,526893.0,50.0,-1.0719131115322815
10544.0,527200.0,526943.0,50.0,-0.8837205709254433
10545.0,527250.0,526993.0,50.0,-1.0789809038286036
10546.0,527300.0,527043.0,50.0,-1.1400903182533741
10547.0,527350.0,527093.0,50.0,-1.7960136456161238
10548.0,527400.0,527143.0,50.0,-0.7002541144099473
10549.0,527450.0,527193.0,50.0,-1.0351912488503663
10550.0,527500.0,527243.0,50.0,-2.032899114986819
10551.0,527550.0,527293.0,50.0,-1.1028825118977246
10552.0,527600.0,527343.0,50.0,-0.8922977370230312
10553.0,527650.0,527393.0,50.0,-0.5309688557440022
10554.0,527700.0,527443.0,50.0,-2.447567158223297
10555.0,527750.0,527493.0,50.0,-1.1883153896019336
10556.0,527800.0,527543.0,50.0,-1.4245682188944944
10557.0,527850.0,527593.0,50.0,-1.227246558566147
10558.0,527900.0,527643.0,50.0,-0.7024014872829224
10559.0,527950.0,527693.0,50.0,-0.8119046734891984
10560.0,528000.0,527743.0,50.0,-2.3436023348489097
10561.0,528050.0,527793.0,50.0,-0.6221529941296708
10562.0,528100.0,527843.0,50.0,-0.7213403999435157
10563.0,528150.0,527893.0,50.0,-0.5796930241560767
10564.0,528200.0,527943.0,50.0,-1.3126121984807675
10565.0,528250.0,527993.0,50.0,-0.8003946392033577
10566.0,528300.0,528043.0,50.0,-2.259872455327589
10567.0,528350.0,528093.0,50.0,-0.5805077626003121
10568.0,528400.0,528143.0,50.0,-1.6313182411499378
10569.0,528450.0,528193.0,50.0,-1.4504903652954033
10570.0,528500.0,528243.0,50.0,-0.811035018537358
10571.0,528550.0,528293.0,50.0,-1.1286710507553956
10572.0,528600.0,528343.0,50.0,-0.497542934456325
10573.0,528650.0,528393.0,50.0,-0.944566850139138
10574.0,528700.0,528443.0,50.0,-0.9704806435493532
10575.0,528750.0,528493.0,50.0,-0.6404209691229299
10576.0,528800.0,528543.0,50.0,-0.7459579517417524
10577.0,528850.0,528593.0,50.0,-1.6722192184977451
10578.0,528900.0,528643.0,50.0,-1.756269095592815
10579.0,528950.0,528693.0,50.0,-1.2617771585654662
10580.0,529000.0,528743.0,50.0,-1.028325238339116
10581.0,529050.0,528793.0,50.0,-1.8101157737482805
10582.0,529100.0,528843.0,50.0,-1.0458641995152271
10583.0,529150.0,528893.0,50.0,-0.8586331560139592
10584.0,529200.0,528943.0,50.0,-1.7429286089169833
10585.0,529250.0,528993.0,50.0,-0.8243941019120536
10586.0,529300.0,529043.0,50.0,-0.7167395666182206
10587.0,529350.0,529093.0,50.0,-1.0106647106923434
10588.0,529400.0,529143.0,50.0,-1.1385993640116765
10589.0,529450.0,529193.0,50.0,-1.23773914415755
10590.0,529500.0,529243.0,50.0,-1.0974688875426526
10591.0,529550.0,529293.0,50.0,-2.849201839679014
10592.0,529600.0,529343.0,50.0,-2.188725927835499
10593.0,529650.0,529393.0,50.0,-2.443589041031026
10594.0,529700.0,529443.0,50.0,-1.0475572051246338
10595.0,529750.0,529493.0,50.0,-1.0671493105500787
10596.0,529800.0,529543.0,50.0,-0.7845151818112829
10597.0,529850.0,529593.0,50.0,-0.6555970736187896
10598.0,529900.0,529643.0,50.0,-0.7333852677437637
10599.0,529950.0,529693.0,50.0,-1.0844849061615485
10600.0,530000.0,529743.0,50.0,-0.7764308777023567
10601.0,530050.0,529793.0,50.0,-0.688552051747974
10602.0,530100.0,529843.0,50.0,-0.9123352038415116
10603.0,530150.0,529893.0,50.0,-1.0659537494193718
10604.0,530200.0,529943.0,50.0,-2.0824391139987903
10605.0,530250.0,529993.0,50.0,-1.519630481096907
10606.0,530300.0,530043.0,50.0,-1.2655730799701599
10607.0,530350.0,530093.0,50.0,-0.9988558812632167
10608.0,530400.0,530143.0,50.0,-1.8555541106198252
10609.0,530450.0,530193.0,50.0,-1.7211887107281145
10610.0,530500.0,530243.0,50.0,-0.6302416692454789
10611.0,530550.0,530293.0,50.0,-2.408972382207639
10612.0,530600.0,530343.0,50.0,-0.4946625207953361
10613.0,530650.0,530393.0,50.0,-0.9811536647608108
10614.0,530700.0,530443.0,50.0,-1.2906592529553256
10615.0,530750.0,530493.0,50.0,-1.297984636703793
10616.0,530800.0,530543.0,50.0,-0.7926630967904883
10617.0,530850.0,530593.0,50.0,-0.5934952345360781
10618.0,530900.0,530643.0,50.0,-1.071316077321067
10619.0,530950.0,530693.0,50.0,-1.1557570121939678
10620.0,531000.0,530743.0,50.0,-1.1571612412631727
10621.0,531050.0,530793.0,50.0,-1.1131090273921336
10622.0,531100.0,530843.0,50.0,-1.50342245932974
10623.0,531150.0,530893.0,50.0,-1.2633253786094518
10624.0,531200.0,530943.0,50.0,-1.8847777163895505
10625.0,531250.0,530993.0,50.0,-0.7655399242958262
10626.0,531300.0,531043.0,50.0,-1.247266279238053
10627.0,531350.0,531093.0,50.0,-0.7503387815289563
10628.0,531400.0,531143.0,50.0,-0.6942881788579254
10629.0,531450.0,531193.0,50.0,-0.8056996508128268
10630.0,531500.0,531243.0,50.0,-1.2151428920506755
10631.0,531550.0,531293.0,50.0,-0.761498182452841
10632.0,531600.0,531343.0,50.0,-1.2243212196710243
10633.0,531650.0,531393.0,50.0,-1.568509664092726
10634.0,531700.0,531443.0,50.0,-1.605182885785713
10635.0,531750.0,531493.0,50.0,-1.0698694969481664
10636.0,531800.0,531543.0,50.0,-0.9033934515592966
10637.0,531850.0,531593.0,50.0,-1.3405190426222444
10638.0,531900.0,531643.0,50.0,-1.150872052900223
10639.0,531950.0,531693.0,50.0,-1.540065221550004
10640.0,532000.0,531743.0,50.0,-0.4688962991487969
10641.0,532050.0,531793.0,50.0,-0.8731391055783098
10642.0,532100.0,531843.0,50.0,-1.519710147568225
10643.0,532150.0,531893.0,50.0,-1.2438707626069272
10644.0,532200.0,531943.0,50.0,-0.8062433791362692
10645.0,532250.0,531993.0,50.0,-2.06119280109044
10646.0,532300.0,532043.0,50.0,-1.4820448575815108
10647.0,532350.0,532093.0,50.0,-0.8039751328330683
10648.0,532400.0,532143.0,50.0,-1.029408742333644
10649.0,532450.0,532193.0,50.0,-0.7252321227584446
10650.0,532500.0,532243.0,50.0,-1.0672324469900327
10651.0,532550.0,532293.0,50.0,-0.9442808962488171
10652.0,532600.0,532343.0,50.0,-1.6097316936094526
10653.0,532650.0,532393.0,50.0,-0.6622423731250036
10654.0,532700.0,532443.0,50.0,-1.0949254437399312
10655.0,532750.0,532493.0,50.0,-0.9436306404769439
10656.0,532800.0,532543.0,50.0,-0.7920528547200476
10657.0,532850.0,532593.0,50.0,-0.7273381365758051
10658.0,532900.0,532643.0,50.0,-1.5633621449662027
10659.0,532950.0,532693.0,50.0,-1.09545484772437
10660.0,533000.0,532743.0,50.0,-0.6818863906625063
10661.0,533050.0,532793.0,50.0,-0.44923171004809087
10662.0,533100.0,532843.0,50.0,-0.7512310893307562
10663.0,533150.0,532893.0,50.0,-0.8684374742608342
10664.0,533200.0,532943.0,50.0,-0.8983248822781256
10665.0,533250.0,532993.0,50.0,-0.919448999557429
10666.0,533300.0,533043.0,50.0,-1.22960871019006
10667.0,533350.0,533093.0,50.0,-0.9573852425118087
10668.0,533400.0,533143.0,50.0,-0.578044631246457
10669.0,533450.0,533193.0,50.0,-1.2910864909093775
10670.0,533500.0,533243.0,50.0,-0.9412874270557287
10671.0,533550.0,533293.0,50.0,-0.7780262097543247
10672.0,533600.0,533343.0,50.0,-0.7265663060426144
10673.0,533650.0,533393.0,50.0,-1.1498569602075375
10674.0,533700.0,533443.0,50.0,-1.1973160104472418
10675.0,533750.0,533493.0,50.0,-1.5458731720883878
10676.0,533800.0,533543.0,50.0,-0.7181446727421519
10677.0,533850.0,533593.0,50.0,-1.2567911227684305
10678.0,533900.0,533643.0,50.0,-1.1008241034798905
10679.0,533950.0,533693.0,50.0,-1.2332747337247607
10680.0,534000.0,533743.0,50.0,-0.65202316991713
10681.0,534050.0,533793.0,50.0,-0.6729935892656381
10682.0,534100.0,533843.0,50.0,-0.9625227853273166
10683.0,534150.0,533893.0,50.0,-0.9760288721890015
10684.0,534200.0,533943.0,50.0,-1.2286717079696992
10685.0,534250.0,533993.0,50.0,-1.9248962676675128
10686.0,534300.0,534043.0,50.0,-2.1305039238821895
10687.0,534350.0,534093.0,50.0,-2.0239725122326546
10688.0,534400.0,534143.0,50.0,-0.9248616319545422
10689.0,534450.0,534193.0,50.0,-0.9171513853381232
10690.0,534500.0,534243.0,50.0,-1.2839248752146935
10691.0,534550.0,534293.0,50.0,-3.097752883236182
10692.0,534600.0,534343.0,50.0,-0.9033360733943435
10693.0,534650.0,534393.0,50.0,-1.6571364095147048
10694.0,534700.0,534443.0,50.0,-1.3575108862462755
10695.0,534750.0,534493.0,50.0,-0.669212243170772
10696.0,534800.0,534543.0,50.0,-0.7355119984268979
10697.0,534850.0,534593.0,50.0,-1.5978140627429418
10698.0,534900.0,534643.0,50.0,-1.0469061211168402
10699.0,534950.0,534693.0,50.0,-1.2558443030865023
10700.0,535000.0,534743.0,50.0,-1.5314107984381564
10701.0,535050.0,534793.0,50.0,-1.3847127783540794
10702.0,535100.0,534843.0,50.0,-0.4705530271457421
10703.0,535150.0,534893.0,50.0,-1.3472870732630855
10704.0,535200.0,534943.0,50.0,-1.6489430444618958
10705.0,535250.0,534993.0,50.0,-1.148921106257581
10706.0,535300.0,535043.0,50.0,-1.2077252195288597
10707.0,535350.0,535093.0,50.0,-1.7584309420501123
10708.0,535400.0,535143.0,50.0,-1.6327410677422682
10709.0,535450.0,535193.0,50.0,-1.3872724826557277
10710.0,535500.0,535243.0,50.0,-1.5392412569942246
10711.0,535550.0,535293.0,50.0,-0.7955504925943535
10712.0,535600.0,535343.0,50.0,-2.708575559183618
10713.0,535650.0,535393.0,50.0,-1.5373724129708237
10714.0,535700.0,535443.0,50.0,-1.0146293293453104
10715.0,535750.0,535493.0,50.0,-0.9264935677328686
10716.0,535800.0,535543.0,50.0,-1.1189428287474228
10717.0,535850.0,535593.0,50.0,-1.0718433369823963
10718.0,535900.0,535643.0,50.0,-1.9737054752478136
10719.0,535950.0,535693.0,50.0,-1.3686638523539483
10720.0,536000.0,535743.0,50.0,-2.0047220832681134
10721.0,536050.0,535793.0,50.0,-0.9648066367139728
10722.0,536100.0,535843.0,50.0,-0.5936902952026545
10723.0,536150.0,535893.0,50.0,-1.8715430055191797
10724.0,536200.0,535943.0,50.0,-1.9865686982097444
10725.0,536250.0,535993.0,50.0,-1.2177972663439114
10726.0,536300.0,536043.0,50.0,-1.9372967476746243
10727.0,536350.0,536093.0,50.0,-1.2750435075820057
10728.0,536400.0,536143.0,50.0,-0.8389688267137507
10729.0,536450.0,536193.0,50.0,-1.0358468766373756
10730.0,536500.0,536243.0,50.0,-1.095817755951841
10731.0,536550.0,536293.0,50.0,-0.6630210684916876
10732.0,536600.0,536343.0,50.0,-0.7556490030695199
10733.0,536650.0,536393.0,50.0,-0.8040493525972483
10734.0,536700.0,536443.0,50.0,-1.3363656232447159
10735.0,536750.0,536493.0,50.0,-0.7287803228636717
10736.0,536800.0,536543.0,50.0,-1.382663397595556
10737.0,536850.0,536593.0,50.0,-0.8995363558948004
10738.0,536900.0,536643.0,50.0,-0.717437537959532
10739.0,536950.0,536693.0,50.0,-1.501441224789289
10740.0,537000.0,536743.0,50.0,-1.3531722005108946
10741.0,537050.0,536793.0,50.0,-0.6143044020030813
10742.0,537100.0,536843.0,50.0,-0.8248200267796147
10743.0,537150.0,536893.0,50.0,-1.5467593651754423
10744.0,537200.0,536943.0,50.0,-1.5180494724171458
10745.0,537250.0,536993.0,50.0,-1.3917389459432858
10746.0,537300.0,537043.0,50.0,-0.8594047812626063
10747.0,537350.0,537093.0,50.0,-1.3929324428608583
10748.0,537400.0,537143.0,50.0,-1.6613211084381172
10749.0,537450.0,537193.0,50.0,-0.9086234575866217
10750.0,537500.0,537243.0,50.0,-1.2663295235332954
10751.0,537550.0,537293.0,50.0,-1.4060714293114225
10752.0,537600.0,537343.0,50.0,-1.8352643090301535
10753.0,537650.0,537393.0,50.0,-0.6221288798912855
10754.0,537700.0,537443.0,50.0,-0.8691757023517463
10755.0,537750.0,537493.0,50.0,-0.8511346319053547
10756.0,537800.0,537543.0,50.0,-0.8389733000684858
10757.0,537850.0,537593.0,50.0,-0.4929428246526082
10758.0,537900.0,537643.0,50.0,-0.5276598133859609
10759.0,537950.0,537693.0,50.0,-1.6501281028989006
10760.0,538000.0,537743.0,50.0,-1.48548487296619
10761.0,538050.0,537793.0,50.0,-0.6501714875635277
10762.0,538100.0,537843.0,50.0,-1.5474099912797514
10763.0,538150.0,537893.0,50.0,-1.0857694776293094
10764.0,538200.0,537943.0,50.0,-2.23407082271645
10765.0,538250.0,537993.0,50.0,-1.0412944955108652
10766.0,538300.0,538043.0,50.0,-0.6126769248930674
10767.0,538350.0,538093.0,50.0,-1.2769279781399943
10768.0,538400.0,538143.0,50.0,-0.7420640014556343
10769.0,538450.0,538193.0,50.0,-1.4631672756185614
10770.0,538500.0,538243.0,50.0,-0.8693786993669329
10771.0,538550.0,538293.0,50.0,-0.6330720145162204
10772.0,538600.0,538343.0,50.0,-1.0356504232566233
10773.0,538650.0,538393.0,50.0,-1.6715623510929751
10774.0,538700.0,538443.0,50.0,-1.2841091747795037
10775.0,538750.0,538493.0,50.0,-1.0720736012146013
10776.0,538800.0,538543.0,50.0,-0.5478537820506032
10777.0,538850.0,538593.0,50.0,-1.0453007199605173
10778.0,538900.0,538643.0,50.0,-1.5419088368072633
10779.0,538950.0,538693.0,50.0,-1.2780444388735175
10780.0,539000.0,538743.0,50.0,-0.7118302125808037
10781.0,539050.0,538793.0,50.0,-0.4599334320654143
10782.0,539100.0,538843.0,50.0,-1.0395733383050438
10783.0,539150.0,538893.0,50.0,-0.9929833595445492
10784.0,539200.0,538943.0,50.0,-1.345890405477071
10785.0,539250.0,538993.0,50.0,-1.3269581579865946
10786.0,539300.0,539043.0,50.0,-1.886656022540238
10787.0,539350.0,539093.0,50.0,-2.2679025849397534
10788.0,539400.0,539143.0,50.0,-0.7353547164041272
10789.0,539450.0,539193.0,50.0,-1.164136489657033
10790.0,539500.0,539243.0,50.0,-0.8814921441423335
10791.0,539550.0,539293.0,50.0,-0.985691176462469
10792.0,539600.0,539343.0,50.0,-0.8651480656847598
10793.0,539650.0,539393.0,50.0,-0.6430780305248716
10794.0,539700.0,539443.0,50.0,-2.160243907673073
10795.0,539750.0,539493.0,50.0,-0.6411167463330698
10796.0,539800.0,539543.0,50.0,-0.6187130470684756
10797.0,539850.0,539593.0,50.0,-0.8070045623389012
10798.0,539900.0,539643.0,50.0,-1.465188257195023
10799.0,539950.0,539693.0,50.0,-1.521163433991683
10800.0,540000.0,539743.0,50.0,-0.6305669182427631
10801.0,540050.0,539793.0,50.0,-1.4816959634876263
10802.0,540100.0,539843.0,50.0,-1.1947247272701895
10803.0,540150.0,539893.0,50.0,-0.9305232444957489
10804.0,540200.0,539943.0,50.0,-1.2520441103984281
10805.0,540250.0,539993.0,50.0,-1.6554196458339816
10806.0,540300.0,540043.0,50.0,-0.5773229446750647
10807.0,540350.0,540093.0,50.0,-2.055743864219826
10808.0,540400.0,540143.0,50.0,-1.1027783548357244
10809.0,540450.0,540193.0,50.0,-1.4766976122153983
10810.0,540500.0,540243.0,50.0,-0.9189559273896798
10811.0,540550.0,540293.0,50.0,-0.9757628678471193
10812.0,540600.0,540343.0,50.0,-0.6492401825723247
10813.0,540650.0,540393.0,50.0,-1.389975487043261
10814.0,540700.0,540443.0,50.0,-1.7487389129657265
10815.0,540750.0,540493.0,50.0,-1.8663606598305347
10816.0,540800.0,540543.0,50.0,-0.8872100261879209
10817.0,540850.0,540593.0,50.0,-1.0194868269022992
10818.0,540900.0,540643.0,50.0,-1.486393072418902
10819.0,540950.0,540693.0,50.0,-0.7451106832126178
10820.0,541000.0,540743.0,50.0,-1.4522139798541678
10821.0,541050.0,540793.0,50.0,-1.1967188270084521
10822.0,541100.0,540843.0,50.0,-2.009729333723347
10823.0,541150.0,540893.0,50.0,-1.5516262929424305
10824.0,541200.0,540943.0,50.0,-0.8079317480658431
10825.0,541250.0,540993.0,50.0,-0.8820218777929196
10826.0,541300.0,541043.0,50.0,-0.6799185732001217
10827.0,541350.0,541093.0,50.0,-1.457916094561114
10828.0,541400.0,541143.0,50.0,-0.6198529685407438
10829.0,541450.0,541193.0,50.0,-0.5358198061237242
10830.0,541500.0,541243.0,50.0,-0.5633080944355247
10831.0,541550.0,541293.0,50.0,-1.30738086712846
10832.0,541600.0,541343.0,50.0,-0.728494379383762
10833.0,541650.0,541393.0,50.0,-1.37444014858449
10834.0,541700.0,541443.0,50.0,-0.5897960061693754
10835.0,541750.0,541493.0,50.0,-0.9204011951834449
10836.0,541800.0,541543.0,50.0,-1.5174511569079494
10837.0,541850.0,541593.0,50.0,-1.1173206262412578
10838.0,541900.0,541643.0,50.0,-0.7388253999343792
10839.0,541950.0,541693.0,50.0,-1.120482576375587
10840.0,542000.0,541743.0,50.0,-0.765521476538467
10841.0,542050.0,541793.0,50.0,-1.2989941193044345
10842.0,542100.0,541843.0,50.0,-0.814471028918227
10843.0,542150.0,541893.0,50.0,-0.7585065780539142
10844.0,542200.0,541943.0,50.0,-0.7857613629497837
10845.0,542250.0,541993.0,50.0,-1.0994127577754251
10846.0,542300.0,542043.0,50.0,-1.4921121660024346
10847.0,542350.0,542093.0,50.0,-0.9580591429015848
10848.0,542400.0,542143.0,50.0,-0.5881512282486058
10849.0,542450.0,542193.0,50.0,-0.7944855578147023
10850.0,542500.0,542243.0,50.0,-0.9934400949478931
10851.0,542550.0,542293.0,50.0,-0.9871045731850874
10852.0,542600.0,542343.0,50.0,-1.0492618335953823
10853.0,542650.0,542393.0,50.0,-0.6697997334211676
10854.0,542700.0,542443.0,50.0,-0.8475702037084732
10855.0,542750.0,542493.0,50.0,-1.7247614507405902
10856.0,542800.0,542543.0,50.0,-2.205121050529642
10857.0,542850.0,542593.0,50.0,-0.7120430968517092
10858.0,542900.0,542643.0,50.0,-0.632623649537973
10859.0,542950.0,542693.0,50.0,-1.1424149533881285
10860.0,543000.0,542743.0,50.0,-0.9731398093630828
10861.0,543050.0,542793.0,50.0,-0.8613257700214065
10862.0,543100.0,542843.0,50.0,-1.479483932757092
10863.0,543150.0,542893.0,50.0,-1.4404681338162415
10864.0,543200.0,542943.0,50.0,-0.8588966670180742
10865.0,543250.0,542993.0,50.0,-0.8505562894931998
10866.0,543300.0,543043.0,50.0,-0.7873140834366377
10867.0,543350.0,543093.0,50.0,-0.6596547666206096
10868.0,543400.0,543143.0,50.0,-1.6598036843745003
10869.0,543450.0,543193.0,50.0,-0.8884434142092573
10870.0,543500.0,543243.0,50.0,-0.5812914288800566
10871.0,543550.0,543293.0,50.0,-0.8287164779345949
10872.0,543600.0,543343.0,50.0,-0.7773949061233939
10873.0,543650.0,543393.0,50.0,-0.6331295954511998
10874.0,543700.0,543443.0,50.0,-0.9837095033875008
10875.0,543750.0,543493.0,50.0,-1.8679857302857519
10876.0,543800.0,543543.0,50.0,-0.9852234997138828
10877.0,543850.0,543593.0,50.0,-1.575910731168936
10878.0,543900.0,543643.0,50.0,-1.2721872165556287
10879.0,543950.0,543693.0,50.0,-1.0769457530039444
10880.0,544000.0,543743.0,50.0,-0.6558697950136506
10881.0,544050.0,543793.0,50.0,-0.7250972474260098
10882.0,544100.0,543843.0,50.0,-1.1743500137168617
10883.0,544150.0,543893.0,50.0,-0.5900359358529321
10884.0,544200.0,543943.0,50.0,-1.5944917669058407
10885.0,544250.0,543993.0,50.0,-0.8540470021692665
10886.0,544300.0,544043.0,50.0,-0.9889634817859579
10887.0,544350.0,544093.0,50.0,-1.0204858908700292
10888.0,544400.0,544143.0,50.0,-1.9678315051155832
10889.0,544450.0,544193.0,50.0,-0.567662264967108
10890.0,544500.0,544243.0,50.0,-1.345814530702824
10891.0,544550.0,544293.0,50.0,-2.025096599815951
10892.0,544600.0,544343.0,50.0,-1.997335081820352
10893.0,544650.0,544393.0,50.0,-1.1134098240166437
10894.0,544700.0,544443.0,50.0,-1.488642964256113
10895.0,544750.0,544493.0,50.0,-1.629828191794164
10896.0,544800.0,544543.0,50.0,-1.3407841202406034
10897.0,544850.0,544593.0,50.0,-1.7228208109963452
10898.0,544900.0,544643.0,50.0,-0.7348701714661598
10899.0,544950.0,544693.0,50.0,-0.7097663159550499
10900.0,545000.0,544743.0,50.0,-0.8991721285012322
10901.0,545050.0,544793.0,50.0,-0.8506513677376613
10902.0,545100.0,544843.0,50.0,-1.1695091713864867
10903.0,545150.0,544893.0,50.0,-0.8276264723658491
10904.0,545200.0,544943.0,50.0,-1.3248103826213162
10905.0,545250.0,544993.0,50.0,-0.8622704163010155
10906.0,545300.0,545043.0,50.0,-1.3991031733032966
10907.0,545350.0,545093.0,50.0,-0.5766914361740576
10908.0,545400.0,545143.0,50.0,-0.5065891520808258
10909.0,545450.0,545193.0,50.0,-1.2424436725394876
10910.0,545500.0,545243.0,50.0,-1.1428231513277252
10911.0,545550.0,545293.0,50.0,-1.5190443811094727
10912.0,545600.0,545343.0,50.0,-1.1874110011764543
10913.0,545650.0,545393.0,50.0,-1.1990602602500706
10914.0,545700.0,545443.0,50.0,-1.3950243575496004
10915.0,545750.0,545493.0,50.0,-0.9032137112010156
10916.0,545800.0,545543.0,50.0,-0.6206931326855842
10917.0,545850.0,545593.0,50.0,-1.278886807578757
10918.0,545900.0,545643.0,50.0,-0.7494474311984032
10919.0,545950.0,545693.0,50.0,-1.200865233633157
10920.0,546000.0,545743.0,50.0,-1.5523008794733022
10921.0,546050.0,545793.0,50.0,-1.0063859416958665
10922.0,546100.0,545843.0,50.0,-1.3945119377482316
10923.0,546150.0,545893.0,50.0,-1.1831040287717525
10924.0,546200.0,545943.0,50.0,-1.0392139042688247
10925.0,546250.0,545993.0,50.0,-0.5485925666854148
10926.0,546300.0,546043.0,50.0,-1.92023475094881
10927.0,546350.0,546093.0,50.0,-1.3881114511558854
10928.0,546400.0,546143.0,50.0,-0.622606602684594
10929.0,546450.0,546193.0,50.0,-0.9761416020987835
10930.0,546500.0,546243.0,50.0,-1.126486461913419
10931.0,546550.0,546293.0,50.0,-1.1886994149142813
10932.0,546600.0,546343.0,50.0,-1.1239712356422198
10933.0,546650.0,546393.0,50.0,-0.7445966070487153
10934.0,546700.0,546443.0,50.0,-1.5920307687487745
10935.0,546750.0,546493.0,50.0,-0.9908663846101585
10936.0,546800.0,546543.0,50.0,-0.9453135041814085
10937.0,546850.0,546593.0,50.0,-0.8754765353110495
10938.0,546900.0,546643.0,50.0,-1.6959364973777873
10939.0,546950.0,546693.0,50.0,-1.0054268143799105
10940.0,547000.0,546743.0,50.0,-0.9684926508243002
10941.0,547050.0,546793.0,50.0,-0.5285346107409015
10942.0,547100.0,546843.0,50.0,-0.8878808582047018
10943.0,547150.0,546893.0,50.0,-1.0685263087148968
10944.0,547200.0,546943.0,50.0,-1.536754926139992
10945.0,547250.0,546993.0,50.0,-1.641441700216845
10946.0,547300.0,547043.0,50.0,-1.0510412447918556
10947.0,547350.0,547093.0,50.0,-1.6159280413854358
10948.0,547400.0,547143.0,50.0,-1.1783647746727717
10949.0,547450.0,547193.0,50.0,-2.320517447213595
10950.0,547500.0,547243.0,50.0,-0.9636916739043971
10951.0,547550.0,547293.0,50.0,-1.3615720573818464
10952.0,547600.0,547343.0,50.0,-1.3477014943505705
10953.0,547650.0,547393.0,50.0,-0.7020227288942451
10954.0,547700.0,547443.0,50.0,-0.45413808274161666
10955.0,547750.0,547493.0,50.0,-0.7770365917375492
10956.0,547800.0,547543.0,50.0,-1.1258755523611668
10957.0,547850.0,547593.0,50.0,-0.9150136656789633
10958.0,547900.0,547643.0,50.0,-1.331326364397097
10959.0,547950.0,547693.0,50.0,-1.0061023404128047
10960.0,548000.0,547743.0,50.0,-1.7216159998021032
10961.0,548050.0,547793.0,50.0,-1.3215993089503462
10962.0,548100.0,547843.0,50.0,-1.2477768717125801
10963.0,548150.0,547893.0,50.0,-2.320129158127427
10964.0,548200.0,547943.0,50.0,-1.859902916871427
10965.0,548250.0,547993.0,50.0,-0.5216073955054547
10966.0,548300.0,548043.0,50.0,-1.0268689533188702
10967.0,548350.0,548093.0,50.0,-0.9248302422867376
10968.0,548400.0,548143.0,50.0,-0.7008196330521551
10969.0,548450.0,548193.0,50.0,-0.9173365411144806
10970.0,548500.0,548243.0,50.0,-1.6330061432332257
10971.0,548550.0,548293.0,50.0,-0.8946578318015781
10972.0,548600.0,548343.0,50.0,-0.5409648659645857
10973.0,548650.0,548393.0,50.0,-1.4791104022175707
10974.0,548700.0,548443.0,50.0,-1.073507373015204
10975.0,548750.0,548493.0,50.0,-0.7855866988869749
10976.0,548800.0,548543.0,50.0,-1.3910264857264292
10977.0,548850.0,548593.0,50.0,-1.2526146146614205
10978.0,548900.0,548643.0,50.0,-1.6587737055503742
10979.0,548950.0,548693.0,50.0,-0.9327614587518779
10980.0,549000.0,548743.0,50.0,-0.5665177138870645
10981.0,549050.0,548793.0,50.0,-0.7380082282862255
10982.0,549100.0,548843.0,50.0,-1.4134408513837553
10983.0,549150.0,548893.0,50.0,-1.0068783344421428
10984.0,549200.0,548943.0,50.0,-0.8633870182238053
10985.0,549250.0,548993.0,50.0,-0.9109689986517395
10986.0,549300.0,549043.0,50.0,-0.9975413541057558
10987.0,549350.0,549093.0,50.0,-0.9990588526691119
10988.0,549400.0,549143.0,50.0,-0.5663879128883222
10989.0,549450.0,549193.0,50.0,-1.4300591787281285
10990.0,549500.0,549243.0,50.0,-0.7692350272551268
10991.0,549550.0,549293.0,50.0,-0.792970666241928
10992.0,549600.0,549343.0,50.0,-1.1523367677338576
10993.0,549650.0,549393.0,50.0,-1.196368851502121
10994.0,549700.0,549443.0,50.0,-0.7172557456387572
10995.0,549750.0,549493.0,50.0,-1.562202084501994
10996.0,549800.0,549543.0,50.0,-0.4723323240539269
10997.0,549850.0,549593.0,50.0,-2.3462751286052694
10998.0,549900.0,549643.0,50.0,-0.5412829196691749
10999.0,549950.0,549693.0,50.0,-0.5305627154625332
11000.0,550000.0,549743.0,50.0,-0.8147665096265317
11001.0,550050.0,549793.0,50.0,-0.6802675476454982
11002.0,550100.0,549843.0,50.0,-0.9880767784778022
11003.0,550150.0,549893.0,50.0,-0.8154329829459265
11004.0,550200.0,549943.0,50.0,-1.1280060176360742
11005.0,550250.0,549993.0,50.0,-0.8495903289247841
11006.0,550300.0,550043.0,50.0,-0.9917303236814288
11007.0,550350.0,550093.0,50.0,-1.0293248257503027
11008.0,550400.0,550143.0,50.0,-1.1662467720110516
11009.0,550450.0,550193.0,50.0,-1.0963696115726367
11010.0,550500.0,550243.0,50.0,-0.9107146427787732
11011.0,550550.0,550293.0,50.0,-1.6016271595758917
11012.0,550600.0,550343.0,50.0,-2.1784575946049225
11013.0,550650.0,550393.0,50.0,-0.957142433789496
11014.0,550700.0,550443.0,50.0,-1.6398502909515642
11015.0,550750.0,550493.0,50.0,-0.9078095798094022
11016.0,550800.0,550543.0,50.0,-0.9073926485529389
11017.0,550850.0,550593.0,50.0,-0.7284512402577258
11018.0,550900.0,550643.0,50.0,-0.6527342693590945
11019.0,550950.0,550693.0,50.0,-1.393776335441736
11020.0,551000.0,550743.0,50.0,-1.2695092174099936
11021.0,551050.0,550793.0,50.0,-1.040497501934196
11022.0,551100.0,550843.0,50.0,-1.3208442822360662
11023.0,551150.0,550893.0,50.0,-1.6164903338166567
11024.0,551200.0,550943.0,50.0,-0.8175352257386498
11025.0,551250.0,550993.0,50.0,-2.2087405229718517
11026.0,551300.0,551043.0,50.0,-1.4721806450705592
11027.0,551350.0,551093.0,50.0,-0.7434309048011949
11028.0,551400.0,551143.0,50.0,-1.5938220903221887
11029.0,551450.0,551193.0,50.0,-1.217416283235924
11030.0,551500.0,551243.0,50.0,-1.0002291874739992
11031.0,551550.0,551293.0,50.0,-0.9617176529655228
11032.0,551600.0,551343.0,50.0,-1.0800162014050698
11033.0,551650.0,551393.0,50.0,-1.4538099999490082
11034.0,551700.0,551443.0,50.0,-0.43155832304057207
11035.0,551750.0,551493.0,50.0,-0.8740843191487433
11036.0,551800.0,551543.0,50.0,-1.1009563989848365
11037.0,551850.0,551593.0,50.0,-1.2601561154471639
11038.0,551900.0,551643.0,50.0,-0.8354308450711603
11039.0,551950.0,551693.0,50.0,-0.9481743593033753
11040.0,552000.0,551743.0,50.0,-0.7720737283334808
11041.0,552050.0,551793.0,50.0,-0.8821095591746697
11042.0,552100.0,551843.0,50.0,-2.288128345709978
11043.0,552150.0,551893.0,50.0,-1.0462741675559823
11044.0,552200.0,551943.0,50.0,-0.8423029530927691
11045.0,552250.0,551993.0,50.0,-1.6157695605808349
11046.0,552300.0,552043.0,50.0,-0.9347736579233233
11047.0,552350.0,552093.0,50.0,-0.6202173832129181
11048.0,552400.0,552143.0,50.0,-1.30074265900592
11049.0,552450.0,552193.0,50.0,-0.986088461113428
11050.0,552500.0,552243.0,50.0,-1.6088840859190794
11051.0,552550.0,552293.0,50.0,-1.1696561985529328
11052.0,552600.0,552343.0,50.0,-1.4812800870152245
11053.0,552650.0,552393.0,50.0,-1.05731158870456
11054.0,552700.0,552443.0,50.0,-0.8327812875453122
11055.0,552750.0,552493.0,50.0,-1.0451444387322821
11056.0,552800.0,552543.0,50.0,-0.795948032168879
11057.0,552850.0,552593.0,50.0,-0.6034928408310586
11058.0,552900.0,552643.0,50.0,-0.9889084388019886
11059.0,552950.0,552693.0,50.0,-0.7490676550499296
11060.0,553000.0,552743.0,50.0,-1.4664122854362454
11061.0,553050.0,552793.0,50.0,-0.9970951864505659
11062.0,553100.0,552843.0,50.0,-1.4279284031373622
11063.0,553150.0,552893.0,50.0,-0.8026960258273527
11064.0,553200.0,552943.0,50.0,-2.1215991696765943
11065.0,553250.0,552993.0,50.0,-1.4256478711140645
11066.0,553300.0,553043.0,50.0,-1.6642290780598012
11067.0,553350.0,553093.0,50.0,-1.0115364820697583
11068.0,553400.0,553143.0,50.0,-0.8946830445800535
11069.0,553450.0,553193.0,50.0,-0.8325117996683642
11070.0,553500.0,553243.0,50.0,-1.5630756331785907
11071.0,553550.0,553293.0,50.0,-0.6088523860980177
11072.0,553600.0,553343.0,50.0,-0.5926450080719589
11073.0,553650.0,553393.0,50.0,-1.9038529380580123
11074.0,553700.0,553443.0,50.0,-1.995019351391764
11075.0,553750.0,553493.0,50.0,-0.9465082021125576
11076.0,553800.0,553543.0,50.0,-0.7410774671208784
11077.0,553850.0,553593.0,50.0,-1.6914850561320647
11078.0,553900.0,553643.0,50.0,-0.6671248839015332
11079.0,553950.0,553693.0,50.0,-0.5801077123839974
11080.0,554000.0,553743.0,50.0,-1.1983752243508827
11081.0,554050.0,553793.0,50.0,-1.0434439654906984
11082.0,554100.0,553843.0,50.0,-0.8606633750580103
11083.0,554150.0,553893.0,50.0,-1.0080410015163788
11084.0,554200.0,553943.0,50.0,-0.7007870019301002
11085.0,554250.0,553993.0,50.0,-1.359703158686191
11086.0,554300.0,554043.0,50.0,-1.870435168933913
11087.0,554350.0,554093.0,50.0,-1.5946943962283209
11088.0,554400.0,554143.0,50.0,-0.7885345093102696
11089.0,554450.0,554193.0,50.0,-1.7875357572855064
11090.0,554500.0,554243.0,50.0,-1.2503763409404516
11091.0,554550.0,554293.0,50.0,-1.1800533482726272
11092.0,554600.0,554343.0,50.0,-1.1658823955392024
11093.0,554650.0,554393.0,50.0,-1.1854017372745804
11094.0,554700.0,554443.0,50.0,-0.8193532549300683
11095.0,554750.0,554493.0,50.0,-1.2457146697550416
11096.0,554800.0,554543.0,50.0,-1.0236012399773744
11097.0,554850.0,554593.0,50.0,-1.1507126453422134
11098.0,554900.0,554643.0,50.0,-0.9917440241426694
11099.0,554950.0,554693.0,50.0,-1.5319635122400024
11100.0,555000.0,554743.0,50.0,-1.6631229056666927
11101.0,555050.0,554793.0,50.0,-1.2120557584911213
11102.0,555100.0,554843.0,50.0,-1.4403238993370215
11103.0,555150.0,554893.0,50.0,-0.8350714427606971
11104.0,555200.0,554943.0,50.0,-0.978002852776331
11105.0,555250.0,554993.0,50.0,-1.276061240200581
11106.0,555300.0,555043.0,50.0,-0.8839982445917831
11107.0,555350.0,555093.0,50.0,-0.6291762413230962
11108.0,555400.0,555143.0,50.0,-1.4823552888073457
11109.0,555450.0,555193.0,50.0,-0.5218382160810363
11110.0,555500.0,555243.0,50.0,-2.0729767754502153
11111.0,555550.0,555293.0,50.0,-1.727638001227159
11112.0,555600.0,555343.0,50.0,-0.848843465251037
11113.0,555650.0,555393.0,50.0,-2.0302647063716623
11114.0,555700.0,555443.0,50.0,-0.6514232091748713
11115.0,555750.0,555493.0,50.0,-0.6977569316986375
11116.0,555800.0,555543.0,50.0,-2.2429091556986633
11117.0,555850.0,555593.0,50.0,-0.705616634210531
11118.0,555900.0,555643.0,50.0,-2.129751599232112
11119.0,555950.0,555693.0,50.0,-0.8511526916691233
11120.0,556000.0,555743.0,50.0,-1.0152594230346466
11121.0,556050.0,555793.0,50.0,-1.400847799477561
11122.0,556100.0,555843.0,50.0,-1.6956020800395393
11123.0,556150.0,555893.0,50.0,-1.1073447066646398
11124.0,556200.0,555943.0,50.0,-2.0070486713116407
11125.0,556250.0,555993.0,50.0,-0.629890444709189
11126.0,556300.0,556043.0,50.0,-0.7101996405996079
11127.0,556350.0,556093.0,50.0,-1.5989432903667178
11128.0,556400.0,556143.0,50.0,-0.94476315167209
11129.0,556450.0,556193.0,50.0,-1.1323454194494469
11130.0,556500.0,556243.0,50.0,-1.034588335338029
11131.0,556550.0,556293.0,50.0,-1.1081434118751585
11132.0,556600.0,556343.0,50.0,-1.7131994158661294
11133.0,556650.0,556393.0,50.0,-0.8672214753780015
11134.0,556700.0,556443.0,50.0,-2.3639170261976736
11135.0,556750.0,556493.0,50.0,-1.335990731834768
11136.0,556800.0,556543.0,50.0,-1.4074590544180978
11137.0,556850.0,556593.0,50.0,-1.7042886589125554
11138.0,556900.0,556643.0,50.0,-0.9778883103689417
11139.0,556950.0,556693.0,50.0,-0.805528692814254
11140.0,557000.0,556743.0,50.0,-1.5621322150829005
11141.0,557050.0,556793.0,50.0,-0.845965102485403
11142.0,557100.0,556843.0,50.0,-0.910420448506041
11143.0,557150.0,556893.0,50.0,-0.9403627424961519
11144.0,557200.0,556943.0,50.0,-0.7283384519876724
11145.0,557250.0,556993.0,50.0,-0.4947168451623854
11146.0,557300.0,557043.0,50.0,-1.0308010506609928
11147.0,557350.0,557093.0,50.0,-1.5813344126178215
11148.0,557400.0,557143.0,50.0,-0.8807029066915253
11149.0,557450.0,557193.0,50.0,-1.089382525187758
11150.0,557500.0,557243.0,50.0,-0.6473052267955933
11151.0,557550.0,557293.0,50.0,-1.5266799928954817
11152.0,557600.0,557343.0,50.0,-1.0665756831494582
11153.0,557650.0,557393.0,50.0,-0.6294013583987029
11154.0,557700.0,557443.0,50.0,-2.0743141751777245
11155.0,557750.0,557493.0,50.0,-0.8928537242875887
11156.0,557800.0,557543.0,50.0,-0.9036055423648577
11157.0,557850.0,557593.0,50.0,-0.9929403499541828
11158.0,557900.0,557643.0,50.0,-1.558327212129326
11159.0,557950.0,557693.0,50.0,-1.0262018519867224
11160.0,558000.0,557743.0,50.0,-0.7375120127156831
11161.0,558050.0,557793.0,50.0,-0.5400850220263504
11162.0,558100.0,557843.0,50.0,-0.8076927949788252
11163.0,558150.0,557893.0,50.0,-0.8298161165170149
11164.0,558200.0,557943.0,50.0,-0.7507530237382812
11165.0,558250.0,557993.0,50.0,-1.0212651765892895
11166.0,558300.0,558043.0,50.0,-0.9915915024335784
11167.0,558350.0,558093.0,50.0,-1.316504644014145
11168.0,558400.0,558143.0,50.0,-1.8577810018847372
11169.0,558450.0,558193.0,50.0,-1.1537505150500438
11170.0,558500.0,558243.0,50.0,-0.9754460325993665
11171.0,558550.0,558293.0,50.0,-0.9375783706269739
11172.0,558600.0,558343.0,50.0,-0.7207660526757679
11173.0,558650.0,558393.0,50.0,-0.6829394053001688
11174.0,558700.0,558443.0,50.0,-0.8855687093910855
11175.0,558750.0,558493.0,50.0,-0.9836453778559795
11176.0,558800.0,558543.0,50.0,-1.0142845380180234
11177.0,558850.0,558593.0,50.0,-0.7235791187444962
11178.0,558900.0,558643.0,50.0,-1.5655536007264559
11179.0,558950.0,558693.0,50.0,-0.831837690617176
11180.0,559000.0,558743.0,50.0,-1.4012843731776843
11181.0,559050.0,558793.0,50.0,-2.5535949457823746
11182.0,559100.0,558843.0,50.0,-0.982788110880592
11183.0,559150.0,558893.0,50.0,-0.8482741606433291
11184.0,559200.0,558943.0,50.0,-0.9424769389772403
11185.0,559250.0,558993.0,50.0,-0.8272701426586372
11186.0,559300.0,559043.0,50.0,-1.8999974616358566
11187.0,559350.0,559093.0,50.0,-1.0627941055824992
11188.0,559400.0,559143.0,50.0,-1.0285589821860075
11189.0,559450.0,559193.0,50.0,-2.0885648375684793
11190.0,559500.0,559243.0,50.0,-1.5397461592221522
11191.0,559550.0,559293.0,50.0,-1.1127918184558645
11192.0,559600.0,559343.0,50.0,-1.525524158175167
11193.0,559650.0,559393.0,50.0,-1.071118803333954
11194.0,559700.0,559443.0,50.0,-1.4441352825900435
11195.0,559750.0,559493.0,50.0,-1.0594095923926259
11196.0,559800.0,559543.0,50.0,-2.2366760301664317
11197.0,559850.0,559593.0,50.0,-0.8611152402357029
11198.0,559900.0,559643.0,50.0,-1.658627592830562
11199.0,559950.0,559693.0,50.0,-1.0496980721757938
11200.0,560000.0,559743.0,50.0,-1.796887607602654
11201.0,560050.0,559793.0,50.0,-1.200569691256025
11202.0,560100.0,559843.0,50.0,-1.670171418085
11203.0,560150.0,559893.0,50.0,-0.9848925905396168
11204.0,560200.0,559943.0,50.0,-1.300764517922971
11205.0,560250.0,559993.0,50.0,-1.2225140855571195
11206.0,560300.0,560043.0,50.0,-0.8041805674015609
11207.0,560350.0,560093.0,50.0,-1.5291974014945557
11208.0,560400.0,560143.0,50.0,-0.7469568047050429
11209.0,560450.0,560193.0,50.0,-0.8082111208826785
11210.0,560500.0,560243.0,50.0,-0.783723931775412
11211.0,560550.0,560293.0,50.0,-0.729699545454871
11212.0,560600.0,560343.0,50.0,-1.029237071859362
11213.0,560650.0,560393.0,50.0,-1.501023229514461
11214.0,560700.0,560443.0,50.0,-0.7010080173884128
11215.0,560750.0,560493.0,50.0,-0.62896420673872
11216.0,560800.0,560543.0,50.0,-0.8612684747779099
11217.0,560850.0,560593.0,50.0,-0.9351991390723497
11218.0,560900.0,560643.0,50.0,-0.8793327418934759
11219.0,560950.0,560693.0,50.0,-0.9738370762132463
11220.0,561000.0,560743.0,50.0,-0.9678626164513153
11221.0,561050.0,560793.0,50.0,-0.7409789050894701
11222.0,561100.0,560843.0,50.0,-1.3798717992497156
11223.0,561150.0,560893.0,50.0,-1.0562362695011074
11224.0,561200.0,560943.0,50.0,-0.9081740612580377
11225.0,561250.0,560993.0,50.0,-2.0647439553392077
11226.0,561300.0,561043.0,50.0,-0.7227056836175038
11227.0,561350.0,561093.0,50.0,-1.7390052304857317
11228.0,561400.0,561143.0,50.0,-0.5903306663869247
11229.0,561450.0,561193.0,50.0,-0.8562923448135261
11230.0,561500.0,561243.0,50.0,-1.4546064218451573
11231.0,561550.0,561293.0,50.0,-0.49649660368932674
11232.0,561600.0,561343.0,50.0,-0.8489423852937787
11233.0,561650.0,561393.0,50.0,-0.7914521161710895
11234.0,561700.0,561443.0,50.0,-0.9140064037778678
11235.0,561750.0,561493.0,50.0,-0.8355971296383796
11236.0,561800.0,561543.0,50.0,-0.8883709826244917
11237.0,561850.0,561593.0,50.0,-0.6198399738288669
11238.0,561900.0,561643.0,50.0,-0.9124524659953853
11239.0,561950.0,561693.0,50.0,-2.117905252314353
11240.0,562000.0,561743.0,50.0,-0.8284919845362653
11241.0,562050.0,561793.0,50.0,-0.8730571267814933
11242.0,562100.0,561843.0,50.0,-2.0102108988405307
11243.0,562150.0,561893.0,50.0,-1.5132004002662451
11244.0,562200.0,561943.0,50.0,-1.120476710112186
11245.0,562250.0,561993.0,50.0,-0.5790634982235104
11246.0,562300.0,562043.0,50.0,-0.8383533079677149
11247.0,562350.0,562093.0,50.0,-0.7635217110032938
11248.0,562400.0,562143.0,50.0,-1.3143874238195188
11249.0,562450.0,562193.0,50.0,-0.7206705772673763
11250.0,562500.0,562243.0,50.0,-1.4473100835525243
11251.0,562550.0,562293.0,50.0,-0.609824956431648
11252.0,562600.0,562343.0,50.0,-2.6411283978617104
11253.0,562650.0,562393.0,50.0,-0.7116256379002988
11254.0,562700.0,562443.0,50.0,-1.380041600637793
11255.0,562750.0,562493.0,50.0,-0.9606727301596156
11256.0,562800.0,562543.0,50.0,-1.2426066575662789
11257.0,562850.0,562593.0,50.0,-1.1733934716940388
11258.0,562900.0,562643.0,50.0,-1.110616834091712
11259.0,562950.0,562693.0,50.0,-1.2851895331864687
11260.0,563000.0,562743.0,50.0,-0.9740538197377032
11261.0,563050.0,562793.0,50.0,-0.8480490329922649
11262.0,563100.0,562843.0,50.0,-2.2352604569758996
11263.0,563150.0,562893.0,50.0,-0.6654407208349726
11264.0,563200.0,562943.0,50.0,-1.8512976782987094
11265.0,563250.0,562993.0,50.0,-1.224778693817311
11266.0,563300.0,563043.0,50.0,-1.2942764314227386
11267.0,563350.0,563093.0,50.0,-1.4870877951494703
11268.0,563400.0,563143.0,50.0,-1.729741357627251
11269.0,563450.0,563193.0,50.0,-0.6658403934417774
11270.0,563500.0,563243.0,50.0,-1.0738445412281927
11271.0,563550.0,563293.0,50.0,-0.6051213680293842
11272.0,563600.0,563343.0,50.0,-0.6299915969555314
11273.0,563650.0,563393.0,50.0,-0.8772708205407809
11274.0,563700.0,563443.0,50.0,-1.2832695738187272
11275.0,563750.0,563493.0,50.0,-1.4320607995182248
11276.0,563800.0,563543.0,50.0,-0.6726908750782721
11277.0,563850.0,563593.0,50.0,-1.5151817258692803
11278.0,563900.0,563643.0,50.0,-1.2851665396554968
11279.0,563950.0,563693.0,50.0,-0.7392397061691548
11280.0,564000.0,563743.0,50.0,-0.5568125963656715
11281.0,564050.0,563793.0,50.0,-0.7977971517920334
11282.0,564100.0,563843.0,50.0,-0.7020952541689389
11283.0,564150.0,563893.0,50.0,-1.0143476478095699
11284.0,564200.0,563943.0,50.0,-0.9754521022001033
11285.0,564250.0,563993.0,50.0,-0.6798970614159969
11286.0,564300.0,564043.0,50.0,-0.9522399524145485
11287.0,564350.0,564093.0,50.0,-0.872599437947736
11288.0,564400.0,564143.0,50.0,-1.5366384460389937
11289.0,564450.0,564193.0,50.0,-0.587788858437825
11290.0,564500.0,564243.0,50.0,-1.0322922332272795
11291.0,564550.0,564293.0,50.0,-1.2574315149665725
11292.0,564600.0,564343.0,50.0,-0.7606188478905755
11293.0,564650.0,564393.0,50.0,-1.0334863952030622
11294.0,564700.0,564443.0,50.0,-0.8095382803893922
11295.0,564750.0,564493.0,50.0,-1.5110887246454308
11296.0,564800.0,564543.0,50.0,-1.1641348804058131
11297.0,564850.0,564593.0,50.0,-0.8178312088789993
11298.0,564900.0,564643.0,50.0,-0.5864732318079592
11299.0,564950.0,564693.0,50.0,-0.5163841113499674
11300.0,565000.0,564743.0,50.0,-0.9541783168653835
11301.0,565050.0,564793.0,50.0,-0.4300309323085034
11302.0,565100.0,564843.0,50.0,-0.7044523131889148
11303.0,565150.0,564893.0,50.0,-0.9601305128720649
11304.0,565200.0,564943.0,50.0,-0.9951601747260265
11305.0,565250.0,564993.0,50.0,-1.3745847660618042
11306.0,565300.0,565043.0,50.0,-1.0002550675945867
11307.0,565350.0,565093.0,50.0,-0.9403751409763604
11308.0,565400.0,565143.0,50.0,-1.6917060536542499
11309.0,565450.0,565193.0,50.0,-0.5322736649689035
11310.0,565500.0,565243.0,50.0,-0.6415698985064854
11311.0,565550.0,565293.0,50.0,-0.7786488561994985
11312.0,565600.0,565343.0,50.0,-0.6774657791113791
11313.0,565650.0,565393.0,50.0,-0.6641625016143708
11314.0,565700.0,565443.0,50.0,-0.7053648210541409
11315.0,565750.0,565493.0,50.0,-1.1769097074421977
11316.0,565800.0,565543.0,50.0,-0.9177552283648434
11317.0,565850.0,565593.0,50.0,-1.29040349441343
11318.0,565900.0,565643.0,50.0,-2.1843064895897832
11319.0,565950.0,565693.0,50.0,-0.8075508788174051
11320.0,566000.0,565743.0,50.0,-1.2431253437395895
11321.0,566050.0,565793.0,50.0,-0.821472511366659
11322.0,566100.0,565843.0,50.0,-1.104246848911897
11323.0,566150.0,565893.0,50.0,-1.47032582763398
11324.0,566200.0,565943.0,50.0,-0.9260049028933747
11325.0,566250.0,565993.0,50.0,-0.9827931427464273
11326.0,566300.0,566043.0,50.0,-0.8678982697219854
11327.0,566350.0,566093.0,50.0,-0.8475494596201278
11328.0,566400.0,566143.0,50.0,-1.0971826989050386
11329.0,566450.0,566193.0,50.0,-0.6827699205053058
11330.0,566500.0,566243.0,50.0,-2.0771603566573504
11331.0,566550.0,566293.0,50.0,-0.8362645983605282
11332.0,566600.0,566343.0,50.0,-0.9741087099215571
11333.0,566650.0,566393.0,50.0,-1.315546746878478
11334.0,566700.0,566443.0,50.0,-0.8997391961214631
11335.0,566750.0,566493.0,50.0,-0.8338037443562324
11336.0,566800.0,566543.0,50.0,-2.483813302371153
11337.0,566850.0,566593.0,50.0,-1.1073126520661556
11338.0,566900.0,566643.0,50.0,-1.154423244220954
11339.0,566950.0,566693.0,50.0,-1.1090289358734147
11340.0,567000.0,566743.0,50.0,-0.9848224718589612
11341.0,567050.0,566793.0,50.0,-1.6714769726098173
11342.0,567100.0,566843.0,50.0,-1.3608178866841112
11343.0,567150.0,566893.0,50.0,-1.33150379063647
11344.0,567200.0,566943.0,50.0,-1.3836489894500776
11345.0,567250.0,566993.0,50.0,-1.003375426006947
11346.0,567300.0,567043.0,50.0,-1.334843291343032
11347.0,567350.0,567093.0,50.0,-1.4474597405978922
11348.0,567400.0,567143.0,50.0,-0.7638638266508743
11349.0,567450.0,567193.0,50.0,-1.7000517902268653
11350.0,567500.0,567243.0,50.0,-1.3180672835381941
11351.0,567550.0,567293.0,50.0,-1.3965018488183583
11352.0,567600.0,567343.0,50.0,-1.7667093012094692
11353.0,567650.0,567393.0,50.0,-2.2907718320350385
11354.0,567700.0,567443.0,50.0,-0.868342262963102
11355.0,567750.0,567493.0,50.0,-1.7549426014486877
11356.0,567800.0,567543.0,50.0,-0.9005412446939256
11357.0,567850.0,567593.0,50.0,-1.8105311990705033
11358.0,567900.0,567643.0,50.0,-0.45659875423615587
11359.0,567950.0,567693.0,50.0,-1.4562013508864593
11360.0,568000.0,567743.0,50.0,-1.1932820893842875
11361.0,568050.0,567793.0,50.0,-1.219543615771756
11362.0,568100.0,567843.0,50.0,-1.5585028691548686
11363.0,568150.0,567893.0,50.0,-0.8359588441239951
11364.0,568200.0,567943.0,50.0,-0.7777521900778593
11365.0,568250.0,567993.0,50.0,-0.9743204539369049
11366.0,568300.0,568043.0,50.0,-0.8188439062569888
11367.0,568350.0,568093.0,50.0,-1.1548594003815127
11368.0,568400.0,568143.0,50.0,-1.3262096492667212
11369.0,568450.0,568193.0,50.0,-0.8215389855462341
11370.0,568500.0,568243.0,50.0,-0.6291844036827996
11371.0,568550.0,568293.0,50.0,-1.2492397398165096
11372.0,568600.0,568343.0,50.0,-2.509936347935246
11373.0,568650.0,568393.0,50.0,-1.4266588643745415
11374.0,568700.0,568443.0,50.0,-1.3918930586212759
11375.0,568750.0,568493.0,50.0,-0.9120460437412169
11376.0,568800.0,568543.0,50.0,-0.9211770873908133
11377.0,568850.0,568593.0,50.0,-1.6192473570547896
11378.0,568900.0,568643.0,50.0,-0.7645446770494795
11379.0,568950.0,568693.0,50.0,-0.798642317139386
11380.0,569000.0,568743.0,50.0,-0.9782682110093496
11381.0,569050.0,568793.0,50.0,-2.229337006990932
11382.0,569100.0,568843.0,50.0,-0.8286835081786901
11383.0,569150.0,568893.0,50.0,-1.0258111136273687
11384.0,569200.0,568943.0,50.0,-1.1815103330158634
11385.0,569250.0,568993.0,50.0,-1.0255710181468844
11386.0,569300.0,569043.0,50.0,-0.6331205577060735
11387.0,569350.0,569093.0,50.0,-0.9569109252913687
11388.0,569400.0,569143.0,50.0,-2.0745667893867106
11389.0,569450.0,569193.0,50.0,-1.235912281080987
11390.0,569500.0,569243.0,50.0,-0.9912639502055752
11391.0,569550.0,569293.0,50.0,-1.175067679607717
11392.0,569600.0,569343.0,50.0,-0.7084398244697718
11393.0,569650.0,569393.0,50.0,-0.783775912155438
11394.0,569700.0,569443.0,50.0,-1.2402853714981508
11395.0,569750.0,569493.0,50.0,-0.7659115117597793
11396.0,569800.0,569543.0,50.0,-0.6111952988747753
11397.0,569850.0,569593.0,50.0,-1.029795670678354
11398.0,569900.0,569643.0,50.0,-1.8855809093996183
11399.0,569950.0,569693.0,50.0,-0.7666628149831144
11400.0,570000.0,569743.0,50.0,-0.7507045241240283
11401.0,570050.0,569793.0,50.0,-1.1123023198712572
11402.0,570100.0,569843.0,50.0,-1.553570394699236
11403.0,570150.0,569893.0,50.0,-1.3795229406012703
11404.0,570200.0,569943.0,50.0,-2.133628086219106
11405.0,570250.0,569993.0,50.0,-1.7419869005009063
11406.0,570300.0,570043.0,50.0,-1.3099908927444937
11407.0,570350.0,570093.0,50.0,-1.3643311277000294
11408.0,570400.0,570143.0,50.0,-0.7912646566740784
11409.0,570450.0,570193.0,50.0,-0.42577214369256955
11410.0,570500.0,570243.0,50.0,-0.9486294183304604
11411.0,570550.0,570293.0,50.0,-3.0282320569509387
11412.0,570600.0,570343.0,50.0,-1.8296998322329279
11413.0,570650.0,570393.0,50.0,-0.6939315284514723
11414.0,570700.0,570443.0,50.0,-0.8490340209701808
11415.0,570750.0,570493.0,50.0,-1.1340879043011889
11416.0,570800.0,570543.0,50.0,-0.9603013376034147
11417.0,570850.0,570593.0,50.0,-0.9627988570670784
11418.0,570900.0,570643.0,50.0,-1.287339961378059
11419.0,570950.0,570693.0,50.0,-1.4179840219854207
11420.0,571000.0,570743.0,50.0,-0.6753313465985801
11421.0,571050.0,570793.0,50.0,-0.7433300539245633
11422.0,571100.0,570843.0,50.0,-0.6401245242056449
11423.0,571150.0,570893.0,50.0,-1.2254302501731025
11424.0,571200.0,570943.0,50.0,-1.0272945285370365
11425.0,571250.0,570993.0,50.0,-0.6071025078459015
11426.0,571300.0,571043.0,50.0,-0.9875105293338172
11427.0,571350.0,571093.0,50.0,-1.0150272495069663
11428.0,571400.0,571143.0,50.0,-1.0055083203205482
11429.0,571450.0,571193.0,50.0,-0.9636974863113446
11430.0,571500.0,571243.0,50.0,-1.0104944954177895
11431.0,571550.0,571293.0,50.0,-1.8920709497639214
11432.0,571600.0,571343.0,50.0,-0.9218911749550319
11433.0,571650.0,571393.0,50.0,-0.8285094337767375
11434.0,571700.0,571443.0,50.0,-1.369599678090254
11435.0,571750.0,571493.0,50.0,-0.7338291320588389
11436.0,571800.0,571543.0,50.0,-1.7672994793203836
11437.0,571850.0,571593.0,50.0,-1.1084102675398675
11438.0,571900.0,571643.0,50.0,-0.6660782560272158
11439.0,571950.0,571693.0,50.0,-0.6039225478962009
11440.0,572000.0,571743.0,50.0,-0.5006853542949744
11441.0,572050.0,571793.0,50.0,-0.4784179028782962
11442.0,572100.0,571843.0,50.0,-0.974995564737595
11443.0,572150.0,571893.0,50.0,-0.7805933914337048
11444.0,572200.0,571943.0,50.0,-0.6311903626524659
11445.0,572250.0,571993.0,50.0,-0.5439454397317529
11446.0,572300.0,572043.0,50.0,-1.1153491661394521
11447.0,572350.0,572093.0,50.0,-1.7581955987910198
11448.0,572400.0,572143.0,50.0,-0.5567029013314067
11449.0,572450.0,572193.0,50.0,-1.836204062064636
11450.0,572500.0,572243.0,50.0,-1.3212222926795127
11451.0,572550.0,572293.0,50.0,-2.5286287258605653
11452.0,572600.0,572343.0,50.0,-2.4417498329900966
11453.0,572650.0,572393.0,50.0,-0.8708635209835137
11454.0,572700.0,572443.0,50.0,-0.6933877153621097
11455.0,572750.0,572493.0,50.0,-1.0473840164738153
11456.0,572800.0,572543.0,50.0,-0.845787603566268
11457.0,572850.0,572593.0,50.0,-0.9858434497225375
11458.0,572900.0,572643.0,50.0,-1.0693613119973768
11459.0,572950.0,572693.0,50.0,-1.452767782638786
11460.0,573000.0,572743.0,50.0,-1.2932959336521619
11461.0,573050.0,572793.0,50.0,-0.6199949155321202
11462.0,573100.0,572843.0,50.0,-1.0560686353903503
11463.0,573150.0,572893.0,50.0,-0.8975102209892346
11464.0,573200.0,572943.0,50.0,-0.6926739052741229
11465.0,573250.0,572993.0,50.0,-1.4745016510196283
11466.0,573300.0,573043.0,50.0,-0.76713439407595
11467.0,573350.0,573093.0,50.0,-0.844322417154122
11468.0,573400.0,573143.0,50.0,-0.6268072277312983
11469.0,573450.0,573193.0,50.0,-1.1188606434629942
11470.0,573500.0,573243.0,50.0,-1.4110486663177166
11471.0,573550.0,573293.0,50.0,-0.8908472450579175
11472.0,573600.0,573343.0,50.0,-1.0803232526339457
11473.0,573650.0,573393.0,50.0,-0.9738126296092666
11474.0,573700.0,573443.0,50.0,-1.0616802972591697
11475.0,573750.0,573493.0,50.0,-1.7571683079620524
11476.0,573800.0,573543.0,50.0,-1.1382703050421155
11477.0,573850.0,573593.0,50.0,-0.7075047148477435
11478.0,573900.0,573643.0,50.0,-1.0527326538347987
11479.0,573950.0,573693.0,50.0,-1.3393565751814007
11480.0,574000.0,573743.0,50.0,-1.0947087287472173
11481.0,574050.0,573793.0,50.0,-0.9063240012121276
11482.0,574100.0,573843.0,50.0,-0.6821601587862222
11483.0,574150.0,573893.0,50.0,-0.8536614160382167
11484.0,574200.0,573943.0,50.0,-1.0264999949669347
11485.0,574250.0,573993.0,50.0,-0.5763342859068368
11486.0,574300.0,574043.0,50.0,-0.7021403833664002
11487.0,574350.0,574093.0,50.0,-0.6330851655750714
11488.0,574400.0,574143.0,50.0,-0.8583747729895659
11489.0,574450.0,574193.0,50.0,-0.8752732177391672
11490.0,574500.0,574243.0,50.0,-0.9313166794024481
11491.0,574550.0,574293.0,50.0,-0.8593555132305396
11492.0,574600.0,574343.0,50.0,-2.267178250560741
11493.0,574650.0,574393.0,50.0,-2.167185053090624
11494.0,574700.0,574443.0,50.0,-0.8378421008296688
11495.0,574750.0,574493.0,50.0,-1.1432798604349952
11496.0,574800.0,574543.0,50.0,-1.4495486415502294
11497.0,574850.0,574593.0,50.0,-0.5628017282736534
11498.0,574900.0,574643.0,50.0,-1.1196394623352048
11499.0,574950.0,574693.0,50.0,-1.4670841236103858
11500.0,575000.0,574743.0,50.0,-0.9876663577836331
11501.0,575050.0,574793.0,50.0,-2.217700244277975
11502.0,575100.0,574843.0,50.0,-2.217457843437544
11503.0,575150.0,574893.0,50.0,-0.655468882594832
11504.0,575200.0,574943.0,50.0,-2.571105389001611
11505.0,575250.0,574993.0,50.0,-2.378635314450016
11506.0,575300.0,575043.0,50.0,-1.1296518847523294
11507.0,575350.0,575093.0,50.0,-2.957510714775396
11508.0,575400.0,575143.0,50.0,-0.6289878775723842
11509.0,575450.0,575193.0,50.0,-1.0728957675293913
11510.0,575500.0,575243.0,50.0,-1.1699682194976568
11511.0,575550.0,575293.0,50.0,-1.1992073440264743
11512.0,575600.0,575343.0,50.0,-0.6929175738173009
11513.0,575650.0,575393.0,50.0,-0.5688441580758812
11514.0,575700.0,575443.0,50.0,-0.6408126894165485
11515.0,575750.0,575493.0,50.0,-0.7848366009256251
11516.0,575800.0,575543.0,50.0,-0.7087436443455629
11517.0,575850.0,575593.0,50.0,-1.6886165918289133
11518.0,575900.0,575643.0,50.0,-1.7326059376999643
11519.0,575950.0,575693.0,50.0,-0.8691796242719622
11520.0,576000.0,575743.0,50.0,-2.3105292779941675
11521.0,576050.0,575793.0,50.0,-1.4810242065121653
11522.0,576100.0,575843.0,50.0,-1.7125994074865447
11523.0,576150.0,575893.0,50.0,-1.3839630871423787
11524.0,576200.0,575943.0,50.0,-0.6279004686146602
11525.0,576250.0,575993.0,50.0,-0.5974808249485578
11526.0,576300.0,576043.0,50.0,-2.2244357272783537
11527.0,576350.0,576093.0,50.0,-1.002034848748961
11528.0,576400.0,576143.0,50.0,-0.8232897128023287
11529.0,576450.0,576193.0,50.0,-0.9344036986304076
11530.0,576500.0,576243.0,50.0,-1.0728194610008874
11531.0,576550.0,576293.0,50.0,-1.8659959820610972
11532.0,576600.0,576343.0,50.0,-1.4792425217443155
11533.0,576650.0,576393.0,50.0,-0.7018466875834269
11534.0,576700.0,576443.0,50.0,-2.830886767008261
11535.0,576750.0,576493.0,50.0,-1.0095849439858173
11536.0,576800.0,576543.0,50.0,-1.0552799516762983
11537.0,576850.0,576593.0,50.0,-0.8346327797200764
11538.0,576900.0,576643.0,50.0,-1.069268659747092
11539.0,576950.0,576693.0,50.0,-1.7674978800510235
11540.0,577000.0,576743.0,50.0,-1.0406645201367968
11541.0,577050.0,576793.0,50.0,-0.8600209294291395
11542.0,577100.0,576843.0,50.0,-1.0826837923220398
11543.0,577150.0,576893.0,50.0,-1.9983144522951863
11544.0,577200.0,576943.0,50.0,-1.3029584174526432
11545.0,577250.0,576993.0,50.0,-0.4673997828140891
11546.0,577300.0,577043.0,50.0,-2.0572800582746957
11547.0,577350.0,577093.0,50.0,-1.007886452994685
11548.0,577400.0,577143.0,50.0,-1.3290780539338083
11549.0,577450.0,577193.0,50.0,-1.0694053335547222
11550.0,577500.0,577243.0,50.0,-0.936744671944546
11551.0,577550.0,577293.0,50.0,-1.313131654367573
11552.0,577600.0,577343.0,50.0,-0.968151750126749
11553.0,577650.0,577393.0,50.0,-0.6077459301532885
11554.0,577700.0,577443.0,50.0,-0.8527455730066132
11555.0,577750.0,577493.0,50.0,-0.6683467335491307
11556.0,577800.0,577543.0,50.0,-0.9170132950289837
11557.0,577850.0,577593.0,50.0,-0.6595041734601496
11558.0,577900.0,577643.0,50.0,-0.8779503158615508
11559.0,577950.0,577693.0,50.0,-0.979282204840798
11560.0,578000.0,577743.0,50.0,-1.4510601616346426
11561.0,578050.0,577793.0,50.0,-0.6494365108157274
11562.0,578100.0,577843.0,50.0,-0.7200640982049865
11563.0,578150.0,577893.0,50.0,-0.5918497235749082
11564.0,578200.0,577943.0,50.0,-1.691005955635299
11565.0,578250.0,577993.0,50.0,-1.3884508296879168
11566.0,578300.0,578043.0,50.0,-0.7546949153172069
11567.0,578350.0,578093.0,50.0,-0.8215497313589476
11568.0,578400.0,578143.0,50.0,-1.1627951280776563
11569.0,578450.0,578193.0,50.0,-0.8516034617067691
11570.0,578500.0,578243.0,50.0,-0.8611381082425971
11571.0,578550.0,578293.0,50.0,-1.236024719836384
11572.0,578600.0,578343.0,50.0,-0.8948912102483492
11573.0,578650.0,578393.0,50.0,-1.7439117304663752
11574.0,578700.0,578443.0,50.0,-0.6997273714578752
11575.0,578750.0,578493.0,50.0,-0.998276621109635
11576.0,578800.0,578543.0,50.0,-1.0299753212228366
11577.0,578850.0,578593.0,50.0,-1.0596057561818581
11578.0,578900.0,578643.0,50.0,-0.9572357265594791
11579.0,578950.0,578693.0,50.0,-1.4331180335297382
11580.0,579000.0,578743.0,50.0,-1.925975721922134
11581.0,579050.0,578793.0,50.0,-0.9780917004003048
11582.0,579100.0,578843.0,50.0,-0.7001423150420122
11583.0,579150.0,578893.0,50.0,-0.878464413979052
11584.0,579200.0,578943.0,50.0,-1.040490355327213
11585.0,579250.0,578993.0,50.0,-0.8599883804996997
11586.0,579300.0,579043.0,50.0,-1.0667950486271447
11587.0,579350.0,579093.0,50.0,-0.7210429410805659
11588.0,579400.0,579143.0,50.0,-2.071115094906182
11589.0,579450.0,579193.0,50.0,-0.7233076689211052
11590.0,579500.0,579243.0,50.0,-1.802653584486467
11591.0,579550.0,579293.0,50.0,-2.1842954518904336
11592.0,579600.0,579343.0,50.0,-0.7350072048990314
11593.0,579650.0,579393.0,50.0,-1.1670331662148286
11594.0,579700.0,579443.0,50.0,-2.364508068705365
11595.0,579750.0,579493.0,50.0,-1.1244201781596292
11596.0,579800.0,579543.0,50.0,-1.6719718263055492
11597.0,579850.0,579593.0,50.0,-0.9190863902109679
11598.0,579900.0,579643.0,50.0,-1.6027951809666856
11599.0,579950.0,579693.0,50.0,-0.6880861036903033
11600.0,580000.0,579743.0,50.0,-1.3251743251371972
11601.0,580050.0,579793.0,50.0,-1.4920373075753135
11602.0,580100.0,579843.0,50.0,-0.953277503983101
11603.0,580150.0,579893.0,50.0,-0.6945138398402149
11604.0,580200.0,579943.0,50.0,-0.6046154494671439
11605.0,580250.0,579993.0,50.0,-1.0959854367889816
11606.0,580300.0,580043.0,50.0,-1.831531405300398
11607.0,580350.0,580093.0,50.0,-1.3779494646903485
11608.0,580400.0,580143.0,50.0,-0.7919490638270155
11609.0,580450.0,580193.0,50.0,-1.0005786227283793
11610.0,580500.0,580243.0,50.0,-1.319020824807978
11611.0,580550.0,580293.0,50.0,-2.009351120113083
11612.0,580600.0,580343.0,50.0,-1.2774221845406206
11613.0,580650.0,580393.0,50.0,-0.776104366926743
11614.0,580700.0,580443.0,50.0,-1.4368768623580754
11615.0,580750.0,580493.0,50.0,-1.3927198613852099
11616.0,580800.0,580543.0,50.0,-2.1402096972953992
11617.0,580850.0,580593.0,50.0,-1.0168256779217717
11618.0,580900.0,580643.0,50.0,-0.6438002288172513
11619.0,580950.0,580693.0,50.0,-0.8453589396212075
11620.0,581000.0,580743.0,50.0,-1.398986776659118
11621.0,581050.0,580793.0,50.0,-1.997446121543136
11622.0,581100.0,580843.0,50.0,-1.0455717004069818
11623.0,581150.0,580893.0,50.0,-1.894765622291915
11624.0,581200.0,580943.0,50.0,-2.757233074103194
11625.0,581250.0,580993.0,50.0,-1.0505786447903869
11626.0,581300.0,581043.0,50.0,-0.6681644057961303
11627.0,581350.0,581093.0,50.0,-1.4938202879223441
11628.0,581400.0,581143.0,50.0,-1.1726987646725022
11629.0,581450.0,581193.0,50.0,-0.8581318174181684
11630.0,581500.0,581243.0,50.0,-0.6553817049874142
11631.0,581550.0,581293.0,50.0,-0.764702902503224
11632.0,581600.0,581343.0,50.0,-1.2347917680681644
11633.0,581650.0,581393.0,50.0,-0.6409676880713271
11634.0,581700.0,581443.0,50.0,-0.6748636885687858
11635.0,581750.0,581493.0,50.0,-0.7596707628371646
11636.0,581800.0,581543.0,50.0,-0.9201338626488094
11637.0,581850.0,581593.0,50.0,-1.4493844357336445
11638.0,581900.0,581643.0,50.0,-1.5567900931508054
11639.0,581950.0,581693.0,50.0,-1.0691678920097658
11640.0,582000.0,581743.0,50.0,-0.82567434919149
11641.0,582050.0,581793.0,50.0,-1.3709082447876537
11642.0,582100.0,581843.0,50.0,-1.0837836070252238
11643.0,582150.0,581893.0,50.0,-1.7362667596674186
11644.0,582200.0,581943.0,50.0,-1.335508762166696
11645.0,582250.0,581993.0,50.0,-1.2702303195421436
11646.0,582300.0,582043.0,50.0,-0.39838072053306733
11647.0,582350.0,582093.0,50.0,-1.5090933465399143
11648.0,582400.0,582143.0,50.0,-0.5878398213298195
11649.0,582450.0,582193.0,50.0,-0.6080662842142456
11650.0,582500.0,582243.0,50.0,-1.4377395198508458
11651.0,582550.0,582293.0,50.0,-0.9409433646726154
11652.0,582600.0,582343.0,50.0,-0.9044085289290411
11653.0,582650.0,582393.0,50.0,-0.5577638243232901
11654.0,582700.0,582443.0,50.0,-0.9121277456553205
11655.0,582750.0,582493.0,50.0,-1.1047599829922379
11656.0,582800.0,582543.0,50.0,-0.8669574957922809
11657.0,582850.0,582593.0,50.0,-0.51758612135631
11658.0,582900.0,582643.0,50.0,-1.042096074653247
11659.0,582950.0,582693.0,50.0,-0.6287549063169294
11660.0,583000.0,582743.0,50.0,-1.2098672625664755
11661.0,583050.0,582793.0,50.0,-1.5470879188185003
11662.0,583100.0,582843.0,50.0,-1.2805888931534526
11663.0,583150.0,582893.0,50.0,-1.419514350494234
11664.0,583200.0,582943.0,50.0,-0.5957137335668838
11665.0,583250.0,582993.0,50.0,-1.5219614465994349
11666.0,583300.0,583043.0,50.0,-1.3372860878901496
11667.0,583350.0,583093.0,50.0,-0.8416800934789403
11668.0,583400.0,583143.0,50.0,-1.1560121891542956
11669.0,583450.0,583193.0,50.0,-0.9611290853774743
11670.0,583500.0,583243.0,50.0,-1.849380796097561
11671.0,583550.0,583293.0,50.0,-0.971175010421898
11672.0,583600.0,583343.0,50.0,-1.5100646975047152
11673.0,583650.0,583393.0,50.0,-1.122654336867049
11674.0,583700.0,583443.0,50.0,-1.0371034698322197
11675.0,583750.0,583493.0,50.0,-1.8651646855483228
11676.0,583800.0,583543.0,50.0,-0.9594105106896939
11677.0,583850.0,583593.0,50.0,-1.3450804272116446
11678.0,583900.0,583643.0,50.0,-1.5145319324455293
11679.0,583950.0,583693.0,50.0,-1.1502716889709383
11680.0,584000.0,583743.0,50.0,-1.5381241648038302
11681.0,584050.0,583793.0,50.0,-1.9491369863236967
11682.0,584100.0,583843.0,50.0,-1.1479240538019098
11683.0,584150.0,583893.0,50.0,-1.4361858799032363
11684.0,584200.0,583943.0,50.0,-1.2665044563089318
11685.0,584250.0,583993.0,50.0,-1.2019934056792878
11686.0,584300.0,584043.0,50.0,-1.4736588674477402
11687.0,584350.0,584093.0,50.0,-1.4510844264265412
11688.0,584400.0,584143.0,50.0,-1.0005087205439027
11689.0,584450.0,584193.0,50.0,-2.318945517334495
11690.0,584500.0,584243.0,50.0,-1.2836164881316177
11691.0,584550.0,584293.0,50.0,-1.9412589753093843
11692.0,584600.0,584343.0,50.0,-1.3516439818612422
11693.0,584650.0,584393.0,50.0,-0.765219904181772
11694.0,584700.0,584443.0,50.0,-0.6799488446422968
11695.0,584750.0,584493.0,50.0,-1.5385213403850382
11696.0,584800.0,584543.0,50.0,-2.5983065099600027
11697.0,584850.0,584593.0,50.0,-1.8974026968195832
11698.0,584900.0,584643.0,50.0,-1.1483823057616054
11699.0,584950.0,584693.0,50.0,-1.5615342843041546
11700.0,585000.0,584743.0,50.0,-0.7991413038500048
11701.0,585050.0,584793.0,50.0,-1.7371637392454538
11702.0,585100.0,584843.0,50.0,-0.7791003588351841
11703.0,585150.0,584893.0,50.0,-1.0540047336332825
11704.0,585200.0,584943.0,50.0,-1.006047506938737
11705.0,585250.0,584993.0,50.0,-0.7086100821752291
11706.0,585300.0,585043.0,50.0,-0.9197077536998408
11707.0,585350.0,585093.0,50.0,-1.2489732890763838
11708.0,585400.0,585143.0,50.0,-0.4508372533225821
11709.0,585450.0,585193.0,50.0,-1.9374402396429218
11710.0,585500.0,585243.0,50.0,-0.9350309533359153
11711.0,585550.0,585293.0,50.0,-1.0705245027425767
11712.0,585600.0,585343.0,50.0,-1.8717402877191032
11713.0,585650.0,585393.0,50.0,-1.0822872138406223
11714.0,585700.0,585443.0,50.0,-1.0489836643843413
11715.0,585750.0,585493.0,50.0,-2.1111720776995586
11716.0,585800.0,585543.0,50.0,-1.0878926471474957
11717.0,585850.0,585593.0,50.0,-1.0239011155405833
11718.0,585900.0,585643.0,50.0,-0.6910928650295324
11719.0,585950.0,585693.0,50.0,-1.0196249789518699
11720.0,586000.0,585743.0,50.0,-1.2995753305979738
11721.0,586050.0,585793.0,50.0,-0.6282364893272664
11722.0,586100.0,585843.0,50.0,-1.7610194551106997
11723.0,586150.0,585893.0,50.0,-0.7399249393612428
11724.0,586200.0,585943.0,50.0,-0.6277483174474029
11725.0,586250.0,585993.0,50.0,-1.0592108600730412
11726.0,586300.0,586043.0,50.0,-1.0375555086403312
11727.0,586350.0,586093.0,50.0,-1.1883905344330075
11728.0,586400.0,586143.0,50.0,-0.9277958499910347
11729.0,586450.0,586193.0,50.0,-0.8328694572229072
11730.0,586500.0,586243.0,50.0,-1.8750095059667915
11731.0,586550.0,586293.0,50.0,-1.47740113562173
11732.0,586600.0,586343.0,50.0,-0.8160719932366337
11733.0,586650.0,586393.0,50.0,-1.0404683546826736
11734.0,586700.0,586443.0,50.0,-0.6089952980757064
11735.0,586750.0,586493.0,50.0,-0.6372706180928613
11736.0,586800.0,586543.0,50.0,-0.8508987874672536
11737.0,586850.0,586593.0,50.0,-3.5357498638856617
11738.0,586900.0,586643.0,50.0,-0.876456540868212
11739.0,586950.0,586693.0,50.0,-1.0864591511527852
11740.0,587000.0,586743.0,50.0,-1.4731544508771017
11741.0,587050.0,586793.0,50.0,-1.090725502936329
11742.0,587100.0,586843.0,50.0,-1.1040013676099332
11743.0,587150.0,586893.0,50.0,-1.5375231182474196
11744.0,587200.0,586943.0,50.0,-1.1645555639963119
11745.0,587250.0,586993.0,50.0,-0.874881130520427
11746.0,587300.0,587043.0,50.0,-0.8253741864873231
11747.0,587350.0,587093.0,50.0,-0.816161283853959
11748.0,587400.0,587143.0,50.0,-2.134525137428044
11749.0,587450.0,587193.0,50.0,-1.776953841524141
11750.0,587500.0,587243.0,50.0,-1.0266763605032507
11751.0,587550.0,587293.0,50.0,-1.0383730876582793
11752.0,587600.0,587343.0,50.0,-1.5201787763875478
11753.0,587650.0,587393.0,50.0,-1.5510036704695378
11754.0,587700.0,587443.0,50.0,-1.1428003902394026
11755.0,587750.0,587493.0,50.0,-0.5562929356617341
11756.0,587800.0,587543.0,50.0,-0.890204495353948
11757.0,587850.0,587593.0,50.0,-1.83470292608365
11758.0,587900.0,587643.0,50.0,-2.2027788375711226
11759.0,587950.0,587693.0,50.0,-0.7585528864034808
11760.0,588000.0,587743.0,50.0,-0.9623737886068038
11761.0,588050.0,587793.0,50.0,-1.4807019508162391
11762.0,588100.0,587843.0,50.0,-1.7583443712669131
11763.0,588150.0,587893.0,50.0,-0.6448290348960246
11764.0,588200.0,587943.0,50.0,-0.7080236540061758
11765.0,588250.0,587993.0,50.0,-1.278190730219107
11766.0,588300.0,588043.0,50.0,-0.9995862446654075
11767.0,588350.0,588093.0,50.0,-1.471266075881936
11768.0,588400.0,588143.0,50.0,-0.8242319024093647
11769.0,588450.0,588193.0,50.0,-1.2784445616694577
11770.0,588500.0,588243.0,50.0,-1.188227620143764
11771.0,588550.0,588293.0,50.0,-2.0531908709273523
11772.0,588600.0,588343.0,50.0,-0.9167253287396195
11773.0,588650.0,588393.0,50.0,-1.9178644045882736
11774.0,588700.0,588443.0,50.0,-1.2681757766284292
11775.0,588750.0,588493.0,50.0,-1.0326446130727072
11776.0,588800.0,588543.0,50.0,-1.1326109848927772
11777.0,588850.0,588593.0,50.0,-1.0332540453920065
11778.0,588900.0,588643.0,50.0,-1.6063772959273757
11779.0,588950.0,588693.0,50.0,-1.799105359112704
11780.0,589000.0,588743.0,50.0,-1.7632244768282817
11781.0,589050.0,588793.0,50.0,-1.0589807109870937
11782.0,589100.0,588843.0,50.0,-0.91243520668114
11783.0,589150.0,588893.0,50.0,-1.4008653904637511
11784.0,589200.0,588943.0,50.0,-1.8097949520814043
11785.0,589250.0,588993.0,50.0,-1.514718434908895
11786.0,589300.0,589043.0,50.0,-0.9395231062337875
11787.0,589350.0,589093.0,50.0,-1.4179967214135207
11788.0,589400.0,589143.0,50.0,-0.9479228819174457
11789.0,589450.0,589193.0,50.0,-2.3121852047023363
11790.0,589500.0,589243.0,50.0,-0.8728335689215337
11791.0,589550.0,589293.0,50.0,-0.7863065392918611
11792.0,589600.0,589343.0,50.0,-1.4514715330079715
11793.0,589650.0,589393.0,50.0,-0.8190467727715437
11794.0,589700.0,589443.0,50.0,-0.8384881594851231
11795.0,589750.0,589493.0,50.0,-1.6272291328178536
11796.0,589800.0,589543.0,50.0,-1.8374302645552316
11797.0,589850.0,589593.0,50.0,-1.027452800925513
11798.0,589900.0,589643.0,50.0,-0.7851140401747351
11799.0,589950.0,589693.0,50.0,-1.7403345049837016
11800.0,590000.0,589743.0,50.0,-0.6406612289401183
11801.0,590050.0,589793.0,50.0,-1.2762207767837097
11802.0,590100.0,589843.0,50.0,-1.7007680022540383
11803.0,590150.0,589893.0,50.0,-1.3833112457832892
11804.0,590200.0,589943.0,50.0,-1.3437434438685112
11805.0,590250.0,589993.0,50.0,-1.105028283682954
11806.0,590300.0,590043.0,50.0,-1.4185959824600716
11807.0,590350.0,590093.0,50.0,-1.540178482946339
11808.0,590400.0,590143.0,50.0,-0.8838680254689534
11809.0,590450.0,590193.0,50.0,-0.8193244357099982
11810.0,590500.0,590243.0,50.0,-1.0392705540355052
11811.0,590550.0,590293.0,50.0,-0.8612205696585149
11812.0,590600.0,590343.0,50.0,-0.6084426656126433
11813.0,590650.0,590393.0,50.0,-0.9472857003540662
11814.0,590700.0,590443.0,50.0,-0.593032517575909
11815.0,590750.0,590493.0,50.0,-0.864683042754167
11816.0,590800.0,590543.0,50.0,-1.2826187153780106
11817.0,590850.0,590593.0,50.0,-0.9500331410307182
11818.0,590900.0,590643.0,50.0,-1.595331446533682
11819.0,590950.0,590693.0,50.0,-1.1411759385064666
11820.0,591000.0,590743.0,50.0,-0.7772182846952692
11821.0,591050.0,590793.0,50.0,-0.9453077777889112
11822.0,591100.0,590843.0,50.0,-1.2153132364730435
11823.0,591150.0,590893.0,50.0,-0.8135218524178291
11824.0,591200.0,590943.0,50.0,-0.7009846213993025
11825.0,591250.0,590993.0,50.0,-0.5868004527063159
11826.0,591300.0,591043.0,50.0,-1.0044690763115667
11827.0,591350.0,591093.0,50.0,-1.7686667431891399
11828.0,591400.0,591143.0,50.0,-0.6893983580474793
11829.0,591450.0,591193.0,50.0,-1.5540592778533564
11830.0,591500.0,591243.0,50.0,-0.7677861252708702
11831.0,591550.0,591293.0,50.0,-1.9634920035120556
11832.0,591600.0,591343.0,50.0,-1.7945856389461838
11833.0,591650.0,591393.0,50.0,-1.0521543670151612
11834.0,591700.0,591443.0,50.0,-1.6366169390106713
11835.0,591750.0,591493.0,50.0,-1.1146793226352611
11836.0,591800.0,591543.0,50.0,-0.605922848558432
11837.0,591850.0,591593.0,50.0,-1.3205831191248838
11838.0,591900.0,591643.0,50.0,-0.9226809884019072
11839.0,591950.0,591693.0,50.0,-0.9281369074471992
11840.0,592000.0,591743.0,50.0,-1.5999122483373256
11841.0,592050.0,591793.0,50.0,-1.1441653970097532
11842.0,592100.0,591843.0,50.0,-0.8482600598267436
11843.0,592150.0,591893.0,50.0,-1.6395301344772564
11844.0,592200.0,591943.0,50.0,-0.8449488508503352
11845.0,592250.0,591993.0,50.0,-1.0791650075786494
11846.0,592300.0,592043.0,50.0,-0.7029899035174246
11847.0,592350.0,592093.0,50.0,-0.8896273404223073
11848.0,592400.0,592143.0,50.0,-1.9256385056966856
11849.0,592450.0,592193.0,50.0,-1.237999556015727
11850.0,592500.0,592243.0,50.0,-0.967364912492567
11851.0,592550.0,592293.0,50.0,-0.6702323990044701
11852.0,592600.0,592343.0,50.0,-1.364974965686763
11853.0,592650.0,592393.0,50.0,-1.7918610497519527
11854.0,592700.0,592443.0,50.0,-0.7122513110396644
11855.0,592750.0,592493.0,50.0,-1.3993905136416236
11856.0,592800.0,592543.0,50.0,-1.8754909084520663
11857.0,592850.0,592593.0,50.0,-0.9062449003690585
11858.0,592900.0,592643.0,50.0,-1.3846738033650559
11859.0,592950.0,592693.0,50.0,-1.2746301416004273
11860.0,593000.0,592743.0,50.0,-1.7057130014998005
11861.0,593050.0,592793.0,50.0,-2.229972168016282
11862.0,593100.0,592843.0,50.0,-1.643834804286023
11863.0,593150.0,592893.0,50.0,-1.3073182158072165
11864.0,593200.0,592943.0,50.0,-1.1264272567691622
11865.0,593250.0,592993.0,50.0,-0.5242348660413182
11866.0,593300.0,593043.0,50.0,-0.7911005289629829
11867.0,593350.0,593093.0,50.0,-1.298178473347713
11868.0,593400.0,593143.0,50.0,-1.0323365027977893
11869.0,593450.0,593193.0,50.0,-1.054980911951226
11870.0,593500.0,593243.0,50.0,-0.9611477244867044
11871.0,593550.0,593293.0,50.0,-1.1242085863073858
11872.0,593600.0,593343.0,50.0,-1.6362107189531814
11873.0,593650.0,593393.0,50.0,-1.9174615062106857
11874.0,593700.0,593443.0,50.0,-1.5043341212177583
11875.0,593750.0,593493.0,50.0,-1.3295845257268906
11876.0,593800.0,593543.0,50.0,-1.958776570315656
11877.0,593850.0,593593.0,50.0,-1.6345628633632383
11878.0,593900.0,593643.0,50.0,-2.198664274017757
11879.0,593950.0,593693.0,50.0,-0.7283891764537045
11880.0,594000.0,593743.0,50.0,-1.0653058584269446
11881.0,594050.0,593793.0,50.0,-1.8416543249721764
11882.0,594100.0,593843.0,50.0,-1.9106100943427282
11883.0,594150.0,593893.0,50.0,-0.8484009414642831
11884.0,594200.0,593943.0,50.0,-1.0039111897410866
11885.0,594250.0,593993.0,50.0,-1.0962772393189038
11886.0,594300.0,594043.0,50.0,-0.6609239932267661
11887.0,594350.0,594093.0,50.0,-1.3044215932348922
11888.0,594400.0,594143.0,50.0,-1.378895252478471
11889.0,594450.0,594193.0,50.0,-0.9828213839959703
11890.0,594500.0,594243.0,50.0,-1.3864937883851605
11891.0,594550.0,594293.0,50.0,-1.8292976532238214
11892.0,594600.0,594343.0,50.0,-1.2300491064286228
11893.0,594650.0,594393.0,50.0,-1.8986375134113616
11894.0,594700.0,594443.0,50.0,-2.168079189003092
11895.0,594750.0,594493.0,50.0,-0.7816440530720917
11896.0,594800.0,594543.0,50.0,-0.5672274117620683
11897.0,594850.0,594593.0,50.0,-1.2915215581098634
11898.0,594900.0,594643.0,50.0,-0.7191350679757207
11899.0,594950.0,594693.0,50.0,-0.6225890205373422
11900.0,595000.0,594743.0,50.0,-0.7704587983282192
11901.0,595050.0,594793.0,50.0,-2.9651526154271437
11902.0,595100.0,594843.0,50.0,-0.6989330484449987
11903.0,595150.0,594893.0,50.0,-1.020134954478827
11904.0,595200.0,594943.0,50.0,-0.9916599010242342
11905.0,595250.0,594993.0,50.0,-2.0195109419890693
11906.0,595300.0,595043.0,50.0,-1.1014450493395478
11907.0,595350.0,595093.0,50.0,-1.2840191458918673
11908.0,595400.0,595143.0,50.0,-2.0873431261202087
11909.0,595450.0,595193.0,50.0,-0.8238752684502182
11910.0,595500.0,595243.0,50.0,-1.1213130637039999
11911.0,595550.0,595293.0,50.0,-0.8305409134129814
11912.0,595600.0,595343.0,50.0,-1.4054755228563067
11913.0,595650.0,595393.0,50.0,-1.7274234013066505
11914.0,595700.0,595443.0,50.0,-1.2320742667892808
11915.0,595750.0,595493.0,50.0,-1.1626822565113546
11916.0,595800.0,595543.0,50.0,-1.502197939689161
11917.0,595850.0,595593.0,50.0,-1.5580150580412657
11918.0,595900.0,595643.0,50.0,-0.8234623006465054
11919.0,595950.0,595693.0,50.0,-0.870540938199783
11920.0,596000.0,595743.0,50.0,-0.5227655783792792
11921.0,596050.0,595793.0,50.0,-0.5546629409272303
11922.0,596100.0,595843.0,50.0,-2.432313902788957
11923.0,596150.0,595893.0,50.0,-0.9004907423747223
11924.0,596200.0,595943.0,50.0,-0.9569182009928042
11925.0,596250.0,595993.0,50.0,-0.7146249378614867
11926.0,596300.0,596043.0,50.0,-0.7221448029924733
11927.0,596350.0,596093.0,50.0,-1.4845686685038917
11928.0,596400.0,596143.0,50.0,-1.7293049398894462
11929.0,596450.0,596193.0,50.0,-0.9272679015388132
11930.0,596500.0,596243.0,50.0,-1.604557733889311
11931.0,596550.0,596293.0,50.0,-1.965769450287095
11932.0,596600.0,596343.0,50.0,-0.8256581083049682
11933.0,596650.0,596393.0,50.0,-0.6986314063114516
11934.0,596700.0,596443.0,50.0,-1.1440736522688075
11935.0,596750.0,596493.0,50.0,-1.107653506497237
11936.0,596800.0,596543.0,50.0,-1.0713663506312194
11937.0,596850.0,596593.0,50.0,-0.7533578777082804
11938.0,596900.0,596643.0,50.0,-1.6374604427518835
11939.0,596950.0,596693.0,50.0,-1.2251087772491847
11940.0,597000.0,596743.0,50.0,-0.9340751471662467
11941.0,597050.0,596793.0,50.0,-0.6189004464908049
11942.0,597100.0,596843.0,50.0,-1.4378891802970046
11943.0,597150.0,596893.0,50.0,-0.7969368759104838
11944.0,597200.0,596943.0,50.0,-1.2757524369708657
11945.0,597250.0,596993.0,50.0,-1.4990608812667399
11946.0,597300.0,597043.0,50.0,-1.3687739229427023
11947.0,597350.0,597093.0,50.0,-1.1398352123918931
11948.0,597400.0,597143.0,50.0,-1.4090546523308967
11949.0,597450.0,597193.0,50.0,-0.9065116364255404
11950.0,597500.0,597243.0,50.0,-1.4857914155407248
11951.0,597550.0,597293.0,50.0,-0.8743325641421722
11952.0,597600.0,597343.0,50.0,-2.201448571472299
11953.0,597650.0,597393.0,50.0,-0.838587912893019
11954.0,597700.0,597443.0,50.0,-0.5298180535448922
11955.0,597750.0,597493.0,50.0,-1.8608127241549897
11956.0,597800.0,597543.0,50.0,-1.3218179712541098
11957.0,597850.0,597593.0,50.0,-0.8838361107561895
11958.0,597900.0,597643.0,50.0,-1.2038883216972058
11959.0,597950.0,597693.0,50.0,-2.1180618884199216
11960.0,598000.0,597743.0,50.0,-1.8143809093899173
11961.0,598050.0,597793.0,50.0,-0.6770828169290204
11962.0,598100.0,597843.0,50.0,-0.6121338425423161
11963.0,598150.0,597893.0,50.0,-1.1944157280766512
11964.0,598200.0,597943.0,50.0,-1.4805419782925764
11965.0,598250.0,597993.0,50.0,-0.8932273643041359
11966.0,598300.0,598043.0,50.0,-1.172132498067571
11967.0,598350.0,598093.0,50.0,-1.5452523329998686
11968.0,598400.0,598143.0,50.0,-1.8447623965658861
11969.0,598450.0,598193.0,50.0,-1.9531623118447672
11970.0,598500.0,598243.0,50.0,-0.9569432197061672
11971.0,598550.0,598293.0,50.0,-1.1693074949235027
11972.0,598600.0,598343.0,50.0,-1.9078567819945003
11973.0,598650.0,598393.0,50.0,-1.061546087750581
11974.0,598700.0,598443.0,50.0,-2.21557713854916
11975.0,598750.0,598493.0,50.0,-0.767282374254956
11976.0,598800.0,598543.0,50.0,-1.6381318690227966
11977.0,598850.0,598593.0,50.0,-0.6218447379476563
11978.0,598900.0,598643.0,50.0,-1.530525276419167
11979.0,598950.0,598693.0,50.0,-1.072612783031135
11980.0,599000.0,598743.0,50.0,-0.8625029781707781
11981.0,599050.0,598793.0,50.0,-0.5307066214428141
11982.0,599100.0,598843.0,50.0,-0.724263356821109
11983.0,599150.0,598893.0,50.0,-0.8210078911704984
11984.0,599200.0,598943.0,50.0,-2.07560473077776
11985.0,599250.0,598993.0,50.0,-0.941407179605772
11986.0,599300.0,599043.0,50.0,-1.8798825901387732
11987.0,599350.0,599093.0,50.0,-1.4958835616433073
11988.0,599400.0,599143.0,50.0,-1.1441439828567646
11989.0,599450.0,599193.0,50.0,-1.7693113920628978
11990.0,599500.0,599243.0,50.0,-1.003799857764407
11991.0,599550.0,599293.0,50.0,-0.5712619574490322
11992.0,599600.0,599343.0,50.0,-0.7523092411304381
11993.0,599650.0,599393.0,50.0,-0.8865999237948713
11994.0,599700.0,599443.0,50.0,-1.5429333912550844
11995.0,599750.0,599493.0,50.0,-1.1797975698522731
11996.0,599800.0,599543.0,50.0,-1.9089157525750742
11997.0,599850.0,599593.0,50.0,-1.4492961420639194
11998.0,599900.0,599643.0,50.0,-0.7088142564741708
11999.0,599950.0,599693.0,50.0,-0.8285306155227875
12000.0,600000.0,599743.0,50.0,-0.8911629427346963
12001.0,600050.0,599793.0,50.0,-0.667762068581111
12002.0,600100.0,599843.0,50.0,-1.4614279905140777
12003.0,600150.0,599893.0,50.0,-1.312584002598713
12004.0,600200.0,599943.0,50.0,-0.9479807504233468
12005.0,600250.0,599993.0,50.0,-1.3300667160927628
12006.0,600300.0,600043.0,50.0,-1.0244559072322825
12007.0,600350.0,600093.0,50.0,-1.382442314909512
12008.0,600400.0,600143.0,50.0,-1.3692009199238535
12009.0,600450.0,600193.0,50.0,-0.7231766010760022
12010.0,600500.0,600243.0,50.0,-0.6878236849030746
12011.0,600550.0,600293.0,50.0,-1.4259340987420894
12012.0,600600.0,600343.0,50.0,-0.7414187537419994
12013.0,600650.0,600393.0,50.0,-1.448508779948176
12014.0,600700.0,600443.0,50.0,-0.9081128610694357
12015.0,600750.0,600493.0,50.0,-1.5998615550870976
12016.0,600800.0,600543.0,50.0,-0.7345224264307643
12017.0,600850.0,600593.0,50.0,-2.810445694265311
12018.0,600900.0,600643.0,50.0,-0.9686147572447448
12019.0,600950.0,600693.0,50.0,-1.342787332192416
12020.0,601000.0,600743.0,50.0,-1.1536408034203414
12021.0,601050.0,600793.0,50.0,-0.6950892034327126
12022.0,601100.0,600843.0,50.0,-1.060041661769104
12023.0,601150.0,600893.0,50.0,-2.12243893021159
12024.0,601200.0,600943.0,50.0,-0.8571546068767917
12025.0,601250.0,600993.0,50.0,-1.8851983920980848
12026.0,601300.0,601043.0,50.0,-1.3311343563325329
12027.0,601350.0,601093.0,50.0,-0.7532117181758888
12028.0,601400.0,601143.0,50.0,-1.0959420530034338
12029.0,601450.0,601193.0,50.0,-0.9518564917600104
12030.0,601500.0,601243.0,50.0,-0.7978886959824758
12031.0,601550.0,601293.0,50.0,-1.5573274013018754
12032.0,601600.0,601343.0,50.0,-1.0044961384015734
12033.0,601650.0,601393.0,50.0,-1.3986705602878766
12034.0,601700.0,601443.0,50.0,-1.7475331247902521
12035.0,601750.0,601493.0,50.0,-1.5967681237412448
12036.0,601800.0,601543.0,50.0,-2.1621899358943426
12037.0,601850.0,601593.0,50.0,-1.7793418351392558
12038.0,601900.0,601643.0,50.0,-1.54881528073335
12039.0,601950.0,601693.0,50.0,-1.8269778115514563
12040.0,602000.0,601743.0,50.0,-1.393999703143597
12041.0,602050.0,601793.0,50.0,-0.8116763927542539
12042.0,602100.0,601843.0,50.0,-1.2881930766918093
12043.0,602150.0,601893.0,50.0,-0.9806611629255849
12044.0,602200.0,601943.0,50.0,-1.4930329258866863
12045.0,602250.0,601993.0,50.0,-1.0147260764389952
12046.0,602300.0,602043.0,50.0,-0.8993128103253883
12047.0,602350.0,602093.0,50.0,-0.5812184414807481
12048.0,602400.0,602143.0,50.0,-1.1235796731714498
12049.0,602450.0,602193.0,50.0,-1.518620973192586
12050.0,602500.0,602243.0,50.0,-1.134353989738433
12051.0,602550.0,602293.0,50.0,-1.2199921655224433
12052.0,602600.0,602343.0,50.0,-0.9794829193646504
12053.0,602650.0,602393.0,50.0,-2.842415429054529
12054.0,602700.0,602443.0,50.0,-1.282373002065975
12055.0,602750.0,602493.0,50.0,-0.7581734840800972
12056.0,602800.0,602543.0,50.0,-0.9475986594294957
12057.0,602850.0,602593.0,50.0,-1.4329183439067852
12058.0,602900.0,602643.0,50.0,-2.324776416612122
12059.0,602950.0,602693.0,50.0,-0.6934157853624284
12060.0,603000.0,602743.0,50.0,-1.4367435919917881
12061.0,603050.0,602793.0,50.0,-0.7099850316336209
12062.0,603100.0,602843.0,50.0,-1.2698059858234578
12063.0,603150.0,602893.0,50.0,-1.3975439566072754
12064.0,603200.0,602943.0,50.0,-1.687156938937668
12065.0,603250.0,602993.0,50.0,-0.9964188498105034
12066.0,603300.0,603043.0,50.0,-1.3871423630525614
12067.0,603350.0,603093.0,50.0,-1.0301248195686068
12068.0,603400.0,603143.0,50.0,-0.9373350017699519
12069.0,603450.0,603193.0,50.0,-1.1609035397359067
12070.0,603500.0,603243.0,50.0,-0.8641334397669281
12071.0,603550.0,603293.0,50.0,-1.5736865180842763
12072.0,603600.0,603343.0,50.0,-0.4384844463962798
12073.0,603650.0,603393.0,50.0,-1.2323270248063538
12074.0,603700.0,603443.0,50.0,-1.663633086884198
12075.0,603750.0,603493.0,50.0,-0.5510954073531792
12076.0,603800.0,603543.0,50.0,-0.9000889023905506
12077.0,603850.0,603593.0,50.0,-1.0617899770729629
12078.0,603900.0,603643.0,50.0,-0.6337895502776167
12079.0,603950.0,603693.0,50.0,-1.136100595852262
12080.0,604000.0,603743.0,50.0,-1.0645599471179072
12081.0,604050.0,603793.0,50.0,-0.92836035845997
12082.0,604100.0,603843.0,50.0,-0.664341183233043
12083.0,604150.0,603893.0,50.0,-1.4609922749368571
12084.0,604200.0,603943.0,50.0,-1.2651315158074532
12085.0,604250.0,603993.0,50.0,-0.5826006971616609
12086.0,604300.0,604043.0,50.0,-0.8095862635871051
12087.0,604350.0,604093.0,50.0,-1.1360672062864192
12088.0,604400.0,604143.0,50.0,-1.1065586650781614
12089.0,604450.0,604193.0,50.0,-0.9313736023416546
12090.0,604500.0,604243.0,50.0,-0.8134808841707216
12091.0,604550.0,604293.0,50.0,-0.8174360494153057
12092.0,604600.0,604343.0,50.0,-1.255437228468148
12093.0,604650.0,604393.0,50.0,-1.1845181530334328
12094.0,604700.0,604443.0,50.0,-1.7237703555874186
12095.0,604750.0,604493.0,50.0,-1.5334461980331027
12096.0,604800.0,604543.0,50.0,-0.9398481793977247
12097.0,604850.0,604593.0,50.0,-2.07556921269729
12098.0,604900.0,604643.0,50.0,-0.9930826478489276
12099.0,604950.0,604693.0,50.0,-0.9123660818569388
12100.0,605000.0,604743.0,50.0,-0.6711755809266226
12101.0,605050.0,604793.0,50.0,-0.6425553162261759
12102.0,605100.0,604843.0,50.0,-1.2147153543845524
12103.0,605150.0,604893.0,50.0,-0.7246969575529161
12104.0,605200.0,604943.0,50.0,-0.7564866874027791
12105.0,605250.0,604993.0,50.0,-1.7215949666689963
12106.0,605300.0,605043.0,50.0,-1.323504144616038
12107.0,605350.0,605093.0,50.0,-1.4581823083609793
12108.0,605400.0,605143.0,50.0,-1.1118060252583175
12109.0,605450.0,605193.0,50.0,-1.2218124772886005
12110.0,605500.0,605243.0,50.0,-1.3491686451540779
12111.0,605550.0,605293.0,50.0,-1.1572833038180625
12112.0,605600.0,605343.0,50.0,-0.9005936708190199
12113.0,605650.0,605393.0,50.0,-0.7638934205877745
12114.0,605700.0,605443.0,50.0,-0.8997286494147428
12115.0,605750.0,605493.0,50.0,-0.8276818118055416
12116.0,605800.0,605543.0,50.0,-0.5723855605790078
12117.0,605850.0,605593.0,50.0,-0.9244262166193027
12118.0,605900.0,605643.0,50.0,-0.9049133054464192
12119.0,605950.0,605693.0,50.0,-0.6638887797485714
12120.0,606000.0,605743.0,50.0,-1.0995897271555282
12121.0,606050.0,605793.0,50.0,-0.7574555357440624
12122.0,606100.0,605843.0,50.0,-0.6710422849393253
12123.0,606150.0,605893.0,50.0,-1.7817919611387711
12124.0,606200.0,605943.0,50.0,-0.8223738316791848
12125.0,606250.0,605993.0,50.0,-1.324953472505729
12126.0,606300.0,606043.0,50.0,-0.6808087608017148
12127.0,606350.0,606093.0,50.0,-0.8818443537217837
12128.0,606400.0,606143.0,50.0,-0.513561469066496
12129.0,606450.0,606193.0,50.0,-0.9659938399172022
12130.0,606500.0,606243.0,50.0,-1.4533746843800157
12131.0,606550.0,606293.0,50.0,-1.2981451632203111
12132.0,606600.0,606343.0,50.0,-1.087008779049879
12133.0,606650.0,606393.0,50.0,-0.7164867737910879
12134.0,606700.0,606443.0,50.0,-1.0262549571363038
12135.0,606750.0,606493.0,50.0,-1.5630108408762775
12136.0,606800.0,606543.0,50.0,-0.551003717172753
12137.0,606850.0,606593.0,50.0,-1.5661639888767878
12138.0,606900.0,606643.0,50.0,-1.4313501764167675
12139.0,606950.0,606693.0,50.0,-0.8058681504857902
12140.0,607000.0,606743.0,50.0,-1.1295765928393036
12141.0,607050.0,606793.0,50.0,-0.6993397985013482
12142.0,607100.0,606843.0,50.0,-1.6691096728761816
12143.0,607150.0,606893.0,50.0,-0.8629142346009027
12144.0,607200.0,606943.0,50.0,-0.7795959841536488
12145.0,607250.0,606993.0,50.0,-1.034956914526961
12146.0,607300.0,607043.0,50.0,-0.5202717570766104
12147.0,607350.0,607093.0,50.0,-1.2784789109741872
12148.0,607400.0,607143.0,50.0,-0.7810096956145893
12149.0,607450.0,607193.0,50.0,-1.31042438599023
12150.0,607500.0,607243.0,50.0,-1.138462723352088
12151.0,607550.0,607293.0,50.0,-1.4170112226066303
12152.0,607600.0,607343.0,50.0,-0.9719175195349838
12153.0,607650.0,607393.0,50.0,-1.1161828101172537
12154.0,607700.0,607443.0,50.0,-1.0246873322322498
12155.0,607750.0,607493.0,50.0,-0.5615428071494339
12156.0,607800.0,607543.0,50.0,-0.913222091759683
12157.0,607850.0,607593.0,50.0,-0.8305427290033386
12158.0,607900.0,607643.0,50.0,-0.7432075165382133
12159.0,607950.0,607693.0,50.0,-1.2653983541636264
12160.0,608000.0,607743.0,50.0,-0.811265845075481
12161.0,608050.0,607793.0,50.0,-0.8754284182629158
12162.0,608100.0,607843.0,50.0,-1.2460386785840936
12163.0,608150.0,607893.0,50.0,-1.4458341013744966
12164.0,608200.0,607943.0,50.0,-1.8294970527175733
12165.0,608250.0,607993.0,50.0,-1.503326873769024
12166.0,608300.0,608043.0,50.0,-0.9515243575639175
12167.0,608350.0,608093.0,50.0,-0.7303679689314322
12168.0,608400.0,608143.0,50.0,-1.2116103528975446
12169.0,608450.0,608193.0,50.0,-1.0055742814142425
12170.0,608500.0,608243.0,50.0,-1.661246964079758
12171.0,608550.0,608293.0,50.0,-0.9349554016582792
12172.0,608600.0,608343.0,50.0,-1.4086316949135838
12173.0,608650.0,608393.0,50.0,-0.8860074314851233
12174.0,608700.0,608443.0,50.0,-1.2425236808032607
12175.0,608750.0,608493.0,50.0,-0.7599343650525954
12176.0,608800.0,608543.0,50.0,-1.2907157810508942
12177.0,608850.0,608593.0,50.0,-1.3139929665245358
12178.0,608900.0,608643.0,50.0,-1.0800363485739644
12179.0,608950.0,608693.0,50.0,-1.0172972587386309
12180.0,609000.0,608743.0,50.0,-0.8570848996276726
12181.0,609050.0,608793.0,50.0,-1.435095227967025
12182.0,609100.0,608843.0,50.0,-1.2965054539938505
12183.0,609150.0,608893.0,50.0,-0.9938639440956084
12184.0,609200.0,608943.0,50.0,-1.3977572967761083
12185.0,609250.0,608993.0,50.0,-0.7369838497419263
12186.0,609300.0,609043.0,50.0,-1.0955408484401525
12187.0,609350.0,609093.0,50.0,-1.0055131816433327
12188.0,609400.0,609143.0,50.0,-0.745610391199158
12189.0,609450.0,609193.0,50.0,-0.7274334643204841
12190.0,609500.0,609243.0,50.0,-0.6741145621421444
12191.0,609550.0,609293.0,50.0,-0.8969090497906171
12192.0,609600.0,609343.0,50.0,-1.491002442369274
12193.0,609650.0,609393.0,50.0,-0.6159624348638723
12194.0,609700.0,609443.0,50.0,-0.6786796817092042
12195.0,609750.0,609493.0,50.0,-1.6301063272291079
12196.0,609800.0,609543.0,50.0,-1.2781302914355333
12197.0,609850.0,609593.0,50.0,-1.0748328209439213
12198.0,609900.0,609643.0,50.0,-1.0503412798080742
12199.0,609950.0,609693.0,50.0,-1.3435840244219737
12200.0,610000.0,609743.0,50.0,-0.5706212098305727
12201.0,610050.0,609793.0,50.0,-1.1125022685878965
12202.0,610100.0,609843.0,50.0,-0.6811425468576086
12203.0,610150.0,609893.0,50.0,-0.7235736873806555
12204.0,610200.0,609943.0,50.0,-1.2163238499481164
12205.0,610250.0,609993.0,50.0,-0.9721628363620948
12206.0,610300.0,610043.0,50.0,-1.192029282172766
12207.0,610350.0,610093.0,50.0,-0.6784726556900261
12208.0,610400.0,610143.0,50.0,-0.6644963071766696
12209.0,610450.0,610193.0,50.0,-0.6183511228774498
12210.0,610500.0,610243.0,50.0,-0.7629827276650071
12211.0,610550.0,610293.0,50.0,-1.5229153831218682
12212.0,610600.0,610343.0,50.0,-1.6628212126481168
12213.0,610650.0,610393.0,50.0,-1.6563821873086104
12214.0,610700.0,610443.0,50.0,-0.9695431468305162
12215.0,610750.0,610493.0,50.0,-0.6673541890329184
12216.0,610800.0,610543.0,50.0,-0.9084982424048429
12217.0,610850.0,610593.0,50.0,-0.9996657218009727
12218.0,610900.0,610643.0,50.0,-0.8233788155572217
12219.0,610950.0,610693.0,50.0,-0.9778450403953016
12220.0,611000.0,610743.0,50.0,-0.6102725786843533
12221.0,611050.0,610793.0,50.0,-0.9192815620434769
12222.0,611100.0,610843.0,50.0,-1.0219629558259806
12223.0,611150.0,610893.0,50.0,-1.1692959191559242
12224.0,611200.0,610943.0,50.0,-2.181393480716013
12225.0,611250.0,610993.0,50.0,-0.9839334119406434
12226.0,611300.0,611043.0,50.0,-2.661000403584831
12227.0,611350.0,611093.0,50.0,-1.6339543161986896
12228.0,611400.0,611143.0,50.0,-1.4530503479643189
12229.0,611450.0,611193.0,50.0,-1.2555921500708893
12230.0,611500.0,611243.0,50.0,-1.7986794882122867
12231.0,611550.0,611293.0,50.0,-1.4184986898352494
12232.0,611600.0,611343.0,50.0,-0.8878629854049962
12233.0,611650.0,611393.0,50.0,-0.8669203298757153
12234.0,611700.0,611443.0,50.0,-0.6114689345262722
12235.0,611750.0,611493.0,50.0,-1.4381655125161024
12236.0,611800.0,611543.0,50.0,-0.9562899214052282
12237.0,611850.0,611593.0,50.0,-1.184522923074366
12238.0,611900.0,611643.0,50.0,-0.8240052674283356
12239.0,611950.0,611693.0,50.0,-1.473740457928062
12240.0,612000.0,611743.0,50.0,-0.7371153721437727
12241.0,612050.0,611793.0,50.0,-0.9817400000298271
12242.0,612100.0,611843.0,50.0,-1.223537744539534
12243.0,612150.0,611893.0,50.0,-1.0425356086798132
12244.0,612200.0,611943.0,50.0,-0.8884291366797357
12245.0,612250.0,611993.0,50.0,-1.379539530849479
12246.0,612300.0,612043.0,50.0,-0.9128944938457066
12247.0,612350.0,612093.0,50.0,-1.3653721536718235
12248.0,612400.0,612143.0,50.0,-0.8548279643665136
12249.0,612450.0,612193.0,50.0,-1.0687097395097451
12250.0,612500.0,612243.0,50.0,-1.1736482726131736
12251.0,612550.0,612293.0,50.0,-0.7073626399455267
12252.0,612600.0,612343.0,50.0,-0.9531023489733115
12253.0,612650.0,612393.0,50.0,-0.8796025470097385
12254.0,612700.0,612443.0,50.0,-0.6456825599055726
12255.0,612750.0,612493.0,50.0,-0.972890106779118
12256.0,612800.0,612543.0,50.0,-0.765866504797854
12257.0,612850.0,612593.0,50.0,-0.7542488403173371
12258.0,612900.0,612643.0,50.0,-0.5841250755247974
12259.0,612950.0,612693.0,50.0,-2.066660644150615
12260.0,613000.0,612743.0,50.0,-0.7080528258375317
12261.0,613050.0,612793.0,50.0,-0.7630572183031014
12262.0,613100.0,612843.0,50.0,-1.038816299972549
12263.0,613150.0,612893.0,50.0,-1.4339364179784764
12264.0,613200.0,612943.0,50.0,-0.8799550143383955
12265.0,613250.0,612993.0,50.0,-1.0053272679474539
12266.0,613300.0,613043.0,50.0,-1.10681687651207
12267.0,613350.0,613093.0,50.0,-1.3918362270412186
12268.0,613400.0,613143.0,50.0,-1.2371763550540718
12269.0,613450.0,613193.0,50.0,-0.7343167219781647
12270.0,613500.0,613243.0,50.0,-0.5113526818076793
12271.0,613550.0,613293.0,50.0,-0.8893175439394921
12272.0,613600.0,613343.0,50.0,-0.711534551788787
12273.0,613650.0,613393.0,50.0,-0.6978544555072645
12274.0,613700.0,613443.0,50.0,-0.6227928512289993
12275.0,613750.0,613493.0,50.0,-2.598470194746942
12276.0,613800.0,613543.0,50.0,-0.9656524151368934
12277.0,613850.0,613593.0,50.0,-1.0345862305274371
12278.0,613900.0,613643.0,50.0,-0.6837970374654083
12279.0,613950.0,613693.0,50.0,-0.813182101582145
12280.0,614000.0,613743.0,50.0,-1.0838601213613643
12281.0,614050.0,613793.0,50.0,-0.9484107283542533
12282.0,614100.0,613843.0,50.0,-2.3681820822768067
12283.0,614150.0,613893.0,50.0,-0.5830869913393748
12284.0,614200.0,613943.0,50.0,-1.2615747782428262
12285.0,614250.0,613993.0,50.0,-0.6479236477801981
12286.0,614300.0,614043.0,50.0,-1.3772242701083592
12287.0,614350.0,614093.0,50.0,-0.5995695591048747
12288.0,614400.0,614143.0,50.0,-0.6809912920882668
12289.0,614450.0,614193.0,50.0,-1.5556952750343855
12290.0,614500.0,614243.0,50.0,-1.1199691700640324
12291.0,614550.0,614293.0,50.0,-1.6380584901820598
12292.0,614600.0,614343.0,50.0,-0.9658923288614534
12293.0,614650.0,614393.0,50.0,-0.6378773964086243
12294.0,614700.0,614443.0,50.0,-1.6593628195777692
12295.0,614750.0,614493.0,50.0,-0.7471133803452453
12296.0,614800.0,614543.0,50.0,-1.2314565624630331
12297.0,614850.0,614593.0,50.0,-0.4293552325658645
12298.0,614900.0,614643.0,50.0,-0.729653958108731
12299.0,614950.0,614693.0,50.0,-0.7192683383358095
12300.0,615000.0,614743.0,50.0,-0.573672514452697
12301.0,615050.0,614793.0,50.0,-0.8684583557752579
12302.0,615100.0,614843.0,50.0,-0.3888589748533172
12303.0,615150.0,614893.0,50.0,-0.817993560745973
12304.0,615200.0,614943.0,50.0,-1.2439219108462924
12305.0,615250.0,614993.0,50.0,-1.4582665091424545
12306.0,615300.0,615043.0,50.0,-2.047470390810102
12307.0,615350.0,615093.0,50.0,-0.987648768993216
12308.0,615400.0,615143.0,50.0,-0.5706045369420907
12309.0,615450.0,615193.0,50.0,-1.490321985112567
12310.0,615500.0,615243.0,50.0,-0.6814348587758112
12311.0,615550.0,615293.0,50.0,-1.095877285630802
12312.0,615600.0,615343.0,50.0,-0.65728160184137
12313.0,615650.0,615393.0,50.0,-0.5483790810713612
12314.0,615700.0,615443.0,50.0,-0.7718392998235867
12315.0,615750.0,615493.0,50.0,-1.0481900927225545
12316.0,615800.0,615543.0,50.0,-0.6797965339696582
12317.0,615850.0,615593.0,50.0,-0.454626406518769
12318.0,615900.0,615643.0,50.0,-1.784258671024453
12319.0,615950.0,615693.0,50.0,-0.6796302996325421
12320.0,616000.0,615743.0,50.0,-0.999739421281099
12321.0,616050.0,615793.0,50.0,-0.495795404618918
12322.0,616100.0,615843.0,50.0,-1.0060453653483608
12323.0,616150.0,615893.0,50.0,-1.0341510082818877
12324.0,616200.0,615943.0,50.0,-1.394344628888754
12325.0,616250.0,615993.0,50.0,-0.7114399422656517
12326.0,616300.0,616043.0,50.0,-1.0787342822298305
12327.0,616350.0,616093.0,50.0,-0.8253192044627486
12328.0,616400.0,616143.0,50.0,-1.3848845315737592
12329.0,616450.0,616193.0,50.0,-1.310577984665281
12330.0,616500.0,616243.0,50.0,-0.6154721943040298
12331.0,616550.0,616293.0,50.0,-0.878036589498858
12332.0,616600.0,616343.0,50.0,-0.9886347517103161
12333.0,616650.0,616393.0,50.0,-1.3686311747091497
12334.0,616700.0,616443.0,50.0,-1.6295220829598005
12335.0,616750.0,616493.0,50.0,-0.6955459137174913
12336.0,616800.0,616543.0,50.0,-1.1883584335690673
12337.0,616850.0,616593.0,50.0,-0.8295825161558856
12338.0,616900.0,616643.0,50.0,-0.9906963692009745
12339.0,616950.0,616693.0,50.0,-0.7476347146718241
12340.0,617000.0,616743.0,50.0,-1.5265533782161258
12341.0,617050.0,616793.0,50.0,-0.3729915797580533
12342.0,617100.0,616843.0,50.0,-1.0471529403306759
12343.0,617150.0,616893.0,50.0,-1.5805069027900187
12344.0,617200.0,616943.0,50.0,-1.6937678317716809
12345.0,617250.0,616993.0,50.0,-0.8417328965654032
12346.0,617300.0,617043.0,50.0,-0.5079956886207502
12347.0,617350.0,617093.0,50.0,-0.8647725607218844
12348.0,617400.0,617143.0,50.0,-0.7823373729470477
12349.0,617450.0,617193.0,50.0,-1.581906255479367
12350.0,617500.0,617243.0,50.0,-0.8870965692538879
12351.0,617550.0,617293.0,50.0,-1.1719842728924728
12352.0,617600.0,617343.0,50.0,-1.4155390370278953
12353.0,617650.0,617393.0,50.0,-1.5879849339905712
12354.0,617700.0,617443.0,50.0,-0.9368410380369206
12355.0,617750.0,617493.0,50.0,-0.881962205224008
12356.0,617800.0,617543.0,50.0,-1.403912579695218
12357.0,617850.0,617593.0,50.0,-1.8696869147803115
12358.0,617900.0,617643.0,50.0,-1.4568903082878946
12359.0,617950.0,617693.0,50.0,-0.6780183631002751
12360.0,618000.0,617743.0,50.0,-0.6723781127202154
12361.0,618050.0,617793.0,50.0,-1.3694625829816518
12362.0,618100.0,617843.0,50.0,-0.72504439184103
12363.0,618150.0,617893.0,50.0,-0.34130004233309796
12364.0,618200.0,617943.0,50.0,-0.6293441432396276
12365.0,618250.0,617993.0,50.0,-0.8081785214015442
12366.0,618300.0,618043.0,50.0,-0.5384030332786294
12367.0,618350.0,618093.0,50.0,-0.7744019500583794
12368.0,618400.0,618143.0,50.0,-0.8886355888085454
12369.0,618450.0,618193.0,50.0,-1.338593005152868
12370.0,618500.0,618243.0,50.0,-0.7515256791748017
12371.0,618550.0,618293.0,50.0,-0.7051446520169043
12372.0,618600.0,618343.0,50.0,-0.5752444581079146
12373.0,618650.0,618393.0,50.0,-1.2379074335116111
12374.0,618700.0,618443.0,50.0,-1.6386528428933174
12375.0,618750.0,618493.0,50.0,-1.0181481940418269
12376.0,618800.0,618543.0,50.0,-0.5519079933738381
12377.0,618850.0,618593.0,50.0,-0.5241548919822048
12378.0,618900.0,618643.0,50.0,-1.3973807464269838
12379.0,618950.0,618693.0,50.0,-0.6144516953833316
12380.0,619000.0,618743.0,50.0,-0.6719202412043688
12381.0,619050.0,618793.0,50.0,-1.3812681400557756
12382.0,619100.0,618843.0,50.0,-0.49618932301081137
12383.0,619150.0,618893.0,50.0,-0.8113517880857155
12384.0,619200.0,618943.0,50.0,-0.7496182102772206
12385.0,619250.0,618993.0,50.0,-0.6959175285985809
12386.0,619300.0,619043.0,50.0,-1.0791668328625705
12387.0,619350.0,619093.0,50.0,-0.8316368763060064
12388.0,619400.0,619143.0,50.0,-1.9892153692990813
12389.0,619450.0,619193.0,50.0,-1.1685686286319783
12390.0,619500.0,619243.0,50.0,-0.7660214438734584
12391.0,619550.0,619293.0,50.0,-0.4191299727015286
12392.0,619600.0,619343.0,50.0,-0.8748522450796192
12393.0,619650.0,619393.0,50.0,-1.0470220403107453
12394.0,619700.0,619443.0,50.0,-1.6210310233258949
12395.0,619750.0,619493.0,50.0,-0.7821070914702931
12396.0,619800.0,619543.0,50.0,-1.0003635056512508
12397.0,619850.0,619593.0,50.0,-0.6468469041051641
12398.0,619900.0,619643.0,50.0,-1.6082090934641526
12399.0,619950.0,619693.0,50.0,-0.9380656954258918
12400.0,620000.0,619743.0,50.0,-0.7113777037428142
12401.0,620050.0,619793.0,50.0,-1.3039091003364036
12402.0,620100.0,619843.0,50.0,-0.8613689797597271
12403.0,620150.0,619893.0,50.0,-0.7072419515408056
12404.0,620200.0,619943.0,50.0,-1.0569997862980718
12405.0,620250.0,619993.0,50.0,-0.46288617033709695
12406.0,620300.0,620043.0,50.0,-1.6916475821992505
12407.0,620350.0,620093.0,50.0,-1.2656169356771338
12408.0,620400.0,620143.0,50.0,-0.5717992674421067
12409.0,620450.0,620193.0,50.0,-1.5706405425504997
12410.0,620500.0,620243.0,50.0,-0.9903193424601259
12411.0,620550.0,620293.0,50.0,-1.574089840283983
12412.0,620600.0,620343.0,50.0,-1.0798128408914067
12413.0,620650.0,620393.0,50.0,-0.6629988789667719
12414.0,620700.0,620443.0,50.0,-1.9848215961354436
12415.0,620750.0,620493.0,50.0,-1.4000673905008731
12416.0,620800.0,620543.0,50.0,-0.9692845703773854
12417.0,620850.0,620593.0,50.0,-0.5227689360944493
12418.0,620900.0,620643.0,50.0,-1.2073248023621799
12419.0,620950.0,620693.0,50.0,-0.9371377295887686
12420.0,621000.0,620743.0,50.0,-1.076525627188271
12421.0,621050.0,620793.0,50.0,-1.1108893914306548
12422.0,621100.0,620843.0,50.0,-0.7235187347576651
12423.0,621150.0,620893.0,50.0,-0.5946098251039909
12424.0,621200.0,620943.0,50.0,-0.5218105254920467
12425.0,621250.0,620993.0,50.0,-1.1731410480303912
12426.0,621300.0,621043.0,50.0,-0.668919206007399
12427.0,621350.0,621093.0,50.0,-1.2829293972475897
12428.0,621400.0,621143.0,50.0,-0.7856549387871518
12429.0,621450.0,621193.0,50.0,-0.9636531917324175
12430.0,621500.0,621243.0,50.0,-0.9998186609371288
12431.0,621550.0,621293.0,50.0,-0.6486908127563195
12432.0,621600.0,621343.0,50.0,-0.7724856542811468
12433.0,621650.0,621393.0,50.0,-0.7552909868999326
12434.0,621700.0,621443.0,50.0,-1.39677115139991
12435.0,621750.0,621493.0,50.0,-1.676756117001762
12436.0,621800.0,621543.0,50.0,-0.9764140514234175
12437.0,621850.0,621593.0,50.0,-1.036716900763784
12438.0,621900.0,621643.0,50.0,-1.6158654257444522
12439.0,621950.0,621693.0,50.0,-0.8031049897087422
12440.0,622000.0,621743.0,50.0,-1.2292422932459655
12441.0,622050.0,621793.0,50.0,-1.4538204735203508
12442.0,622100.0,621843.0,50.0,-0.9933630962510184
12443.0,622150.0,621893.0,50.0,-1.7654181030666949
12444.0,622200.0,621943.0,50.0,-1.0100323119722499
12445.0,622250.0,621993.0,50.0,-0.8699424074019872
12446.0,622300.0,622043.0,50.0,-0.7435842544134086
12447.0,622350.0,622093.0,50.0,-1.113430839387681
12448.0,622400.0,622143.0,50.0,-0.9871202981964732
12449.0,622450.0,622193.0,50.0,-1.6889116693420083
12450.0,622500.0,622243.0,50.0,-2.2708454984207433
12451.0,622550.0,622293.0,50.0,-0.9251188340228279
12452.0,622600.0,622343.0,50.0,-0.8996987109897882
12453.0,622650.0,622393.0,50.0,-1.2181969742558245
12454.0,622700.0,622443.0,50.0,-1.2251618927594277
12455.0,622750.0,622493.0,50.0,-1.2807151507123982
12456.0,622800.0,622543.0,50.0,-1.494774954890779
12457.0,622850.0,622593.0,50.0,-0.9112888910821907
12458.0,622900.0,622643.0,50.0,-1.0181924831772897
12459.0,622950.0,622693.0,50.0,-1.2243106874644167
12460.0,623000.0,622743.0,50.0,-1.5930485875014535
12461.0,623050.0,622793.0,50.0,-0.6325422441264997
12462.0,623100.0,622843.0,50.0,-0.7936222964236651
12463.0,623150.0,622893.0,50.0,-0.7659769910229255
12464.0,623200.0,622943.0,50.0,-1.3502030302161385
12465.0,623250.0,622993.0,50.0,-1.2215658340739655
12466.0,623300.0,623043.0,50.0,-1.532769186964785
12467.0,623350.0,623093.0,50.0,-1.0416122636916365
12468.0,623400.0,623143.0,50.0,-0.8057105977505808
12469.0,623450.0,623193.0,50.0,-0.6246626863595048
12470.0,623500.0,623243.0,50.0,-0.9613602191688874
12471.0,623550.0,623293.0,50.0,-0.8915440726316185
12472.0,623600.0,623343.0,50.0,-1.4128702933208461
12473.0,623650.0,623393.0,50.0,-0.8269702956105884
12474.0,623700.0,623443.0,50.0,-1.046018292058313
12475.0,623750.0,623493.0,50.0,-1.1122575982791105
12476.0,623800.0,623543.0,50.0,-0.6863165576715762
12477.0,623850.0,623593.0,50.0,-0.9055613226644299
12478.0,623900.0,623643.0,50.0,-1.2020573584185652
12479.0,623950.0,623693.0,50.0,-1.0221381065199686
12480.0,624000.0,623743.0,50.0,-0.9583428444638761
12481.0,624050.0,623793.0,50.0,-1.1319380842000375
12482.0,624100.0,623843.0,50.0,-0.8996596568217613
12483.0,624150.0,623893.0,50.0,-1.270224350138618
12484.0,624200.0,623943.0,50.0,-1.214373097748574
12485.0,624250.0,623993.0,50.0,-0.6287384662642022
12486.0,624300.0,624043.0,50.0,-1.0587340859860004
12487.0,624350.0,624093.0,50.0,-1.32099734410279
12488.0,624400.0,624143.0,50.0,-0.6705571791437444
12489.0,624450.0,624193.0,50.0,-1.3375341509368683
12490.0,624500.0,624243.0,50.0,-0.8460046363081039
12491.0,624550.0,624293.0,50.0,-1.1700878292929753
12492.0,624600.0,624343.0,50.0,-0.822982443578834
12493.0,624650.0,624393.0,50.0,-0.7605762914049257
12494.0,624700.0,624443.0,50.0,-1.6239991568143703
12495.0,624750.0,624493.0,50.0,-0.8492559366017056
12496.0,624800.0,624543.0,50.0,-1.4992716302660491
12497.0,624850.0,624593.0,50.0,-0.7006695336984542
12498.0,624900.0,624643.0,50.0,-0.9082006444195365
12499.0,624950.0,624693.0,50.0,-0.5923956420354517
12500.0,625000.0,624743.0,50.0,-1.275767403388022
12501.0,625050.0,624793.0,50.0,-0.762482252745963
12502.0,625100.0,624843.0,50.0,-0.8209867278436915
12503.0,625150.0,624893.0,50.0,-1.4069597976571835
12504.0,625200.0,624943.0,50.0,-1.75214050566575
12505.0,625250.0,624993.0,50.0,-1.0152108348220557
12506.0,625300.0,625043.0,50.0,-1.921786191779925
12507.0,625350.0,625093.0,50.0,-1.1671134746121588
12508.0,625400.0,625143.0,50.0,-1.1644682263647137
12509.0,625450.0,625193.0,50.0,-0.9537390172586219
12510.0,625500.0,625243.0,50.0,-1.304546663235465
12511.0,625550.0,625293.0,50.0,-0.5635884163432655
12512.0,625600.0,625343.0,50.0,-1.109824279358874
12513.0,625650.0,625393.0,50.0,-0.9511781689417216
12514.0,625700.0,625443.0,50.0,-0.7700416315436734
12515.0,625750.0,625493.0,50.0,-1.3421983452961546
12516.0,625800.0,625543.0,50.0,-0.8913624320035266
12517.0,625850.0,625593.0,50.0,-1.6709498266822616
12518.0,625900.0,625643.0,50.0,-1.0433728202394599
12519.0,625950.0,625693.0,50.0,-1.6437044554229931
12520.0,626000.0,625743.0,50.0,-0.7584458023557688
12521.0,626050.0,625793.0,50.0,-0.8298830905812931
12522.0,626100.0,625843.0,50.0,-1.7490303518275343
12523.0,626150.0,625893.0,50.0,-0.7394704099645497
12524.0,626200.0,625943.0,50.0,-1.102488062201563
12525.0,626250.0,625993.0,50.0,-0.500182116223762
12526.0,626300.0,626043.0,50.0,-0.6031483824543379
12527.0,626350.0,626093.0,50.0,-0.8711911424335356
12528.0,626400.0,626143.0,50.0,-0.6487637003260993
12529.0,626450.0,626193.0,50.0,-0.8088911749921717
12530.0,626500.0,626243.0,50.0,-0.6155550306872731
12531.0,626550.0,626293.0,50.0,-0.6482919279189316
12532.0,626600.0,626343.0,50.0,-1.0404534507778511
12533.0,626650.0,626393.0,50.0,-1.167522101415132
12534.0,626700.0,626443.0,50.0,-0.765977330065799
12535.0,626750.0,626493.0,50.0,-1.613459362123023
12536.0,626800.0,626543.0,50.0,-1.07836073638521
12537.0,626850.0,626593.0,50.0,-0.6261642258756589
12538.0,626900.0,626643.0,50.0,-1.3657322559314369
12539.0,626950.0,626693.0,50.0,-0.7179284873208687
12540.0,627000.0,626743.0,50.0,-0.7243110377330633
12541.0,627050.0,626793.0,50.0,-1.194303305390478
12542.0,627100.0,626843.0,50.0,-0.8345989383469573
12543.0,627150.0,626893.0,50.0,-1.6628382701276583
12544.0,627200.0,626943.0,50.0,-1.0155093879041441
12545.0,627250.0,626993.0,50.0,-0.6795409285328455
12546.0,627300.0,627043.0,50.0,-0.8897703197249025
12547.0,627350.0,627093.0,50.0,-1.2670537864984763
12548.0,627400.0,627143.0,50.0,-1.4056883711306338
12549.0,627450.0,627193.0,50.0,-0.8198833190760122
12550.0,627500.0,627243.0,50.0,-0.9830145070516529
12551.0,627550.0,627293.0,50.0,-2.131043613825667
12552.0,627600.0,627343.0,50.0,-1.671638518466287
12553.0,627650.0,627393.0,50.0,-1.4321345497523352
12554.0,627700.0,627443.0,50.0,-0.8356829504682485
12555.0,627750.0,627493.0,50.0,-1.7862684160883637
12556.0,627800.0,627543.0,50.0,-0.904186209235185
12557.0,627850.0,627593.0,50.0,-1.177699661343492
12558.0,627900.0,627643.0,50.0,-0.8003425142198212
12559.0,627950.0,627693.0,50.0,-1.1419184832200315
12560.0,628000.0,627743.0,50.0,-1.3447533305677006
12561.0,628050.0,627793.0,50.0,-1.0441032225096998
12562.0,628100.0,627843.0,50.0,-0.7350688855540426
12563.0,628150.0,627893.0,50.0,-1.9188940401589911
12564.0,628200.0,627943.0,50.0,-0.6441149914783972
12565.0,628250.0,627993.0,50.0,-0.5970949848143517
12566.0,628300.0,628043.0,50.0,-1.0426549405133492
12567.0,628350.0,628093.0,50.0,-0.5447195420889139
12568.0,628400.0,628143.0,50.0,-1.176669562637875
12569.0,628450.0,628193.0,50.0,-0.6396869437902656
12570.0,628500.0,628243.0,50.0,-0.8832720705886721
12571.0,628550.0,628293.0,50.0,-0.8734108439487716
12572.0,628600.0,628343.0,50.0,-1.4937763655927319
12573.0,628650.0,628393.0,50.0,-0.5304976882249237
12574.0,628700.0,628443.0,50.0,-1.257108613048912
12575.0,628750.0,628493.0,50.0,-1.1894076099835635
12576.0,628800.0,628543.0,50.0,-0.8704936614435738
12577.0,628850.0,628593.0,50.0,-0.939184515036618
12578.0,628900.0,628643.0,50.0,-1.5279368776664266
12579.0,628950.0,628693.0,50.0,-0.9281686696006284
12580.0,629000.0,628743.0,50.0,-1.7423843730423338
12581.0,629050.0,628793.0,50.0,-0.6791066125470362
12582.0,629100.0,628843.0,50.0,-0.8789821214190875
12583.0,629150.0,628893.0,50.0,-0.6031487724052215
12584.0,629200.0,628943.0,50.0,-0.8054874012931288
12585.0,629250.0,628993.0,50.0,-0.9250992278451423
12586.0,629300.0,629043.0,50.0,-1.4461853439686783
12587.0,629350.0,629093.0,50.0,-0.7085412502367012
12588.0,629400.0,629143.0,50.0,-0.36845510167881346
12589.0,629450.0,629193.0,50.0,-2.6397531097173292
12590.0,629500.0,629243.0,50.0,-0.6750323640619307
12591.0,629550.0,629293.0,50.0,-0.9321062099563281
12592.0,629600.0,629343.0,50.0,-1.0700706554111519
12593.0,629650.0,629393.0,50.0,-1.3465271434987873
12594.0,629700.0,629443.0,50.0,-1.394341206089392
12595.0,629750.0,629493.0,50.0,-0.9784297149082494
12596.0,629800.0,629543.0,50.0,-1.2197660096290825
12597.0,629850.0,629593.0,50.0,-0.5184113970494373
12598.0,629900.0,629643.0,50.0,-1.0318102404657947
12599.0,629950.0,629693.0,50.0,-1.254744629386664
12600.0,630000.0,629743.0,50.0,-1.2991728223134305
12601.0,630050.0,629793.0,50.0,-0.9851253215551322
12602.0,630100.0,629843.0,50.0,-1.3586436460933222
12603.0,630150.0,629893.0,50.0,-0.6196250458227693
12604.0,630200.0,629943.0,50.0,-1.1953095293163198
12605.0,630250.0,629993.0,50.0,-0.6881839757428132
12606.0,630300.0,630043.0,50.0,-0.8997735689096028
12607.0,630350.0,630093.0,50.0,-0.7368289014494427
12608.0,630400.0,630143.0,50.0,-0.695391319280027
12609.0,630450.0,630193.0,50.0,-0.9698693518094755
12610.0,630500.0,630243.0,50.0,-1.3646690035805344
12611.0,630550.0,630293.0,50.0,-0.5599067906714019
12612.0,630600.0,630343.0,50.0,-1.34099682860125
12613.0,630650.0,630393.0,50.0,-2.091350028594054
12614.0,630700.0,630443.0,50.0,-0.49340446438423163
12615.0,630750.0,630493.0,50.0,-1.2788227984918723
12616.0,630800.0,630543.0,50.0,-1.4923321744941134
12617.0,630850.0,630593.0,50.0,-1.2275152896265005
12618.0,630900.0,630643.0,50.0,-2.424923115136471
12619.0,630950.0,630693.0,50.0,-0.6526003951751671
12620.0,631000.0,630743.0,50.0,-0.6891613782835899
12621.0,631050.0,630793.0,50.0,-0.877639195308586
12622.0,631100.0,630843.0,50.0,-0.7102058858683825
12623.0,631150.0,630893.0,50.0,-0.9817324040179987
12624.0,631200.0,630943.0,50.0,-0.9894507396031542
12625.0,631250.0,630993.0,50.0,-0.5315326543728989
12626.0,631300.0,631043.0,50.0,-0.6188330578429819
12627.0,631350.0,631093.0,50.0,-1.7174671250829059
12628.0,631400.0,631143.0,50.0,-1.1524966344491394
12629.0,631450.0,631193.0,50.0,-1.0343941349758297
12630.0,631500.0,631243.0,50.0,-1.256707177846275
12631.0,631550.0,631293.0,50.0,-2.474672836938686
12632.0,631600.0,631343.0,50.0,-0.7393342616411893
12633.0,631650.0,631393.0,50.0,-1.6412186516307201
12634.0,631700.0,631443.0,50.0,-0.7943921410437115
12635.0,631750.0,631493.0,50.0,-0.9713329018844463
12636.0,631800.0,631543.0,50.0,-1.6799585038872356
12637.0,631850.0,631593.0,50.0,-1.4456042613793256
12638.0,631900.0,631643.0,50.0,-2.000807053053618
12639.0,631950.0,631693.0,50.0,-1.546965732238028
12640.0,632000.0,631743.0,50.0,-0.8214234384067077
12641.0,632050.0,631793.0,50.0,-0.7455420441276119
12642.0,632100.0,631843.0,50.0,-1.980006179418645
12643.0,632150.0,631893.0,50.0,-0.6962564762908965
12644.0,632200.0,631943.0,50.0,-1.2848930783686165
12645.0,632250.0,631993.0,50.0,-0.7188300293574975
12646.0,632300.0,632043.0,50.0,-2.25438562564511
12647.0,632350.0,632093.0,50.0,-1.3911385269412284
12648.0,632400.0,632143.0,50.0,-2.1002621202835092
12649.0,632450.0,632193.0,50.0,-0.9023050459448508
12650.0,632500.0,632243.0,50.0,-0.6017004704536281
12651.0,632550.0,632293.0,50.0,-1.5313120186956068
12652.0,632600.0,632343.0,50.0,-1.3183529861391265
12653.0,632650.0,632393.0,50.0,-0.5957727659825495
12654.0,632700.0,632443.0,50.0,-1.3266188614093342
12655.0,632750.0,632493.0,50.0,-0.6656495507864346
12656.0,632800.0,632543.0,50.0,-0.8557644296543057
12657.0,632850.0,632593.0,50.0,-2.537985328434354
12658.0,632900.0,632643.0,50.0,-0.7011448667952515
12659.0,632950.0,632693.0,50.0,-0.9628450984678901
12660.0,633000.0,632743.0,50.0,-0.6155729802515844
12661.0,633050.0,632793.0,50.0,-0.8620128342957396
12662.0,633100.0,632843.0,50.0,-1.340825459358356
12663.0,633150.0,632893.0,50.0,-0.6130084577730165
12664.0,633200.0,632943.0,50.0,-0.6068884383557238
12665.0,633250.0,632993.0,50.0,-0.5762211113053562
12666.0,633300.0,633043.0,50.0,-0.6756492584068314
12667.0,633350.0,633093.0,50.0,-1.1598116370131772
12668.0,633400.0,633143.0,50.0,-0.8128521448123512
12669.0,633450.0,633193.0,50.0,-0.7762543098820204
12670.0,633500.0,633243.0,50.0,-1.3107206549460324
12671.0,633550.0,633293.0,50.0,-1.0320298095810665
12672.0,633600.0,633343.0,50.0,-1.2076207080607042
12673.0,633650.0,633393.0,50.0,-1.047138727210931
12674.0,633700.0,633443.0,50.0,-1.0245573726100632
12675.0,633750.0,633493.0,50.0,-1.0301864854044425
12676.0,633800.0,633543.0,50.0,-0.6748033468845068
12677.0,633850.0,633593.0,50.0,-0.8327944781653054
12678.0,633900.0,633643.0,50.0,-0.8392493584070825
12679.0,633950.0,633693.0,50.0,-0.5147057420888714
12680.0,634000.0,633743.0,50.0,-2.29233978139828
12681.0,634050.0,633793.0,50.0,-0.661454958004746
12682.0,634100.0,633843.0,50.0,-1.9659379354938828
12683.0,634150.0,633893.0,50.0,-1.060069866330141
12684.0,634200.0,633943.0,50.0,-1.019575436389034
12685.0,634250.0,633993.0,50.0,-2.2872942846396085
12686.0,634300.0,634043.0,50.0,-0.5805141688817732
12687.0,634350.0,634093.0,50.0,-2.460661444074978
12688.0,634400.0,634143.0,50.0,-0.710778855254973
12689.0,634450.0,634193.0,50.0,-1.4462638704664736
12690.0,634500.0,634243.0,50.0,-1.1135144749851187
12691.0,634550.0,634293.0,50.0,-1.8189993874526966
12692.0,634600.0,634343.0,50.0,-0.41310455936708895
12693.0,634650.0,634393.0,50.0,-0.7846946140637705
12694.0,634700.0,634443.0,50.0,-2.178493239932278
12695.0,634750.0,634493.0,50.0,-0.6691157880713152
12696.0,634800.0,634543.0,50.0,-1.0011605426963637
12697.0,634850.0,634593.0,50.0,-1.0636188060909246
12698.0,634900.0,634643.0,50.0,-0.7154068120366487
12699.0,634950.0,634693.0,50.0,-1.7162192418176476
12700.0,635000.0,634743.0,50.0,-0.544333739857853
12701.0,635050.0,634793.0,50.0,-0.8731620475183283
12702.0,635100.0,634843.0,50.0,-0.8983336091851157
12703.0,635150.0,634893.0,50.0,-1.6685277170937511
12704.0,635200.0,634943.0,50.0,-0.9795283418429376
12705.0,635250.0,634993.0,50.0,-0.9613712222936197
12706.0,635300.0,635043.0,50.0,-0.7986114754263361
12707.0,635350.0,635093.0,50.0,-1.0800878925269723
12708.0,635400.0,635143.0,50.0,-0.9514135235097985
12709.0,635450.0,635193.0,50.0,-2.4087001946561686
12710.0,635500.0,635243.0,50.0,-0.45825496104478075
12711.0,635550.0,635293.0,50.0,-0.672905224197201
12712.0,635600.0,635343.0,50.0,-0.8084698103888998
12713.0,635650.0,635393.0,50.0,-1.710377722608459
12714.0,635700.0,635443.0,50.0,-1.2068681870534297
12715.0,635750.0,635493.0,50.0,-1.6459850920833548
12716.0,635800.0,635543.0,50.0,-0.9817223322640507
12717.0,635850.0,635593.0,50.0,-0.5655223770793559
12718.0,635900.0,635643.0,50.0,-1.270676836572212
12719.0,635950.0,635693.0,50.0,-1.0119289848056006
12720.0,636000.0,635743.0,50.0,-0.9338056277552361
12721.0,636050.0,635793.0,50.0,-0.6505220014014007
12722.0,636100.0,635843.0,50.0,-0.9640654687528207
12723.0,636150.0,635893.0,50.0,-0.5351602332623235
12724.0,636200.0,635943.0,50.0,-1.1306020132348154
12725.0,636250.0,635993.0,50.0,-0.9610984522881697
12726.0,636300.0,636043.0,50.0,-0.7201549952453354
12727.0,636350.0,636093.0,50.0,-0.6158537925392433
12728.0,636400.0,636143.0,50.0,-1.2712255133340493
12729.0,636450.0,636193.0,50.0,-0.8086843042398288
12730.0,636500.0,636243.0,50.0,-0.813841243382786
12731.0,636550.0,636293.0,50.0,-0.6381900413906778
12732.0,636600.0,636343.0,50.0,-1.2999521631602455
12733.0,636650.0,636393.0,50.0,-1.4147328865343338
12734.0,636700.0,636443.0,50.0,-1.8281164387470095
12735.0,636750.0,636493.0,50.0,-1.1078225871527492
12736.0,636800.0,636543.0,50.0,-1.0265801703494548
12737.0,636850.0,636593.0,50.0,-1.0549416316999543
12738.0,636900.0,636643.0,50.0,-2.1013434016096624
12739.0,636950.0,636693.0,50.0,-2.009492634220089
12740.0,637000.0,636743.0,50.0,-0.7254866137284491
12741.0,637050.0,636793.0,50.0,-1.351098677962978
12742.0,637100.0,636843.0,50.0,-0.7967246337242111
12743.0,637150.0,636893.0,50.0,-1.8882397230196164
12744.0,637200.0,636943.0,50.0,-1.7033966150723303
12745.0,637250.0,636993.0,50.0,-1.1085683938234572
12746.0,637300.0,637043.0,50.0,-2.095017496492995
12747.0,637350.0,637093.0,50.0,-1.0182791219501275
12748.0,637400.0,637143.0,50.0,-1.0237611358972092
12749.0,637450.0,637193.0,50.0,-0.7405329688856204
12750.0,637500.0,637243.0,50.0,-1.0390902555300912
12751.0,637550.0,637293.0,50.0,-0.7827200677753585
12752.0,637600.0,637343.0,50.0,-1.2092351314585552
12753.0,637650.0,637393.0,50.0,-1.1112273667229957
12754.0,637700.0,637443.0,50.0,-0.8423613253828521
12755.0,637750.0,637493.0,50.0,-1.4114214250296315
12756.0,637800.0,637543.0,50.0,-0.7608476813659127
12757.0,637850.0,637593.0,50.0,-1.22885227135038
12758.0,637900.0,637643.0,50.0,-1.3157862046149673
12759.0,637950.0,637693.0,50.0,-1.6492631374265956
12760.0,638000.0,637743.0,50.0,-0.7109627251444623
12761.0,638050.0,637793.0,50.0,-0.8706208899334961
12762.0,638100.0,637843.0,50.0,-1.215267245540157
12763.0,638150.0,637893.0,50.0,-0.8153492928785174
12764.0,638200.0,637943.0,50.0,-1.255454083223032
12765.0,638250.0,637993.0,50.0,-1.393166391981555
12766.0,638300.0,638043.0,50.0,-1.2311752821135369
12767.0,638350.0,638093.0,50.0,-0.9701888295199156
12768.0,638400.0,638143.0,50.0,-1.0585500574642008
12769.0,638450.0,638193.0,50.0,-1.3483265573000032
12770.0,638500.0,638243.0,50.0,-1.622414476582539
12771.0,638550.0,638293.0,50.0,-0.9744029853261156
12772.0,638600.0,638343.0,50.0,-0.60473019691408
12773.0,638650.0,638393.0,50.0,-1.2009925135143338
12774.0,638700.0,638443.0,50.0,-1.7745423729783627
12775.0,638750.0,638493.0,50.0,-0.9004945856429416
12776.0,638800.0,638543.0,50.0,-0.9537435036087368
12777.0,638850.0,638593.0,50.0,-0.7099717070561261
12778.0,638900.0,638643.0,50.0,-1.1973926629171603
12779.0,638950.0,638693.0,50.0,-0.8390680041610203
12780.0,639000.0,638743.0,50.0,-1.5210977617621841
12781.0,639050.0,638793.0,50.0,-0.9212348464065486
12782.0,639100.0,638843.0,50.0,-0.7684694138362194
12783.0,639150.0,638893.0,50.0,-1.1665914449521997
12784.0,639200.0,638943.0,50.0,-1.1730663113057787
12785.0,639250.0,638993.0,50.0,-2.439313053031059
12786.0,639300.0,639043.0,50.0,-2.0085305267310285
12787.0,639350.0,639093.0,50.0,-1.4790634730007939
12788.0,639400.0,639143.0,50.0,-1.207463567467102
12789.0,639450.0,639193.0,50.0,-0.69347866207639
12790.0,639500.0,639243.0,50.0,-1.2911484244928924
12791.0,639550.0,639293.0,50.0,-1.0426866451540424
12792.0,639600.0,639343.0,50.0,-2.646003145132966
12793.0,639650.0,639393.0,50.0,-1.2348880987696305
12794.0,639700.0,639443.0,50.0,-0.7720501738790971
12795.0,639750.0,639493.0,50.0,-1.7719485200875662
12796.0,639800.0,639543.0,50.0,-1.1739076803248114
12797.0,639850.0,639593.0,50.0,-1.0835945898387798
12798.0,639900.0,639643.0,50.0,-0.7059132585454511
12799.0,639950.0,639693.0,50.0,-0.9882212562764975
12800.0,640000.0,639743.0,50.0,-1.2175444858292013
12801.0,640050.0,639793.0,50.0,-0.7036918873529431
12802.0,640100.0,639843.0,50.0,-0.6416445550824431
12803.0,640150.0,639893.0,50.0,-0.6824963503813671
12804.0,640200.0,639943.0,50.0,-1.6702600947499173
12805.0,640250.0,639993.0,50.0,-0.55437484446526
12806.0,640300.0,640043.0,50.0,-0.6452865001936628
12807.0,640350.0,640093.0,50.0,-1.0292465235548032
12808.0,640400.0,640143.0,50.0,-2.973348499886881
12809.0,640450.0,640193.0,50.0,-1.1651807808863908
12810.0,640500.0,640243.0,50.0,-0.7618252884036569
12811.0,640550.0,640293.0,50.0,-0.9338656158429017
12812.0,640600.0,640343.0,50.0,-1.934624500206043
12813.0,640650.0,640393.0,50.0,-1.1394250863447337
12814.0,640700.0,640443.0,50.0,-1.229737249213093
12815.0,640750.0,640493.0,50.0,-1.4648117892724541
12816.0,640800.0,640543.0,50.0,-1.0904572391587943
12817.0,640850.0,640593.0,50.0,-2.164737600150531
12818.0,640900.0,640643.0,50.0,-0.9695721310282274
12819.0,640950.0,640693.0,50.0,-2.18787004631654
12820.0,641000.0,640743.0,50.0,-1.0509577004523982
12821.0,641050.0,640793.0,50.0,-1.1213004824330373
12822.0,641100.0,640843.0,50.0,-0.9343432374244327
12823.0,641150.0,640893.0,50.0,-1.0953569078704115
12824.0,641200.0,640943.0,50.0,-0.7151007357785513
12825.0,641250.0,640993.0,50.0,-1.7592190696827128
12826.0,641300.0,641043.0,50.0,-1.6407908969804985
12827.0,641350.0,641093.0,50.0,-2.053695035980913
12828.0,641400.0,641143.0,50.0,-1.3289987736861855
12829.0,641450.0,641193.0,50.0,-1.885625424420641
12830.0,641500.0,641243.0,50.0,-1.932809193930002
12831.0,641550.0,641293.0,50.0,-1.408101807684284
12832.0,641600.0,641343.0,50.0,-1.0555133757137796
12833.0,641650.0,641393.0,50.0,-1.0740795009144315
12834.0,641700.0,641443.0,50.0,-1.4756534689705678
12835.0,641750.0,641493.0,50.0,-1.5409421442913358
12836.0,641800.0,641543.0,50.0,-1.618330296924562
12837.0,641850.0,641593.0,50.0,-2.035924344634112
12838.0,641900.0,641643.0,50.0,-2.0415468590371737
12839.0,641950.0,641693.0,50.0,-1.1880236457086446
12840.0,642000.0,641743.0,50.0,-2.44690685853093
12841.0,642050.0,641793.0,50.0,-1.3950789825107224
12842.0,642100.0,641843.0,50.0,-1.1057272795740225
12843.0,642150.0,641893.0,50.0,-0.9178768662164559
12844.0,642200.0,641943.0,50.0,-2.221039875414101
12845.0,642250.0,641993.0,50.0,-1.3209467598542592
12846.0,642300.0,642043.0,50.0,-0.48591118343190415
12847.0,642350.0,642093.0,50.0,-2.347537919768451
12848.0,642400.0,642143.0,50.0,-0.846407473014449
12849.0,642450.0,642193.0,50.0,-1.1084095950764696
12850.0,642500.0,642243.0,50.0,-0.9125168298311452
12851.0,642550.0,642293.0,50.0,-1.1626216665593794
12852.0,642600.0,642343.0,50.0,-1.589629402654892
12853.0,642650.0,642393.0,50.0,-1.5756225483418091
12854.0,642700.0,642443.0,50.0,-1.1918490248804865
12855.0,642750.0,642493.0,50.0,-0.8194838208989575
12856.0,642800.0,642543.0,50.0,-1.2447625703885465
12857.0,642850.0,642593.0,50.0,-0.9195964915443412
12858.0,642900.0,642643.0,50.0,-2.1920934488910913
12859.0,642950.0,642693.0,50.0,-1.1116203826191144
12860.0,643000.0,642743.0,50.0,-0.9061587188032209
12861.0,643050.0,642793.0,50.0,-0.714758112071378
12862.0,643100.0,642843.0,50.0,-0.7799182338819662
12863.0,643150.0,642893.0,50.0,-1.3219938470939883
12864.0,643200.0,642943.0,50.0,-1.9229984306891226
12865.0,643250.0,642993.0,50.0,-1.3800585503233112
12866.0,643300.0,643043.0,50.0,-1.9287636088973297
12867.0,643350.0,643093.0,50.0,-2.4817001753709875
12868.0,643400.0,643143.0,50.0,-1.355808514361755
12869.0,643450.0,643193.0,50.0,-0.9220423996634338
12870.0,643500.0,643243.0,50.0,-1.2744400240058138
12871.0,643550.0,643293.0,50.0,-2.0543219983831222
12872.0,643600.0,643343.0,50.0,-1.4025447946516694
12873.0,643650.0,643393.0,50.0,-0.8917894943843492
12874.0,643700.0,643443.0,50.0,-0.7826708808090597
12875.0,643750.0,643493.0,50.0,-1.099102826981468
12876.0,643800.0,643543.0,50.0,-0.5636731893213394
12877.0,643850.0,643593.0,50.0,-0.971018649143729
12878.0,643900.0,643643.0,50.0,-1.1674577277157436
12879.0,643950.0,643693.0,50.0,-1.093442471290385
12880.0,644000.0,643743.0,50.0,-0.8386992234645522
12881.0,644050.0,643793.0,50.0,-0.9592318606480204
12882.0,644100.0,643843.0,50.0,-0.8646854386641238
12883.0,644150.0,643893.0,50.0,-0.9231850374740623
12884.0,644200.0,643943.0,50.0,-0.7069076727170617
12885.0,644250.0,643993.0,50.0,-0.6924796801179536
12886.0,644300.0,644043.0,50.0,-0.8019930023124694
12887.0,644350.0,644093.0,50.0,-0.7820038453351805
12888.0,644400.0,644143.0,50.0,-1.5696217612274732
12889.0,644450.0,644193.0,50.0,-0.7995921181409762
12890.0,644500.0,644243.0,50.0,-0.6968047774366741
12891.0,644550.0,644293.0,50.0,-1.6623465787461464
12892.0,644600.0,644343.0,50.0,-0.4823048540495204
12893.0,644650.0,644393.0,50.0,-0.9259482831409458
12894.0,644700.0,644443.0,50.0,-2.0879172362865432
12895.0,644750.0,644493.0,50.0,-0.616133696846603
12896.0,644800.0,644543.0,50.0,-1.9255009998410562
12897.0,644850.0,644593.0,50.0,-1.4585071959823932
12898.0,644900.0,644643.0,50.0,-1.0278800843638645
12899.0,644950.0,644693.0,50.0,-0.9817660783448012
12900.0,645000.0,644743.0,50.0,-0.6659881866272498
12901.0,645050.0,644793.0,50.0,-1.09530499416126
12902.0,645100.0,644843.0,50.0,-1.3490475494082959
12903.0,645150.0,644893.0,50.0,-1.1133223212415697
12904.0,645200.0,644943.0,50.0,-0.6435800419909435
12905.0,645250.0,644993.0,50.0,-2.165449384055931
12906.0,645300.0,645043.0,50.0,-1.8213704101580184
12907.0,645350.0,645093.0,50.0,-0.8634466436503072
12908.0,645400.0,645143.0,50.0,-0.8536513150439783
12909.0,645450.0,645193.0,50.0,-0.9553414414218449
12910.0,645500.0,645243.0,50.0,-1.6859064411053974
12911.0,645550.0,645293.0,50.0,-1.1526828768926394
12912.0,645600.0,645343.0,50.0,-1.9465658057409325
12913.0,645650.0,645393.0,50.0,-1.6377029259928666
12914.0,645700.0,645443.0,50.0,-1.7654078057880835
12915.0,645750.0,645493.0,50.0,-1.9591218004918147
12916.0,645800.0,645543.0,50.0,-1.634556122564594
12917.0,645850.0,645593.0,50.0,-1.5551727005091462
12918.0,645900.0,645643.0,50.0,-1.3521717025798379
12919.0,645950.0,645693.0,50.0,-1.002348935928101
12920.0,646000.0,645743.0,50.0,-2.299417316179515
12921.0,646050.0,645793.0,50.0,-0.9261236840095249
12922.0,646100.0,645843.0,50.0,-1.1883424096296173
12923.0,646150.0,645893.0,50.0,-0.9702314974365003
12924.0,646200.0,645943.0,50.0,-0.9697826665350288
12925.0,646250.0,645993.0,50.0,-0.8660696693764546
12926.0,646300.0,646043.0,50.0,-1.4782989930853885
12927.0,646350.0,646093.0,50.0,-1.178742804711347
12928.0,646400.0,646143.0,50.0,-0.9037069079980039
12929.0,646450.0,646193.0,50.0,-0.9922745395940618
12930.0,646500.0,646243.0,50.0,-1.2707944750798439
12931.0,646550.0,646293.0,50.0,-0.869776103035846
12932.0,646600.0,646343.0,50.0,-1.0094050524632403
12933.0,646650.0,646393.0,50.0,-1.3072710594591612
12934.0,646700.0,646443.0,50.0,-1.851949514670799
12935.0,646750.0,646493.0,50.0,-1.261537227575812
12936.0,646800.0,646543.0,50.0,-1.6320433999486388
12937.0,646850.0,646593.0,50.0,-2.201378018178483
12938.0,646900.0,646643.0,50.0,-0.9377208495237804
12939.0,646950.0,646693.0,50.0,-1.7838445937000045
12940.0,647000.0,646743.0,50.0,-1.7821839730408888
12941.0,647050.0,646793.0,50.0,-1.670556429710827
12942.0,647100.0,646843.0,50.0,-1.0731496106440883
12943.0,647150.0,646893.0,50.0,-1.464194141230926
12944.0,647200.0,646943.0,50.0,-0.8044835511993853
12945.0,647250.0,646993.0,50.0,-1.2646287927370994
12946.0,647300.0,647043.0,50.0,-1.1455578170118537
12947.0,647350.0,647093.0,50.0,-1.0656086372184739
12948.0,647400.0,647143.0,50.0,-0.9098297405572956
12949.0,647450.0,647193.0,50.0,-0.7096143198342783
12950.0,647500.0,647243.0,50.0,-1.6515908985766852
12951.0,647550.0,647293.0,50.0,-1.4849111482879325
12952.0,647600.0,647343.0,50.0,-1.8282647584705487
12953.0,647650.0,647393.0,50.0,-0.921139177394757
12954.0,647700.0,647443.0,50.0,-1.1196333697496095
12955.0,647750.0,647493.0,50.0,-0.9896732476531828
12956.0,647800.0,647543.0,50.0,-1.62904371846393
12957.0,647850.0,647593.0,50.0,-1.609285610256569
12958.0,647900.0,647643.0,50.0,-1.4865690265896574
12959.0,647950.0,647693.0,50.0,-1.0604002553733034
12960.0,648000.0,647743.0,50.0,-1.2069321677145233
12961.0,648050.0,647793.0,50.0,-1.1532703019678692
12962.0,648100.0,647843.0,50.0,-1.0360547743116957
12963.0,648150.0,647893.0,50.0,-0.8448238192767641
12964.0,648200.0,647943.0,50.0,-0.8032421575978389
12965.0,648250.0,647993.0,50.0,-2.013668362185474
12966.0,648300.0,648043.0,50.0,-0.7720784895389562
12967.0,648350.0,648093.0,50.0,-3.3042615268631326
12968.0,648400.0,648143.0,50.0,-1.926016874108623
12969.0,648450.0,648193.0,50.0,-1.2854002261703548
12970.0,648500.0,648243.0,50.0,-0.7780905833429008
12971.0,648550.0,648293.0,50.0,-1.3388473889480574
12972.0,648600.0,648343.0,50.0,-1.4133944490464287
12973.0,648650.0,648393.0,50.0,-1.0249413055633558
12974.0,648700.0,648443.0,50.0,-1.6099608509229457
12975.0,648750.0,648493.0,50.0,-1.3929465857622363
12976.0,648800.0,648543.0,50.0,-2.0235901264151694
12977.0,648850.0,648593.0,50.0,-0.8622597044279863
12978.0,648900.0,648643.0,50.0,-1.2950904224938062
12979.0,648950.0,648693.0,50.0,-0.6598093577151752
12980.0,649000.0,648743.0,50.0,-1.95335915819279
12981.0,649050.0,648793.0,50.0,-2.157353131109052
12982.0,649100.0,648843.0,50.0,-0.9116761625792706
12983.0,649150.0,648893.0,50.0,-1.61011081787007
12984.0,649200.0,648943.0,50.0,-1.1386257671678428
12985.0,649250.0,648993.0,50.0,-1.0606735981476652
12986.0,649300.0,649043.0,50.0,-1.7620674825533917
12987.0,649350.0,649093.0,50.0,-0.8049607430612069
12988.0,649400.0,649143.0,50.0,-1.7492032341226271
12989.0,649450.0,649193.0,50.0,-1.3060225831769563
12990.0,649500.0,649243.0,50.0,-1.6343141886565313
12991.0,649550.0,649293.0,50.0,-0.927886733759336
12992.0,649600.0,649343.0,50.0,-1.0115208342929243
12993.0,649650.0,649393.0,50.0,-1.3059299202681647
12994.0,649700.0,649443.0,50.0,-1.0532973671185024
12995.0,649750.0,649493.0,50.0,-1.1582955660280183
12996.0,649800.0,649543.0,50.0,-1.6141860108940744
12997.0,649850.0,649593.0,50.0,-1.0648090096255607
12998.0,649900.0,649643.0,50.0,-1.8227615458292095
12999.0,649950.0,649693.0,50.0,-1.1271312709244572
13000.0,650000.0,649743.0,50.0,-1.6187866716229125
13001.0,650050.0,649793.0,50.0,-2.1427838379629884
13002.0,650100.0,649843.0,50.0,-0.9254156772608043
13003.0,650150.0,649893.0,50.0,-1.9665220778173385
13004.0,650200.0,649943.0,50.0,-1.7334843594831382
13005.0,650250.0,649993.0,50.0,-0.8254058320225522
13006.0,650300.0,650043.0,50.0,-1.2184791132636503
13007.0,650350.0,650093.0,50.0,-0.5898400622090654
13008.0,650400.0,650143.0,50.0,-1.7204364765562756
13009.0,650450.0,650193.0,50.0,-1.2921395005696306
13010.0,650500.0,650243.0,50.0,-1.117321322870884
13011.0,650550.0,650293.0,50.0,-1.1639768726969584
13012.0,650600.0,650343.0,50.0,-1.4826126442138012
13013.0,650650.0,650393.0,50.0,-1.4958297074411062
13014.0,650700.0,650443.0,50.0,-1.2812877873758555
13015.0,650750.0,650493.0,50.0,-1.6227738833059349
13016.0,650800.0,650543.0,50.0,-0.5452607529259015
13017.0,650850.0,650593.0,50.0,-1.7003977301659294
13018.0,650900.0,650643.0,50.0,-0.9595419672124337
13019.0,650950.0,650693.0,50.0,-1.6393788943066396
13020.0,651000.0,650743.0,50.0,-1.2712216815044979
13021.0,651050.0,650793.0,50.0,-1.5757639138948853
13022.0,651100.0,650843.0,50.0,-1.4064288064962944
13023.0,651150.0,650893.0,50.0,-1.009388901958128
13024.0,651200.0,650943.0,50.0,-2.738051566492357
13025.0,651250.0,650993.0,50.0,-1.2839922202128187
13026.0,651300.0,651043.0,50.0,-0.8826394753853278
13027.0,651350.0,651093.0,50.0,-1.7253330828227942
13028.0,651400.0,651143.0,50.0,-1.4331261690262622
13029.0,651450.0,651193.0,50.0,-1.2800716506405443
13030.0,651500.0,651243.0,50.0,-2.4392743872823845
13031.0,651550.0,651293.0,50.0,-1.6728245512322666
13032.0,651600.0,651343.0,50.0,-1.122639658378281
13033.0,651650.0,651393.0,50.0,-0.6386803330577401
13034.0,651700.0,651443.0,50.0,-1.1508014094571568
13035.0,651750.0,651493.0,50.0,-0.8546194599342274
13036.0,651800.0,651543.0,50.0,-1.8034315026684928
13037.0,651850.0,651593.0,50.0,-0.9052579566427374
13038.0,651900.0,651643.0,50.0,-0.7937959486171745
13039.0,651950.0,651693.0,50.0,-1.2769379661252016
13040.0,652000.0,651743.0,50.0,-0.6960489168779619
13041.0,652050.0,651793.0,50.0,-1.4048038625470616
13042.0,652100.0,651843.0,50.0,-1.4058990763038126
13043.0,652150.0,651893.0,50.0,-1.0169819552681636
13044.0,652200.0,651943.0,50.0,-0.9647707389971305
13045.0,652250.0,651993.0,50.0,-1.5123532032392535
13046.0,652300.0,652043.0,50.0,-0.5556932774444553
13047.0,652350.0,652093.0,50.0,-1.30430193065385
13048.0,652400.0,652143.0,50.0,-1.1043117993960336
13049.0,652450.0,652193.0,50.0,-2.507216647620251
13050.0,652500.0,652243.0,50.0,-0.7350999757708861
13051.0,652550.0,652293.0,50.0,-1.3293351929205188
13052.0,652600.0,652343.0,50.0,-1.6130214499157647
13053.0,652650.0,652393.0,50.0,-1.3422151083708977
13054.0,652700.0,652443.0,50.0,-1.75904272810363
13055.0,652750.0,652493.0,50.0,-2.216913154216909
13056.0,652800.0,652543.0,50.0,-1.3480157734424498
13057.0,652850.0,652593.0,50.0,-0.6989923537614571
13058.0,652900.0,652643.0,50.0,-2.7416222049975816
13059.0,652950.0,652693.0,50.0,-1.1412414444293715
13060.0,653000.0,652743.0,50.0,-1.5066846778716232
13061.0,653050.0,652793.0,50.0,-0.6194048005307271
13062.0,653100.0,652843.0,50.0,-0.6807939814219721
13063.0,653150.0,652893.0,50.0,-1.1044575868904896
13064.0,653200.0,652943.0,50.0,-0.9396353472411209
13065.0,653250.0,652993.0,50.0,-2.3047937085948993
13066.0,653300.0,653043.0,50.0,-1.1551343513203327
13067.0,653350.0,653093.0,50.0,-1.087640364164608
13068.0,653400.0,653143.0,50.0,-0.6345394631532196
13069.0,653450.0,653193.0,50.0,-1.2827307304748694
13070.0,653500.0,653243.0,50.0,-1.4045299426269053
13071.0,653550.0,653293.0,50.0,-1.2157708173842625
13072.0,653600.0,653343.0,50.0,-0.8076447934452197
13073.0,653650.0,653393.0,50.0,-0.7812470854453256
13074.0,653700.0,653443.0,50.0,-1.0719069991931789
13075.0,653750.0,653493.0,50.0,-0.7879307613617412
13076.0,653800.0,653543.0,50.0,-0.9267787687385032
13077.0,653850.0,653593.0,50.0,-1.5092805404902072
13078.0,653900.0,653643.0,50.0,-1.301756549978747
13079.0,653950.0,653693.0,50.0,-1.9999654259508397
13080.0,654000.0,653743.0,50.0,-3.4414544238855767
13081.0,654050.0,653793.0,50.0,-1.4178481165909953
13082.0,654100.0,653843.0,50.0,-1.4272331013642519
13083.0,654150.0,653893.0,50.0,-1.1072180756977963
13084.0,654200.0,653943.0,50.0,-0.9906019379980104
13085.0,654250.0,653993.0,50.0,-1.0414093517588057
13086.0,654300.0,654043.0,50.0,-0.9908029124280818
13087.0,654350.0,654093.0,50.0,-1.8072245777681049
13088.0,654400.0,654143.0,50.0,-1.125222580571159
13089.0,654450.0,654193.0,50.0,-0.5996658169072073
13090.0,654500.0,654243.0,50.0,-1.949213161316873
13091.0,654550.0,654293.0,50.0,-1.052076024038636
13092.0,654600.0,654343.0,50.0,-1.314323445300691
13093.0,654650.0,654393.0,50.0,-1.7451038702947252
13094.0,654700.0,654443.0,50.0,-1.707184572843846
13095.0,654750.0,654493.0,50.0,-1.4532492240650907
13096.0,654800.0,654543.0,50.0,-2.00540661607924
13097.0,654850.0,654593.0,50.0,-0.8845601639949758
13098.0,654900.0,654643.0,50.0,-1.9389285467551365
13099.0,654950.0,654693.0,50.0,-1.8237900013849093
13100.0,655000.0,654743.0,50.0,-1.26155413269395
13101.0,655050.0,654793.0,50.0,-1.3475551932629524
13102.0,655100.0,654843.0,50.0,-0.860462798868736
13103.0,655150.0,654893.0,50.0,-0.9229280158481206
13104.0,655200.0,654943.0,50.0,-1.0504636128493767
13105.0,655250.0,654993.0,50.0,-0.7874598532204047
13106.0,655300.0,655043.0,50.0,-1.258783033738609
13107.0,655350.0,655093.0,50.0,-1.5982826951989546
13108.0,655400.0,655143.0,50.0,-1.7303841274447274
13109.0,655450.0,655193.0,50.0,-1.0129654668334165
13110.0,655500.0,655243.0,50.0,-0.7054539974573957
13111.0,655550.0,655293.0,50.0,-2.349309937112859
13112.0,655600.0,655343.0,50.0,-1.4840790519954985
13113.0,655650.0,655393.0,50.0,-1.659620768241107
13114.0,655700.0,655443.0,50.0,-1.2166451210028713
13115.0,655750.0,655493.0,50.0,-1.4319499425499378
13116.0,655800.0,655543.0,50.0,-1.037490932225949
13117.0,655850.0,655593.0,50.0,-1.5670687159027819
13118.0,655900.0,655643.0,50.0,-1.3730734186260067
13119.0,655950.0,655693.0,50.0,-3.249501637384236
13120.0,656000.0,655743.0,50.0,-0.9193543092767631
13121.0,656050.0,655793.0,50.0,-1.8087214312769784
13122.0,656100.0,655843.0,50.0,-1.6749954074699585
13123.0,656150.0,655893.0,50.0,-0.6411039189963921
13124.0,656200.0,655943.0,50.0,-2.924377026977811
13125.0,656250.0,655993.0,50.0,-0.8126831801708028
13126.0,656300.0,656043.0,50.0,-1.142425836195173
13127.0,656350.0,656093.0,50.0,-0.9957844608891899
13128.0,656400.0,656143.0,50.0,-1.0042837934822604
13129.0,656450.0,656193.0,50.0,-1.4582469324358371
13130.0,656500.0,656243.0,50.0,-1.565349073049019
13131.0,656550.0,656293.0,50.0,-1.0329478638258232
13132.0,656600.0,656343.0,50.0,-1.5352195859419109
13133.0,656650.0,656393.0,50.0,-1.289339179036382
13134.0,656700.0,656443.0,50.0,-1.3793817325887523
13135.0,656750.0,656493.0,50.0,-0.5954824292534221
13136.0,656800.0,656543.0,50.0,-1.3185609777740666
13137.0,656850.0,656593.0,50.0,-1.3416670616055255
13138.0,656900.0,656643.0,50.0,-0.9675863448686545
13139.0,656950.0,656693.0,50.0,-0.8681457468127426
13140.0,657000.0,656743.0,50.0,-1.6048105606017498
13141.0,657050.0,656793.0,50.0,-1.605700788035369
13142.0,657100.0,656843.0,50.0,-0.9550872360137829
13143.0,657150.0,656893.0,50.0,-0.958924470966467
13144.0,657200.0,656943.0,50.0,-1.6110024553738205
13145.0,657250.0,656993.0,50.0,-1.545009904241886
13146.0,657300.0,657043.0,50.0,-0.8393476733472635
13147.0,657350.0,657093.0,50.0,-2.0061225688276236
13148.0,657400.0,657143.0,50.0,-1.9855373046629219
13149.0,657450.0,657193.0,50.0,-1.6723774125974527
13150.0,657500.0,657243.0,50.0,-0.773436194498643
13151.0,657550.0,657293.0,50.0,-0.773336168666891
13152.0,657600.0,657343.0,50.0,-1.5255338541517973
13153.0,657650.0,657393.0,50.0,-2.40277084642473
13154.0,657700.0,657443.0,50.0,-0.8194318956632376
13155.0,657750.0,657493.0,50.0,-2.03979438599599
13156.0,657800.0,657543.0,50.0,-0.9877266572733857
13157.0,657850.0,657593.0,50.0,-1.438637436721843
13158.0,657900.0,657643.0,50.0,-1.3669533013139492
13159.0,657950.0,657693.0,50.0,-4.162636968180144
13160.0,658000.0,657743.0,50.0,-2.5090329148734485
13161.0,658050.0,657793.0,50.0,-2.1317915943271752
13162.0,658100.0,657843.0,50.0,-2.3224526915466646
13163.0,658150.0,657893.0,50.0,-2.0363405664631604
13164.0,658200.0,657943.0,50.0,-1.7176202120335236
13165.0,658250.0,657993.0,50.0,-1.2767616738285723
13166.0,658300.0,658043.0,50.0,-1.4036966761924414
13167.0,658350.0,658093.0,50.0,-2.482782900486557
13168.0,658400.0,658143.0,50.0,-1.5748906409521692
13169.0,658450.0,658193.0,50.0,-0.9881043535939595
13170.0,658500.0,658243.0,50.0,-2.6638508451876866
13171.0,658550.0,658293.0,50.0,-0.7080805887612833
13172.0,658600.0,658343.0,50.0,-1.4793287406012408
13173.0,658650.0,658393.0,50.0,-1.9462049788272904
13174.0,658700.0,658443.0,50.0,-2.1232192240840004
13175.0,658750.0,658493.0,50.0,-2.4183273773229765
13176.0,658800.0,658543.0,50.0,-1.08219096666913
13177.0,658850.0,658593.0,50.0,-0.8513424941958445
13178.0,658900.0,658643.0,50.0,-1.317299069959313
13179.0,658950.0,658693.0,50.0,-0.9849194157938986
13180.0,659000.0,658743.0,50.0,-0.9180890037419657
13181.0,659050.0,658793.0,50.0,-0.9011009497345266
13182.0,659100.0,658843.0,50.0,-1.766701966942597
13183.0,659150.0,658893.0,50.0,-1.5089271024916533
13184.0,659200.0,658943.0,50.0,-1.6013420260423539
13185.0,659250.0,658993.0,50.0,-1.1214194736455405
13186.0,659300.0,659043.0,50.0,-1.323416160089782
13187.0,659350.0,659093.0,50.0,-1.0284063743761793
13188.0,659400.0,659143.0,50.0,-2.3412150854013185
13189.0,659450.0,659193.0,50.0,-0.7876862170370993
13190.0,659500.0,659243.0,50.0,-1.7289146754079232
13191.0,659550.0,659293.0,50.0,-0.6940575368627973
13192.0,659600.0,659343.0,50.0,-1.1908448394227065
13193.0,659650.0,659393.0,50.0,-0.8483635245940204
13194.0,659700.0,659443.0,50.0,-1.5923391583269608
13195.0,659750.0,659493.0,50.0,-1.0229515889172942
13196.0,659800.0,659543.0,50.0,-1.041509283766965
13197.0,659850.0,659593.0,50.0,-1.3562800395868404
13198.0,659900.0,659643.0,50.0,-0.7945044752503633
13199.0,659950.0,659693.0,50.0,-1.127078479078602
13200.0,660000.0,659743.0,50.0,-1.0095652383612603
13201.0,660050.0,659793.0,50.0,-1.9390458013664176
13202.0,660100.0,659843.0,50.0,-1.4520727926388175
13203.0,660150.0,659893.0,50.0,-0.9121573656102746
13204.0,660200.0,659943.0,50.0,-1.0906416348865968
13205.0,660250.0,659993.0,50.0,-1.1701389877498818
13206.0,660300.0,660043.0,50.0,-2.8658119059081315
13207.0,660350.0,660093.0,50.0,-1.3803098715488458
13208.0,660400.0,660143.0,50.0,-0.6383516958063951
13209.0,660450.0,660193.0,50.0,-1.3305689334075916
13210.0,660500.0,660243.0,50.0,-0.9417612326206521
13211.0,660550.0,660293.0,50.0,-1.1064140426720894
13212.0,660600.0,660343.0,50.0,-0.9263071649538869
13213.0,660650.0,660393.0,50.0,-1.19377368990027
13214.0,660700.0,660443.0,50.0,-0.9485410177067897
13215.0,660750.0,660493.0,50.0,-0.8666546701269812
13216.0,660800.0,660543.0,50.0,-1.7852799331974487
13217.0,660850.0,660593.0,50.0,-0.736768523023837
13218.0,660900.0,660643.0,50.0,-1.4855150186523107
13219.0,660950.0,660693.0,50.0,-0.9462239337503286
13220.0,661000.0,660743.0,50.0,-1.230474088603614
13221.0,661050.0,660793.0,50.0,-0.64842104118743
13222.0,661100.0,660843.0,50.0,-2.039493512806554
13223.0,661150.0,660893.0,50.0,-2.5143916360824736
13224.0,661200.0,660943.0,50.0,-2.09933923048932
13225.0,661250.0,660993.0,50.0,-0.7520499347642083
13226.0,661300.0,661043.0,50.0,-1.1448396294554561
13227.0,661350.0,661093.0,50.0,-0.887444915018035
13228.0,661400.0,661143.0,50.0,-0.8721841198832219
13229.0,661450.0,661193.0,50.0,-1.188647498979561
13230.0,661500.0,661243.0,50.0,-0.8941753838055345
13231.0,661550.0,661293.0,50.0,-1.4465358509892887
13232.0,661600.0,661343.0,50.0,-1.4457185688403853
13233.0,661650.0,661393.0,50.0,-1.2008322029722054
13234.0,661700.0,661443.0,50.0,-1.7460825849726431
13235.0,661750.0,661493.0,50.0,-1.8304006021186123
13236.0,661800.0,661543.0,50.0,-2.0434775393159756
13237.0,661850.0,661593.0,50.0,-0.9176354091907684
13238.0,661900.0,661643.0,50.0,-2.2056487663945292
13239.0,661950.0,661693.0,50.0,-1.8218382826421564
13240.0,662000.0,661743.0,50.0,-1.7083000521520304
13241.0,662050.0,661793.0,50.0,-1.6650356122599173
13242.0,662100.0,661843.0,50.0,-0.7040946932422097
13243.0,662150.0,661893.0,50.0,-1.996769619935251
13244.0,662200.0,661943.0,50.0,-1.3379381478707277
13245.0,662250.0,661993.0,50.0,-0.6316904294859921
13246.0,662300.0,662043.0,50.0,-1.1078839621006906
13247.0,662350.0,662093.0,50.0,-0.7043479784624448
13248.0,662400.0,662143.0,50.0,-1.7200037249280982
13249.0,662450.0,662193.0,50.0,-2.0791379071442946
13250.0,662500.0,662243.0,50.0,-0.9736938179189679
13251.0,662550.0,662293.0,50.0,-1.1068997289059586
13252.0,662600.0,662343.0,50.0,-1.1082202483521058
13253.0,662650.0,662393.0,50.0,-1.6416159735054066
13254.0,662700.0,662443.0,50.0,-1.323877320478749
13255.0,662750.0,662493.0,50.0,-1.7772710577660984
13256.0,662800.0,662543.0,50.0,-1.3115942636906293
13257.0,662850.0,662593.0,50.0,-1.2621272823646863
13258.0,662900.0,662643.0,50.0,-2.212917893329795
13259.0,662950.0,662693.0,50.0,-0.8549957166887249
13260.0,663000.0,662743.0,50.0,-1.5143434214613518
13261.0,663050.0,662793.0,50.0,-0.8405528109915275
13262.0,663100.0,662843.0,50.0,-2.1903717711185036
13263.0,663150.0,662893.0,50.0,-1.4933854882589748
13264.0,663200.0,662943.0,50.0,-1.6977399595416864
13265.0,663250.0,662993.0,50.0,-0.5566595520593781
13266.0,663300.0,663043.0,50.0,-1.250425062583044
13267.0,663350.0,663093.0,50.0,-1.7689434676866742
13268.0,663400.0,663143.0,50.0,-1.8192242293907888
13269.0,663450.0,663193.0,50.0,-0.8401979525968222
13270.0,663500.0,663243.0,50.0,-1.3168941930649798
13271.0,663550.0,663293.0,50.0,-1.6205941585182646
13272.0,663600.0,663343.0,50.0,-1.0872918102510558
13273.0,663650.0,663393.0,50.0,-1.6395975537316332
13274.0,663700.0,663443.0,50.0,-0.8138345353565595
13275.0,663750.0,663493.0,50.0,-0.749285609192603
13276.0,663800.0,663543.0,50.0,-1.0364611766692238
13277.0,663850.0,663593.0,50.0,-1.165088434541493
13278.0,663900.0,663643.0,50.0,-1.521032977236585
13279.0,663950.0,663693.0,50.0,-0.8862657454847949
13280.0,664000.0,663743.0,50.0,-1.7720422345662759
13281.0,664050.0,663793.0,50.0,-1.2477531804158213
13282.0,664100.0,663843.0,50.0,-1.136145417741109
13283.0,664150.0,663893.0,50.0,-0.8822693539504488
13284.0,664200.0,663943.0,50.0,-0.6680553787712679
13285.0,664250.0,663993.0,50.0,-1.1317705128206366
13286.0,664300.0,664043.0,50.0,-1.1418483773996455
13287.0,664350.0,664093.0,50.0,-1.1348129915848997
13288.0,664400.0,664143.0,50.0,-1.2953113476260627
13289.0,664450.0,664193.0,50.0,-1.6984183745832286
13290.0,664500.0,664243.0,50.0,-1.8358387029065277
13291.0,664550.0,664293.0,50.0,-1.6460285001566433
13292.0,664600.0,664343.0,50.0,-2.0206685360035785
13293.0,664650.0,664393.0,50.0,-1.8088915414205187
13294.0,664700.0,664443.0,50.0,-1.882518413779889
13295.0,664750.0,664493.0,50.0,-1.3541366391589686
13296.0,664800.0,664543.0,50.0,-0.9602311270315729
13297.0,664850.0,664593.0,50.0,-2.285291445170153
13298.0,664900.0,664643.0,50.0,-0.8776364419553652
13299.0,664950.0,664693.0,50.0,-1.4117701506265559
13300.0,665000.0,664743.0,50.0,-1.8324941791530522
13301.0,665050.0,664793.0,50.0,-0.9081079499390148
13302.0,665100.0,664843.0,50.0,-1.1832441201484942
13303.0,665150.0,664893.0,50.0,-1.2996043421669787
13304.0,665200.0,664943.0,50.0,-1.3186638533489208
13305.0,665250.0,664993.0,50.0,-1.5882285507633878
13306.0,665300.0,665043.0,50.0,-0.9076123961788475
13307.0,665350.0,665093.0,50.0,-1.2477650956905832
13308.0,665400.0,665143.0,50.0,-2.7224038128848367
13309.0,665450.0,665193.0,50.0,-0.9027731407735802
13310.0,665500.0,665243.0,50.0,-0.673155153623901
13311.0,665550.0,665293.0,50.0,-1.2261575402384484
13312.0,665600.0,665343.0,50.0,-0.965861884547915
13313.0,665650.0,665393.0,50.0,-0.7690895087848743
13314.0,665700.0,665443.0,50.0,-0.9043442245254505
13315.0,665750.0,665493.0,50.0,-0.771976887126369
13316.0,665800.0,665543.0,50.0,-1.175944296303963
13317.0,665850.0,665593.0,50.0,-1.4213341676611404
13318.0,665900.0,665643.0,50.0,-0.9147908814899656
13319.0,665950.0,665693.0,50.0,-1.0825399251900152
13320.0,666000.0,665743.0,50.0,-1.4630874326127408
13321.0,666050.0,665793.0,50.0,-0.5763996319711097
13322.0,666100.0,665843.0,50.0,-1.3458802348672696
13323.0,666150.0,665893.0,50.0,-0.7019477012781451
13324.0,666200.0,665943.0,50.0,-1.6018184941959708
13325.0,666250.0,665993.0,50.0,-0.9673932064711979
13326.0,666300.0,666043.0,50.0,-0.624752309293495
13327.0,666350.0,666093.0,50.0,-1.5266553968748058
13328.0,666400.0,666143.0,50.0,-0.8830185465577416
13329.0,666450.0,666193.0,50.0,-0.9978881885310923
13330.0,666500.0,666243.0,50.0,-0.7654662176730151
13331.0,666550.0,666293.0,50.0,-1.0663163407734215
13332.0,666600.0,666343.0,50.0,-0.6594687978534075
13333.0,666650.0,666393.0,50.0,-1.1027588809436217
13334.0,666700.0,666443.0,50.0,-1.2913216070706195
13335.0,666750.0,666493.0,50.0,-0.8637240118722175
13336.0,666800.0,666543.0,50.0,-1.1645218560895307
13337.0,666850.0,666593.0,50.0,-0.8396752513110177
13338.0,666900.0,666643.0,50.0,-0.839902795031625
13339.0,666950.0,666693.0,50.0,-1.1459806721916501
13340.0,667000.0,666743.0,50.0,-0.8490452497682363
13341.0,667050.0,666793.0,50.0,-0.9176293925543554
13342.0,667100.0,666843.0,50.0,-0.7681196105646908
13343.0,667150.0,666893.0,50.0,-0.901277084019596
13344.0,667200.0,666943.0,50.0,-0.9965543592798
13345.0,667250.0,666993.0,50.0,-0.7515078111630503
13346.0,667300.0,667043.0,50.0,-0.7633717820065454
13347.0,667350.0,667093.0,50.0,-1.3038280706697933
13348.0,667400.0,667143.0,50.0,-1.2122591223945212
13349.0,667450.0,667193.0,50.0,-0.7180029783098435
13350.0,667500.0,667243.0,50.0,-0.7292035870235696
13351.0,667550.0,667293.0,50.0,-0.9774325355251735
13352.0,667600.0,667343.0,50.0,-1.160460708625973
13353.0,667650.0,667393.0,50.0,-1.766179150113169
13354.0,667700.0,667443.0,50.0,-0.9349925703564925
13355.0,667750.0,667493.0,50.0,-1.3080625906435626
13356.0,667800.0,667543.0,50.0,-0.6803094491944951
13357.0,667850.0,667593.0,50.0,-1.7869025096721225
13358.0,667900.0,667643.0,50.0,-1.2083114394200039
13359.0,667950.0,667693.0,50.0,-1.3177721272648297
13360.0,668000.0,667743.0,50.0,-1.9041247825364847
13361.0,668050.0,667793.0,50.0,-2.7867844176261243
13362.0,668100.0,667843.0,50.0,-0.7033672388685939
13363.0,668150.0,667893.0,50.0,-0.9299703816728374
13364.0,668200.0,667943.0,50.0,-0.7889136990383524
13365.0,668250.0,667993.0,50.0,-1.4565010314001976
13366.0,668300.0,668043.0,50.0,-1.8000583917922592
13367.0,668350.0,668093.0,50.0,-2.0808378751791574
13368.0,668400.0,668143.0,50.0,-0.7626691615910253
13369.0,668450.0,668193.0,50.0,-0.9200569974218115
13370.0,668500.0,668243.0,50.0,-2.384908950584691
13371.0,668550.0,668293.0,50.0,-1.147035974400668
13372.0,668600.0,668343.0,50.0,-1.9479038912075086
13373.0,668650.0,668393.0,50.0,-1.1497342280509137
13374.0,668700.0,668443.0,50.0,-0.6186902403586779
13375.0,668750.0,668493.0,50.0,-1.0769402350743482
13376.0,668800.0,668543.0,50.0,-1.6326240096516589
13377.0,668850.0,668593.0,50.0,-1.736775175154816
13378.0,668900.0,668643.0,50.0,-1.0257702400465527
13379.0,668950.0,668693.0,50.0,-0.5332848589549732
13380.0,669000.0,668743.0,50.0,-1.783771785331784
13381.0,669050.0,668793.0,50.0,-1.3057836184399856
13382.0,669100.0,668843.0,50.0,-0.4421654449262978
13383.0,669150.0,668893.0,50.0,-1.2396976978665533
13384.0,669200.0,668943.0,50.0,-1.255990420358736
13385.0,669250.0,668993.0,50.0,-0.49079489783107094
13386.0,669300.0,669043.0,50.0,-0.7413654010911475
13387.0,669350.0,669093.0,50.0,-0.8487914298434934
13388.0,669400.0,669143.0,50.0,-1.4645468985714838
13389.0,669450.0,669193.0,50.0,-1.3753261416494384
13390.0,669500.0,669243.0,50.0,-1.0643434513846692
13391.0,669550.0,669293.0,50.0,-0.8660677454668488
13392.0,669600.0,669343.0,50.0,-0.9809113761769174
13393.0,669650.0,669393.0,50.0,-1.956494114568185
13394.0,669700.0,669443.0,50.0,-1.5818073979511258
13395.0,669750.0,669493.0,50.0,-0.6683258237857495
13396.0,669800.0,669543.0,50.0,-0.4398579142301215
13397.0,669850.0,669593.0,50.0,-1.5989808871461924
13398.0,669900.0,669643.0,50.0,-0.6226883904361297
13399.0,669950.0,669693.0,50.0,-0.6591452007758988
13400.0,670000.0,669743.0,50.0,-0.8720021706223989
13401.0,670050.0,669793.0,50.0,-1.2227121370403566
13402.0,670100.0,669843.0,50.0,-1.0613601342543193
13403.0,670150.0,669893.0,50.0,-1.453030348901746
13404.0,670200.0,669943.0,50.0,-1.3670115255273452
13405.0,670250.0,669993.0,50.0,-1.415122772725651
13406.0,670300.0,670043.0,50.0,-0.9015064258910663
13407.0,670350.0,670093.0,50.0,-0.7397704933329289
13408.0,670400.0,670143.0,50.0,-1.2132495306999345
13409.0,670450.0,670193.0,50.0,-0.6260961015804417
13410.0,670500.0,670243.0,50.0,-0.6943078366354607
13411.0,670550.0,670293.0,50.0,-0.6584843956361335
13412.0,670600.0,670343.0,50.0,-2.328095137605526
13413.0,670650.0,670393.0,50.0,-1.0977127984706014
13414.0,670700.0,670443.0,50.0,-1.257993649075763
13415.0,670750.0,670493.0,50.0,-0.9729379969902016
13416.0,670800.0,670543.0,50.0,-1.561224679985986
13417.0,670850.0,670593.0,50.0,-0.4895397684359254
13418.0,670900.0,670643.0,50.0,-1.536426779248248
13419.0,670950.0,670693.0,50.0,-1.4088278458422068
13420.0,671000.0,670743.0,50.0,-0.9796487400169546
13421.0,671050.0,670793.0,50.0,-1.313886254972657
13422.0,671100.0,670843.0,50.0,-1.60507750448741
13423.0,671150.0,670893.0,50.0,-1.0097511430080643
13424.0,671200.0,670943.0,50.0,-0.9901297078036535
13425.0,671250.0,670993.0,50.0,-1.0896175021948475
13426.0,671300.0,671043.0,50.0,-0.6189081631785096
13427.0,671350.0,671093.0,50.0,-1.2257853697350156
13428.0,671400.0,671143.0,50.0,-1.4824317596249144
13429.0,671450.0,671193.0,50.0,-0.8204660000238543
13430.0,671500.0,671243.0,50.0,-0.7113298631389764
13431.0,671550.0,671293.0,50.0,-0.790791645141029
13432.0,671600.0,671343.0,50.0,-0.5524322125474199
13433.0,671650.0,671393.0,50.0,-0.6724357916717849
13434.0,671700.0,671443.0,50.0,-0.8341107495253377
13435.0,671750.0,671493.0,50.0,-0.7044489959814939
13436.0,671800.0,671543.0,50.0,-0.7437366971466595
13437.0,671850.0,671593.0,50.0,-0.9520556182049354
13438.0,671900.0,671643.0,50.0,-0.99716901666288
13439.0,671950.0,671693.0,50.0,-1.4176931912260429
13440.0,672000.0,671743.0,50.0,-0.8397212483372509
13441.0,672050.0,671793.0,50.0,-1.566230352014505
13442.0,672100.0,671843.0,50.0,-0.7131881457404082
13443.0,672150.0,671893.0,50.0,-1.8420195966890973
13444.0,672200.0,671943.0,50.0,-1.3195039669118538
13445.0,672250.0,671993.0,50.0,-2.13252662147251
13446.0,672300.0,672043.0,50.0,-0.9213251096925866
13447.0,672350.0,672093.0,50.0,-1.4052619253809642
13448.0,672400.0,672143.0,50.0,-0.5402021347507802
13449.0,672450.0,672193.0,50.0,-1.0274912794971505
13450.0,672500.0,672243.0,50.0,-0.9297930676524963
13451.0,672550.0,672293.0,50.0,-2.145565782072084
13452.0,672600.0,672343.0,50.0,-1.803732271026866
13453.0,672650.0,672393.0,50.0,-0.8790048486498413
13454.0,672700.0,672443.0,50.0,-0.8302352992014692
13455.0,672750.0,672493.0,50.0,-1.4840921926789603
13456.0,672800.0,672543.0,50.0,-1.4502294755948932
13457.0,672850.0,672593.0,50.0,-1.1210726369261026
13458.0,672900.0,672643.0,50.0,-0.6828862761089352
13459.0,672950.0,672693.0,50.0,-1.533331599808079
13460.0,673000.0,672743.0,50.0,-0.6819489190170047
13461.0,673050.0,672793.0,50.0,-0.9942750599077799
13462.0,673100.0,672843.0,50.0,-1.7900450820997325
13463.0,673150.0,672893.0,50.0,-1.2899877432235147
13464.0,673200.0,672943.0,50.0,-1.1073020283004207
13465.0,673250.0,672993.0,50.0,-1.8812700336263555
13466.0,673300.0,673043.0,50.0,-0.7985609552382132
13467.0,673350.0,673093.0,50.0,-0.5094556310530631
13468.0,673400.0,673143.0,50.0,-0.8814246769123069
13469.0,673450.0,673193.0,50.0,-1.3245198229960005
13470.0,673500.0,673243.0,50.0,-1.6982921716556503
13471.0,673550.0,673293.0,50.0,-0.755607689955416
13472.0,673600.0,673343.0,50.0,-0.7506638153311163
13473.0,673650.0,673393.0,50.0,-0.7433505560571068
13474.0,673700.0,673443.0,50.0,-1.6599244786178307
13475.0,673750.0,673493.0,50.0,-0.6772124020480526
13476.0,673800.0,673543.0,50.0,-1.1705504340015234
13477.0,673850.0,673593.0,50.0,-0.816972642828162
13478.0,673900.0,673643.0,50.0,-0.9133900180785138
13479.0,673950.0,673693.0,50.0,-1.1680701765728991
13480.0,674000.0,673743.0,50.0,-0.9059539781981036
13481.0,674050.0,673793.0,50.0,-1.6879246961003933
13482.0,674100.0,673843.0,50.0,-0.9037929585811777
13483.0,674150.0,673893.0,50.0,-0.6749183981559469
13484.0,674200.0,673943.0,50.0,-1.0108597739658585
13485.0,674250.0,673993.0,50.0,-0.7833145809548918
13486.0,674300.0,674043.0,50.0,-1.7294092554709528
13487.0,674350.0,674093.0,50.0,-1.012485409655371
13488.0,674400.0,674143.0,50.0,-0.7820962890978602
13489.0,674450.0,674193.0,50.0,-0.8642834652239609
13490.0,674500.0,674243.0,50.0,-1.0293376741042108
13491.0,674550.0,674293.0,50.0,-1.0681174552188033
13492.0,674600.0,674343.0,50.0,-1.0793831395534572
13493.0,674650.0,674393.0,50.0,-0.585429155897898
13494.0,674700.0,674443.0,50.0,-1.2227331171723095
13495.0,674750.0,674493.0,50.0,-0.7662777393940268
13496.0,674800.0,674543.0,50.0,-1.059974961916913
13497.0,674850.0,674593.0,50.0,-1.2419201338805692
13498.0,674900.0,674643.0,50.0,-0.6436779713901035
13499.0,674950.0,674693.0,50.0,-0.6399628383583569
13500.0,675000.0,674743.0,50.0,-1.2003141583221215
13501.0,675050.0,674793.0,50.0,-1.906964067839909
13502.0,675100.0,674843.0,50.0,-0.7856717265867763
13503.0,675150.0,674893.0,50.0,-0.595576467643402
13504.0,675200.0,674943.0,50.0,-2.0645493628599985
13505.0,675250.0,674993.0,50.0,-1.199014807054496
13506.0,675300.0,675043.0,50.0,-0.7479667883816677
13507.0,675350.0,675093.0,50.0,-0.8841574193055837
13508.0,675400.0,675143.0,50.0,-1.01421415379912
13509.0,675450.0,675193.0,50.0,-1.1119575475950956
13510.0,675500.0,675243.0,50.0,-2.721795756748022
13511.0,675550.0,675293.0,50.0,-1.0572841809787112
13512.0,675600.0,675343.0,50.0,-1.0258989210891176
13513.0,675650.0,675393.0,50.0,-1.146517473000966
13514.0,675700.0,675443.0,50.0,-1.1233405410192148
13515.0,675750.0,675493.0,50.0,-1.743028892173602
13516.0,675800.0,675543.0,50.0,-1.717325322973038
13517.0,675850.0,675593.0,50.0,-1.0012582323920116
13518.0,675900.0,675643.0,50.0,-1.9349460035681338
13519.0,675950.0,675693.0,50.0,-0.8474931123183358
13520.0,676000.0,675743.0,50.0,-2.077071764986679
13521.0,676050.0,675793.0,50.0,-0.5817759638397992
13522.0,676100.0,675843.0,50.0,-0.654967810122146
13523.0,676150.0,675893.0,50.0,-0.7551519078904577
13524.0,676200.0,675943.0,50.0,-0.924612897284106
13525.0,676250.0,675993.0,50.0,-0.7888000760554392
13526.0,676300.0,676043.0,50.0,-0.8577499883209044
13527.0,676350.0,676093.0,50.0,-0.7422417899712712
13528.0,676400.0,676143.0,50.0,-1.0169879024181283
13529.0,676450.0,676193.0,50.0,-0.8854848229715572
13530.0,676500.0,676243.0,50.0,-0.756844332896685
13531.0,676550.0,676293.0,50.0,-0.6960538841153694
13532.0,676600.0,676343.0,50.0,-0.7976500803232662
13533.0,676650.0,676393.0,50.0,-1.4032312035578507
13534.0,676700.0,676443.0,50.0,-1.3623192636345933
13535.0,676750.0,676493.0,50.0,-1.041520493123656
13536.0,676800.0,676543.0,50.0,-0.8661787661129418
13537.0,676850.0,676593.0,50.0,-1.4690948809950612
13538.0,676900.0,676643.0,50.0,-1.4779508558814765
13539.0,676950.0,676693.0,50.0,-1.0978724541059142
13540.0,677000.0,676743.0,50.0,-0.9004813393257913
13541.0,677050.0,676793.0,50.0,-1.2025522427764954
13542.0,677100.0,676843.0,50.0,-0.564810130115827
13543.0,677150.0,676893.0,50.0,-0.8231545926121816
13544.0,677200.0,676943.0,50.0,-0.7418510861919186
13545.0,677250.0,676993.0,50.0,-0.9919744278911282
13546.0,677300.0,677043.0,50.0,-0.8712770161313586
13547.0,677350.0,677093.0,50.0,-0.6069600849975144
13548.0,677400.0,677143.0,50.0,-2.5510178389233396
13549.0,677450.0,677193.0,50.0,-1.046964617038837
13550.0,677500.0,677243.0,50.0,-0.45245479524437976
13551.0,677550.0,677293.0,50.0,-0.6649525198750242
13552.0,677600.0,677343.0,50.0,-1.2168280925175154
13553.0,677650.0,677393.0,50.0,-1.514155872291279
13554.0,677700.0,677443.0,50.0,-0.9621818317794879
13555.0,677750.0,677493.0,50.0,-0.6842676138003012
13556.0,677800.0,677543.0,50.0,-2.309876750963217
13557.0,677850.0,677593.0,50.0,-0.7526013036475776
13558.0,677900.0,677643.0,50.0,-0.9354354216389896
13559.0,677950.0,677693.0,50.0,-1.8647218494180324
13560.0,678000.0,677743.0,50.0,-2.245995039796272
13561.0,678050.0,677793.0,50.0,-0.734307594351925
13562.0,678100.0,677843.0,50.0,-0.6712114834461913
13563.0,678150.0,677893.0,50.0,-1.42135643078787
13564.0,678200.0,677943.0,50.0,-2.69326537422076
13565.0,678250.0,677993.0,50.0,-0.8679694613054535
13566.0,678300.0,678043.0,50.0,-1.1284709367258592
13567.0,678350.0,678093.0,50.0,-1.138249907465168
13568.0,678400.0,678143.0,50.0,-0.6776985554245623
13569.0,678450.0,678193.0,50.0,-1.274383423616421
13570.0,678500.0,678243.0,50.0,-0.697207558014913
13571.0,678550.0,678293.0,50.0,-1.7470965694439766
13572.0,678600.0,678343.0,50.0,-0.7745200966474907
13573.0,678650.0,678393.0,50.0,-0.731811758384195
13574.0,678700.0,678443.0,50.0,-0.9180562913628094
13575.0,678750.0,678493.0,50.0,-2.118279725684643
13576.0,678800.0,678543.0,50.0,-1.273198183277768
13577.0,678850.0,678593.0,50.0,-2.2203464948881706
13578.0,678900.0,678643.0,50.0,-1.239671344626261
13579.0,678950.0,678693.0,50.0,-2.013953616529195
13580.0,679000.0,678743.0,50.0,-1.2572798372650007
13581.0,679050.0,678793.0,50.0,-0.8936199336049724
13582.0,679100.0,678843.0,50.0,-0.9331655662475532
13583.0,679150.0,678893.0,50.0,-0.8260697610659079
13584.0,679200.0,678943.0,50.0,-1.8391566687862106
13585.0,679250.0,678993.0,50.0,-0.7962122872091191
13586.0,679300.0,679043.0,50.0,-1.050570794815217
13587.0,679350.0,679093.0,50.0,-0.9767476959547428
13588.0,679400.0,679143.0,50.0,-0.5814236472845447
13589.0,679450.0,679193.0,50.0,-0.9809451251312465
13590.0,679500.0,679243.0,50.0,-2.1666180650350766
13591.0,679550.0,679293.0,50.0,-0.5952037194185784
13592.0,679600.0,679343.0,50.0,-0.5989356716083697
13593.0,679650.0,679393.0,50.0,-0.7216884606759811
13594.0,679700.0,679443.0,50.0,-1.0343566720715986
13595.0,679750.0,679493.0,50.0,-1.056409824204536
13596.0,679800.0,679543.0,50.0,-0.644257971921937
13597.0,679850.0,679593.0,50.0,-0.801012843078058
13598.0,679900.0,679643.0,50.0,-0.9559876949579087
13599.0,679950.0,679693.0,50.0,-0.6909359423249407
13600.0,680000.0,679743.0,50.0,-0.8614677924614532
13601.0,680050.0,679793.0,50.0,-1.2135267484974108
13602.0,680100.0,679843.0,50.0,-1.4377319035285434
13603.0,680150.0,679893.0,50.0,-0.9415599352412594
13604.0,680200.0,679943.0,50.0,-0.5822759144397718
13605.0,680250.0,679993.0,50.0,-0.8369530956339497
13606.0,680300.0,680043.0,50.0,-0.88237115717533
13607.0,680350.0,680093.0,50.0,-1.1670266604913053
13608.0,680400.0,680143.0,50.0,-1.0860321152184467
13609.0,680450.0,680193.0,50.0,-0.9103939126906098
13610.0,680500.0,680243.0,50.0,-1.4927937088524055
13611.0,680550.0,680293.0,50.0,-0.8293746308200357
13612.0,680600.0,680343.0,50.0,-1.1873425213004312
13613.0,680650.0,680393.0,50.0,-1.389922910286925
13614.0,680700.0,680443.0,50.0,-0.6530498023068421
13615.0,680750.0,680493.0,50.0,-0.5140339973487766
13616.0,680800.0,680543.0,50.0,-0.6539054568118962
13617.0,680850.0,680593.0,50.0,-1.039821080925708
13618.0,680900.0,680643.0,50.0,-1.2882648415751348
13619.0,680950.0,680693.0,50.0,-1.2526968706994608
13620.0,681000.0,680743.0,50.0,-0.593741934091258
13621.0,681050.0,680793.0,50.0,-1.4737398277232292
13622.0,681100.0,680843.0,50.0,-1.2319991965931645
13623.0,681150.0,680893.0,50.0,-1.0719031864292863
13624.0,681200.0,680943.0,50.0,-1.7280439009403523
13625.0,681250.0,680993.0,50.0,-1.9175428355304989
13626.0,681300.0,681043.0,50.0,-0.8960978294404075
13627.0,681350.0,681093.0,50.0,-0.6346348946607229
13628.0,681400.0,681143.0,50.0,-1.2357802887174913
13629.0,681450.0,681193.0,50.0,-0.8338647078341138
13630.0,681500.0,681243.0,50.0,-1.543004375756251
13631.0,681550.0,681293.0,50.0,-1.3999779879277392
13632.0,681600.0,681343.0,50.0,-1.0612358400677515
13633.0,681650.0,681393.0,50.0,-0.548420739346701
13634.0,681700.0,681443.0,50.0,-0.7808828062101071
13635.0,681750.0,681493.0,50.0,-0.8188794281334865
13636.0,681800.0,681543.0,50.0,-0.8856354989336774
13637.0,681850.0,681593.0,50.0,-1.0437331375651449
13638.0,681900.0,681643.0,50.0,-0.5738139850873383
13639.0,681950.0,681693.0,50.0,-0.6288201150390622
13640.0,682000.0,681743.0,50.0,-0.9972842114968552
13641.0,682050.0,681793.0,50.0,-1.3261886546146864
13642.0,682100.0,681843.0,50.0,-1.008217201742694
13643.0,682150.0,681893.0,50.0,-1.0216212863417111
13644.0,682200.0,681943.0,50.0,-1.3455260468461954
13645.0,682250.0,681993.0,50.0,-1.358692655726535
13646.0,682300.0,682043.0,50.0,-0.8949369883834518
13647.0,682350.0,682093.0,50.0,-0.5378945952866953
13648.0,682400.0,682143.0,50.0,-1.721282975155723
13649.0,682450.0,682193.0,50.0,-0.8635486218628322
13650.0,682500.0,682243.0,50.0,-0.9114246894960072
13651.0,682550.0,682293.0,50.0,-0.5405437931646914
13652.0,682600.0,682343.0,50.0,-1.0788463765398857
13653.0,682650.0,682393.0,50.0,-0.9302420602146915
13654.0,682700.0,682443.0,50.0,-1.6278139830235117
13655.0,682750.0,682493.0,50.0,-0.9287713970235135
13656.0,682800.0,682543.0,50.0,-1.7895777965229105
13657.0,682850.0,682593.0,50.0,-0.7980097925006396
13658.0,682900.0,682643.0,50.0,-1.7906585326649642
13659.0,682950.0,682693.0,50.0,-1.321506452139292
13660.0,683000.0,682743.0,50.0,-1.9036475116627833
13661.0,683050.0,682793.0,50.0,-0.6065429486428544
13662.0,683100.0,682843.0,50.0,-0.5361859540600018
13663.0,683150.0,682893.0,50.0,-0.7338311841357797
13664.0,683200.0,682943.0,50.0,-0.62550154706269
13665.0,683250.0,682993.0,50.0,-0.504909956101503
13666.0,683300.0,683043.0,50.0,-1.1931569363680787
13667.0,683350.0,683093.0,50.0,-0.6636543784438268
13668.0,683400.0,683143.0,50.0,-0.5949209221198952
13669.0,683450.0,683193.0,50.0,-0.4316737320416546
13670.0,683500.0,683243.0,50.0,-1.618574459696634
13671.0,683550.0,683293.0,50.0,-1.8883485605270145
13672.0,683600.0,683343.0,50.0,-0.8983268604916721
13673.0,683650.0,683393.0,50.0,-0.8977784474857626
13674.0,683700.0,683443.0,50.0,-0.7537690623794849
13675.0,683750.0,683493.0,50.0,-0.5097453242151361
13676.0,683800.0,683543.0,50.0,-1.0632019341139982
13677.0,683850.0,683593.0,50.0,-1.5773546141296353
13678.0,683900.0,683643.0,50.0,-1.4149029578218353
13679.0,683950.0,683693.0,50.0,-1.5033551551178528
13680.0,684000.0,683743.0,50.0,-1.8279909722914365
13681.0,684050.0,683793.0,50.0,-1.0828635116744216
13682.0,684100.0,683843.0,50.0,-2.2818402653474785
13683.0,684150.0,683893.0,50.0,-0.6736398535940363
13684.0,684200.0,683943.0,50.0,-0.7228404767455454
13685.0,684250.0,683993.0,50.0,-0.5562027953819475
13686.0,684300.0,684043.0,50.0,-0.731105318154708
13687.0,684350.0,684093.0,50.0,-1.0027926739009632
13688.0,684400.0,684143.0,50.0,-0.8015558853453775
13689.0,684450.0,684193.0,50.0,-0.6183199079357492
13690.0,684500.0,684243.0,50.0,-1.534456315379645
13691.0,684550.0,684293.0,50.0,-0.9206513704179511
13692.0,684600.0,684343.0,50.0,-0.9103898997549005
13693.0,684650.0,684393.0,50.0,-0.8419537589836155
13694.0,684700.0,684443.0,50.0,-0.9823923227826946
13695.0,684750.0,684493.0,50.0,-0.6772367835470997
13696.0,684800.0,684543.0,50.0,-0.5722585408402842
13697.0,684850.0,684593.0,50.0,-2.2476777398873335
13698.0,684900.0,684643.0,50.0,-0.9592188237324293
13699.0,684950.0,684693.0,50.0,-0.8063648132544836
13700.0,685000.0,684743.0,50.0,-1.1770400717523917
13701.0,685050.0,684793.0,50.0,-1.544067102633686
13702.0,685100.0,684843.0,50.0,-1.5903686908682022
13703.0,685150.0,684893.0,50.0,-1.9566049910929064
13704.0,685200.0,684943.0,50.0,-1.1932951505023077
13705.0,685250.0,684993.0,50.0,-1.5458264615760888
13706.0,685300.0,685043.0,50.0,-0.7704648463587619
13707.0,685350.0,685093.0,50.0,-0.8086964751848511
13708.0,685400.0,685143.0,50.0,-1.142941851687888
13709.0,685450.0,685193.0,50.0,-0.959086854616075
13710.0,685500.0,685243.0,50.0,-1.0780704490052655
13711.0,685550.0,685293.0,50.0,-0.6075607149989668
13712.0,685600.0,685343.0,50.0,-2.0800994350448545
13713.0,685650.0,685393.0,50.0,-0.6600805263579043
13714.0,685700.0,685443.0,50.0,-0.7415256033878261
13715.0,685750.0,685493.0,50.0,-1.07399949870249
13716.0,685800.0,685543.0,50.0,-0.6884529431254142
13717.0,685850.0,685593.0,50.0,-1.0217121911218383
13718.0,685900.0,685643.0,50.0,-0.9833262546625281
13719.0,685950.0,685693.0,50.0,-0.9707680650715722
13720.0,686000.0,685743.0,50.0,-0.965127035802838
13721.0,686050.0,685793.0,50.0,-0.9056053363210841
13722.0,686100.0,685843.0,50.0,-1.3340201432895722
13723.0,686150.0,685893.0,50.0,-0.9420193160623219
13724.0,686200.0,685943.0,50.0,-1.022779889832355
13725.0,686250.0,685993.0,50.0,-1.0661396621153079
13726.0,686300.0,686043.0,50.0,-1.8244152639006372
13727.0,686350.0,686093.0,50.0,-1.3608980369324164
13728.0,686400.0,686143.0,50.0,-0.7499260943029796
13729.0,686450.0,686193.0,50.0,-1.0930436485918182
13730.0,686500.0,686243.0,50.0,-0.7013597422091802
13731.0,686550.0,686293.0,50.0,-0.7710758614850963
13732.0,686600.0,686343.0,50.0,-0.6806003098439377
13733.0,686650.0,686393.0,50.0,-0.8901792524870541
13734.0,686700.0,686443.0,50.0,-1.2759486615266498
13735.0,686750.0,686493.0,50.0,-1.4793316110473615
13736.0,686800.0,686543.0,50.0,-0.9371960500300678
13737.0,686850.0,686593.0,50.0,-2.088967224475928
13738.0,686900.0,686643.0,50.0,-0.6168746281017535
13739.0,686950.0,686693.0,50.0,-1.0972555112543416
13740.0,687000.0,686743.0,50.0,-1.8394517931474672
13741.0,687050.0,686793.0,50.0,-1.8617640585396151
13742.0,687100.0,686843.0,50.0,-0.8147190193558598
13743.0,687150.0,686893.0,50.0,-1.9648783322925816
13744.0,687200.0,686943.0,50.0,-1.5324187056955196
13745.0,687250.0,686993.0,50.0,-1.0286368148125191
13746.0,687300.0,687043.0,50.0,-1.8097934609575974
13747.0,687350.0,687093.0,50.0,-1.8016073422927124
13748.0,687400.0,687143.0,50.0,-1.0031063887394434
13749.0,687450.0,687193.0,50.0,-0.8072858724474309
13750.0,687500.0,687243.0,50.0,-0.7640940856867203
13751.0,687550.0,687293.0,50.0,-0.8173467176014297
13752.0,687600.0,687343.0,50.0,-0.502425717783039
13753.0,687650.0,687393.0,50.0,-1.5624630339110162
13754.0,687700.0,687443.0,50.0,-1.2063287867166563
13755.0,687750.0,687493.0,50.0,-1.597126093420634
13756.0,687800.0,687543.0,50.0,-1.5635578484338806
13757.0,687850.0,687593.0,50.0,-1.947115325171841
13758.0,687900.0,687643.0,50.0,-0.7289730009876867
13759.0,687950.0,687693.0,50.0,-1.1715672174281322
13760.0,688000.0,687743.0,50.0,-1.751461996641561
13761.0,688050.0,687793.0,50.0,-0.8302796655845128
13762.0,688100.0,687843.0,50.0,-0.9612859885338206
13763.0,688150.0,687893.0,50.0,-0.7808485854815195
13764.0,688200.0,687943.0,50.0,-0.7098764620735716
13765.0,688250.0,687993.0,50.0,-0.8588260436185293
13766.0,688300.0,688043.0,50.0,-0.6626613798108159
13767.0,688350.0,688093.0,50.0,-1.1018635460908948
13768.0,688400.0,688143.0,50.0,-0.6075174732944914
13769.0,688450.0,688193.0,50.0,-0.8229110304923594
13770.0,688500.0,688243.0,50.0,-1.4534436203518677
13771.0,688550.0,688293.0,50.0,-1.3079040851614527
13772.0,688600.0,688343.0,50.0,-0.6488894887368538
13773.0,688650.0,688393.0,50.0,-1.3082144842432248
13774.0,688700.0,688443.0,50.0,-1.2641887479571645
13775.0,688750.0,688493.0,50.0,-1.4036189347849832
13776.0,688800.0,688543.0,50.0,-1.2877216892240686
13777.0,688850.0,688593.0,50.0,-1.1224063299712776
13778.0,688900.0,688643.0,50.0,-0.4748487197775561
13779.0,688950.0,688693.0,50.0,-0.6960947232250997
13780.0,689000.0,688743.0,50.0,-0.6296033868982971
13781.0,689050.0,688793.0,50.0,-0.7793061316709676
13782.0,689100.0,688843.0,50.0,-0.6190142842980417
13783.0,689150.0,688893.0,50.0,-0.45144567980229006
13784.0,689200.0,688943.0,50.0,-1.454480847164577
13785.0,689250.0,688993.0,50.0,-1.2918149359414943
13786.0,689300.0,689043.0,50.0,-0.9744679238972268
13787.0,689350.0,689093.0,50.0,-0.7153433396585096
13788.0,689400.0,689143.0,50.0,-0.7671882664327463
13789.0,689450.0,689193.0,50.0,-1.270750885537415
13790.0,689500.0,689243.0,50.0,-0.9072283013786431
13791.0,689550.0,689293.0,50.0,-0.6491278202532912
13792.0,689600.0,689343.0,50.0,-1.0773939340657617
13793.0,689650.0,689393.0,50.0,-1.0122384215826128
13794.0,689700.0,689443.0,50.0,-1.236870387535686
13795.0,689750.0,689493.0,50.0,-1.1938326081757025
13796.0,689800.0,689543.0,50.0,-1.3069283247556165
13797.0,689850.0,689593.0,50.0,-0.5952977272764571
13798.0,689900.0,689643.0,50.0,-1.3842511899908034
13799.0,689950.0,689693.0,50.0,-1.2806476362334525
13800.0,690000.0,689743.0,50.0,-1.5757057451902672
13801.0,690050.0,689793.0,50.0,-0.5850346814702395
13802.0,690100.0,689843.0,50.0,-0.5288860067369158
13803.0,690150.0,689893.0,50.0,-1.349226178601171
13804.0,690200.0,689943.0,50.0,-0.8210385912300298
13805.0,690250.0,689993.0,50.0,-1.3155713968475808
13806.0,690300.0,690043.0,50.0,-0.7541347516275901
13807.0,690350.0,690093.0,50.0,-1.2054773866910309
13808.0,690400.0,690143.0,50.0,-0.7534205620441861
13809.0,690450.0,690193.0,50.0,-1.9918807818484523
13810.0,690500.0,690243.0,50.0,-1.6871538890908568
13811.0,690550.0,690293.0,50.0,-1.63790683080617
13812.0,690600.0,690343.0,50.0,-0.7746655990154124
13813.0,690650.0,690393.0,50.0,-1.0871248980895059
13814.0,690700.0,690443.0,50.0,-1.1796772810698566
13815.0,690750.0,690493.0,50.0,-0.6357923002403735
13816.0,690800.0,690543.0,50.0,-1.8956537635424362
13817.0,690850.0,690593.0,50.0,-0.6769269406726224
13818.0,690900.0,690643.0,50.0,-1.535536774560279
13819.0,690950.0,690693.0,50.0,-1.174045439091933
13820.0,691000.0,690743.0,50.0,-1.554635892372585
13821.0,691050.0,690793.0,50.0,-1.4937507429000783
13822.0,691100.0,690843.0,50.0,-1.114413270994458
13823.0,691150.0,690893.0,50.0,-0.7659079157238353
13824.0,691200.0,690943.0,50.0,-0.9679903993307561
13825.0,691250.0,690993.0,50.0,-1.9017544154421224
13826.0,691300.0,691043.0,50.0,-0.5584071637894065
13827.0,691350.0,691093.0,50.0,-2.2249562224753268
13828.0,691400.0,691143.0,50.0,-0.5193284015583494
13829.0,691450.0,691193.0,50.0,-1.4142072852410663
13830.0,691500.0,691243.0,50.0,-1.4718143807730102
13831.0,691550.0,691293.0,50.0,-0.663585401042567
13832.0,691600.0,691343.0,50.0,-1.404387663460311
13833.0,691650.0,691393.0,50.0,-0.985853735039441
13834.0,691700.0,691443.0,50.0,-0.4141115919071895
13835.0,691750.0,691493.0,50.0,-1.2653649574915575
13836.0,691800.0,691543.0,50.0,-1.304391568517575
13837.0,691850.0,691593.0,50.0,-2.160058340031168
13838.0,691900.0,691643.0,50.0,-0.7108559266508334
13839.0,691950.0,691693.0,50.0,-1.7005137499881768
13840.0,692000.0,691743.0,50.0,-1.3876846742352886
13841.0,692050.0,691793.0,50.0,-2.0451980282238207
13842.0,692100.0,691843.0,50.0,-1.048195794066611
13843.0,692150.0,691893.0,50.0,-0.599011743775431
13844.0,692200.0,691943.0,50.0,-1.366939007585735
13845.0,692250.0,691993.0,50.0,-0.6706940451433245
13846.0,692300.0,692043.0,50.0,-2.028840822844843
13847.0,692350.0,692093.0,50.0,-1.6102474654582961
13848.0,692400.0,692143.0,50.0,-1.2876873349381224
13849.0,692450.0,692193.0,50.0,-1.235688706079894
13850.0,692500.0,692243.0,50.0,-0.7366304546724911
13851.0,692550.0,692293.0,50.0,-1.4885762425018148
13852.0,692600.0,692343.0,50.0,-0.9903049300818412
13853.0,692650.0,692393.0,50.0,-0.8565816907787122
13854.0,692700.0,692443.0,50.0,-1.2728793822775126
13855.0,692750.0,692493.0,50.0,-0.6414161624510842
13856.0,692800.0,692543.0,50.0,-0.5937606533471503
13857.0,692850.0,692593.0,50.0,-1.4835912890375187
13858.0,692900.0,692643.0,50.0,-2.155053960548599
13859.0,692950.0,692693.0,50.0,-1.1319218560524282
13860.0,693000.0,692743.0,50.0,-0.7655472375102188
13861.0,693050.0,692793.0,50.0,-1.4826454956068646
13862.0,693100.0,692843.0,50.0,-2.1394019287922563
13863.0,693150.0,692893.0,50.0,-1.0588125443313081
13864.0,693200.0,692943.0,50.0,-0.6817389338682918
13865.0,693250.0,692993.0,50.0,-0.6066840181368016
13866.0,693300.0,693043.0,50.0,-0.5433769199078661
13867.0,693350.0,693093.0,50.0,-0.9496601839322851
13868.0,693400.0,693143.0,50.0,-1.5688071425692498
13869.0,693450.0,693193.0,50.0,-2.0079130755196015
13870.0,693500.0,693243.0,50.0,-2.049826688631232
13871.0,693550.0,693293.0,50.0,-1.017762300890712
13872.0,693600.0,693343.0,50.0,-1.3026873370803305
13873.0,693650.0,693393.0,50.0,-1.6667372094802644
13874.0,693700.0,693443.0,50.0,-0.6396600090596174
13875.0,693750.0,693493.0,50.0,-0.9170165300092556
13876.0,693800.0,693543.0,50.0,-1.674917203522844
13877.0,693850.0,693593.0,50.0,-1.5826870222249079
13878.0,693900.0,693643.0,50.0,-1.1246741467386938
13879.0,693950.0,693693.0,50.0,-1.1567003964866232
13880.0,694000.0,693743.0,50.0,-1.446043917808824
13881.0,694050.0,693793.0,50.0,-0.6161826756525459
13882.0,694100.0,693843.0,50.0,-0.9666083905306421
13883.0,694150.0,693893.0,50.0,-1.3061903059520874
13884.0,694200.0,693943.0,50.0,-1.763410789499465
13885.0,694250.0,693993.0,50.0,-0.8224318943048273
13886.0,694300.0,694043.0,50.0,-1.6298622380759618
13887.0,694350.0,694093.0,50.0,-0.834091965423258
13888.0,694400.0,694143.0,50.0,-0.7802492478661786
13889.0,694450.0,694193.0,50.0,-0.5496464851123305
13890.0,694500.0,694243.0,50.0,-0.6059387218403257
13891.0,694550.0,694293.0,50.0,-2.236372730878238
13892.0,694600.0,694343.0,50.0,-1.9009059650473534
13893.0,694650.0,694393.0,50.0,-0.637201487159181
13894.0,694700.0,694443.0,50.0,-0.9673305103157198
13895.0,694750.0,694493.0,50.0,-1.2270763462490881
13896.0,694800.0,694543.0,50.0,-1.081913776501762
13897.0,694850.0,694593.0,50.0,-1.0316023981600764
13898.0,694900.0,694643.0,50.0,-0.8846113150208428
13899.0,694950.0,694693.0,50.0,-0.6531631938697643
13900.0,695000.0,694743.0,50.0,-1.249801846360339
13901.0,695050.0,694793.0,50.0,-0.9498526357778065
13902.0,695100.0,694843.0,50.0,-0.7426246930230664
13903.0,695150.0,694893.0,50.0,-1.0777611634931576
13904.0,695200.0,694943.0,50.0,-0.792101418229722
13905.0,695250.0,694993.0,50.0,-2.3353401353880665
13906.0,695300.0,695043.0,50.0,-1.407143992707874
13907.0,695350.0,695093.0,50.0,-1.0404120988891812
13908.0,695400.0,695143.0,50.0,-1.3079803810042083
13909.0,695450.0,695193.0,50.0,-1.3394885449707739
13910.0,695500.0,695243.0,50.0,-0.5486095677261258
13911.0,695550.0,695293.0,50.0,-0.7371426100255272
13912.0,695600.0,695343.0,50.0,-1.0430431901465633
13913.0,695650.0,695393.0,50.0,-1.1475704045733377
13914.0,695700.0,695443.0,50.0,-0.9145341066884798
13915.0,695750.0,695493.0,50.0,-2.107913568321032
13916.0,695800.0,695543.0,50.0,-1.2250019481592178
13917.0,695850.0,695593.0,50.0,-0.8452512199237441
13918.0,695900.0,695643.0,50.0,-2.7722805109636415
13919.0,695950.0,695693.0,50.0,-0.7954649068995948
13920.0,696000.0,695743.0,50.0,-0.4001996187415724
13921.0,696050.0,695793.0,50.0,-1.2144129050796098
13922.0,696100.0,695843.0,50.0,-1.23299353903669
13923.0,696150.0,695893.0,50.0,-0.9562919976222729
13924.0,696200.0,695943.0,50.0,-0.9339754666031446
13925.0,696250.0,695993.0,50.0,-1.4372796935530785
13926.0,696300.0,696043.0,50.0,-1.7563307484145574
13927.0,696350.0,696093.0,50.0,-1.1436086038614859
13928.0,696400.0,696143.0,50.0,-2.0770678940545424
13929.0,696450.0,696193.0,50.0,-1.0069219373025022
13930.0,696500.0,696243.0,50.0,-0.6723679219294185
13931.0,696550.0,696293.0,50.0,-1.3127407854042423
13932.0,696600.0,696343.0,50.0,-1.093982416167038
13933.0,696650.0,696393.0,50.0,-0.8516471145713026
13934.0,696700.0,696443.0,50.0,-1.557506837400659
13935.0,696750.0,696493.0,50.0,-1.5785463359817138
13936.0,696800.0,696543.0,50.0,-0.7540690780485368
13937.0,696850.0,696593.0,50.0,-1.1119779320763394
13938.0,696900.0,696643.0,50.0,-2.4167188635215555
13939.0,696950.0,696693.0,50.0,-1.0485128106090784
13940.0,697000.0,696743.0,50.0,-1.276192750722743
13941.0,697050.0,696793.0,50.0,-1.6324754960324963
13942.0,697100.0,696843.0,50.0,-1.816381939565437
13943.0,697150.0,696893.0,50.0,-1.1825465890131839
13944.0,697200.0,696943.0,50.0,-1.3323510542782169
13945.0,697250.0,696993.0,50.0,-1.3835807332638437
13946.0,697300.0,697043.0,50.0,-0.745411017462011
13947.0,697350.0,697093.0,50.0,-0.7165921205241965
13948.0,697400.0,697143.0,50.0,-0.906512853883679
13949.0,697450.0,697193.0,50.0,-0.7450336772342769
13950.0,697500.0,697243.0,50.0,-0.830421231516958
13951.0,697550.0,697293.0,50.0,-1.5992325546341106
13952.0,697600.0,697343.0,50.0,-0.7127430658427274
13953.0,697650.0,697393.0,50.0,-1.2339310620141624
13954.0,697700.0,697443.0,50.0,-0.6051597186920561
13955.0,697750.0,697493.0,50.0,-2.5775340818848465
13956.0,697800.0,697543.0,50.0,-1.1064359928955432
13957.0,697850.0,697593.0,50.0,-1.0904498964597704
13958.0,697900.0,697643.0,50.0,-1.1572431295902619
13959.0,697950.0,697693.0,50.0,-0.862135375087031
13960.0,698000.0,697743.0,50.0,-0.9821570457475115
13961.0,698050.0,697793.0,50.0,-0.5819518631000247
13962.0,698100.0,697843.0,50.0,-1.6103173931445394
13963.0,698150.0,697893.0,50.0,-1.6641858492015
13964.0,698200.0,697943.0,50.0,-1.1990794560698959
13965.0,698250.0,697993.0,50.0,-1.3742980493182855
13966.0,698300.0,698043.0,50.0,-0.784900114628274
13967.0,698350.0,698093.0,50.0,-1.432537727241862
13968.0,698400.0,698143.0,50.0,-1.687965760697078
13969.0,698450.0,698193.0,50.0,-0.8675287294324588
13970.0,698500.0,698243.0,50.0,-1.4984632486408662
13971.0,698550.0,698293.0,50.0,-1.5990999345775765
13972.0,698600.0,698343.0,50.0,-1.2469033544408783
13973.0,698650.0,698393.0,50.0,-0.9602253747002917
13974.0,698700.0,698443.0,50.0,-1.1132752182345882
13975.0,698750.0,698493.0,50.0,-0.7411658244441895
13976.0,698800.0,698543.0,50.0,-1.5024330435040885
13977.0,698850.0,698593.0,50.0,-1.0115160362288773
13978.0,698900.0,698643.0,50.0,-0.7844686222896652
13979.0,698950.0,698693.0,50.0,-0.7953765597317708
13980.0,699000.0,698743.0,50.0,-0.8315220456498778
13981.0,699050.0,698793.0,50.0,-1.2965175054274132
13982.0,699100.0,698843.0,50.0,-0.7389465525516871
13983.0,699150.0,698893.0,50.0,-1.0860493227836354
13984.0,699200.0,698943.0,50.0,-1.3970611493553875
13985.0,699250.0,698993.0,50.0,-0.7734345038200581
13986.0,699300.0,699043.0,50.0,-1.002405911282418
13987.0,699350.0,699093.0,50.0,-0.967314587583195
13988.0,699400.0,699143.0,50.0,-0.9569680224469369
13989.0,699450.0,699193.0,50.0,-0.40519944026850807
13990.0,699500.0,699243.0,50.0,-0.6579719424395122
13991.0,699550.0,699293.0,50.0,-0.7978949592148646
13992.0,699600.0,699343.0,50.0,-0.9990657463819873
13993.0,699650.0,699393.0,50.0,-1.3132022098663754
13994.0,699700.0,699443.0,50.0,-1.3506813003415934
13995.0,699750.0,699493.0,50.0,-1.4108807261578415
13996.0,699800.0,699543.0,50.0,-0.8216401853187615
13997.0,699850.0,699593.0,50.0,-1.6152680225954004
13998.0,699900.0,699643.0,50.0,-0.9382420570128903
13999.0,699950.0,699693.0,50.0,-0.8000619248133032
14000.0,700000.0,699743.0,50.0,-0.7279994152998676
14001.0,700050.0,699793.0,50.0,-0.5961345473892977
14002.0,700100.0,699843.0,50.0,-0.8575806920923256
14003.0,700150.0,699893.0,50.0,-1.5353427060432154
14004.0,700200.0,699943.0,50.0,-1.010450508485447
14005.0,700250.0,699993.0,50.0,-1.386637011116412
14006.0,700300.0,700043.0,50.0,-0.9174714152072448
14007.0,700350.0,700093.0,50.0,-1.6591723056496601
14008.0,700400.0,700143.0,50.0,-0.4463773216529655
14009.0,700450.0,700193.0,50.0,-0.8173447862443154
14010.0,700500.0,700243.0,50.0,-0.6949600109046025
14011.0,700550.0,700293.0,50.0,-1.7079798875194627
14012.0,700600.0,700343.0,50.0,-1.4795218572137312
14013.0,700650.0,700393.0,50.0,-1.5653635058721578
14014.0,700700.0,700443.0,50.0,-0.936362825389302
14015.0,700750.0,700493.0,50.0,-0.6111128155544847
14016.0,700800.0,700543.0,50.0,-1.132064787551234
14017.0,700850.0,700593.0,50.0,-1.6582306961008126
14018.0,700900.0,700643.0,50.0,-1.5634009051227384
14019.0,700950.0,700693.0,50.0,-0.7531637401652738
14020.0,701000.0,700743.0,50.0,-0.6803760715082767
14021.0,701050.0,700793.0,50.0,-0.5813005853019552
14022.0,701100.0,700843.0,50.0,-1.046884964685541
14023.0,701150.0,700893.0,50.0,-0.4749618614337834
14024.0,701200.0,700943.0,50.0,-1.8827206687057707
14025.0,701250.0,700993.0,50.0,-1.6984040108690182
14026.0,701300.0,701043.0,50.0,-1.593849773363258
14027.0,701350.0,701093.0,50.0,-1.1086825049995384
14028.0,701400.0,701143.0,50.0,-0.7534320142790835
14029.0,701450.0,701193.0,50.0,-0.8360255131280641
14030.0,701500.0,701243.0,50.0,-0.8129468913128204
14031.0,701550.0,701293.0,50.0,-0.7902710739260156
14032.0,701600.0,701343.0,50.0,-0.47013788403687123
14033.0,701650.0,701393.0,50.0,-1.3380171196180821
14034.0,701700.0,701443.0,50.0,-1.4426387898868207
14035.0,701750.0,701493.0,50.0,-0.7701258585286619
14036.0,701800.0,701543.0,50.0,-0.9428634138093587
14037.0,701850.0,701593.0,50.0,-1.4806563663477588
14038.0,701900.0,701643.0,50.0,-0.5519819689995682
14039.0,701950.0,701693.0,50.0,-0.7606966131061655
14040.0,702000.0,701743.0,50.0,-1.7461318792654557
14041.0,702050.0,701793.0,50.0,-1.6885968235308406
14042.0,702100.0,701843.0,50.0,-1.1571798919280356
14043.0,702150.0,701893.0,50.0,-0.48739510052088836
14044.0,702200.0,701943.0,50.0,-1.1335892716882172
14045.0,702250.0,701993.0,50.0,-0.5949990735477355
14046.0,702300.0,702043.0,50.0,-0.9250271931616383
14047.0,702350.0,702093.0,50.0,-1.903621639413483
14048.0,702400.0,702143.0,50.0,-1.2245694172185004
14049.0,702450.0,702193.0,50.0,-0.8470194187442323
14050.0,702500.0,702243.0,50.0,-0.8191329728938147
14051.0,702550.0,702293.0,50.0,-0.8875971876882401
14052.0,702600.0,702343.0,50.0,-0.5560385470171363
14053.0,702650.0,702393.0,50.0,-1.1826749668312122
14054.0,702700.0,702443.0,50.0,-1.0073830362184057
14055.0,702750.0,702493.0,50.0,-1.0154241355942748
14056.0,702800.0,702543.0,50.0,-1.0263100723685195
14057.0,702850.0,702593.0,50.0,-0.553394445549672
14058.0,702900.0,702643.0,50.0,-1.6037410600959892
14059.0,702950.0,702693.0,50.0,-1.1677029249252986
14060.0,703000.0,702743.0,50.0,-1.0524769363289737
14061.0,703050.0,702793.0,50.0,-1.9231502799365356
14062.0,703100.0,702843.0,50.0,-1.0789940691967947
14063.0,703150.0,702893.0,50.0,-1.0298901262336961
14064.0,703200.0,702943.0,50.0,-0.6078342104324657
14065.0,703250.0,702993.0,50.0,-1.8572788981099146
14066.0,703300.0,703043.0,50.0,-1.6303473684390346
14067.0,703350.0,703093.0,50.0,-1.9970962390963622
14068.0,703400.0,703143.0,50.0,-1.7937513295402316
14069.0,703450.0,703193.0,50.0,-1.6765916287759284
14070.0,703500.0,703243.0,50.0,-0.6918351135808899
14071.0,703550.0,703293.0,50.0,-1.3626468426303506
14072.0,703600.0,703343.0,50.0,-0.9704130818413442
14073.0,703650.0,703393.0,50.0,-0.6777846230645086
14074.0,703700.0,703443.0,50.0,-1.1313109327557904
14075.0,703750.0,703493.0,50.0,-1.5236291874825545
14076.0,703800.0,703543.0,50.0,-1.2466018271098998
14077.0,703850.0,703593.0,50.0,-0.8664269063232225
14078.0,703900.0,703643.0,50.0,-1.3767477980805296
14079.0,703950.0,703693.0,50.0,-0.809446488185373
14080.0,704000.0,703743.0,50.0,-0.7165452468393175
14081.0,704050.0,703793.0,50.0,-1.7987171599241312
14082.0,704100.0,703843.0,50.0,-0.8019075191981399
14083.0,704150.0,703893.0,50.0,-0.7378961230392524
14084.0,704200.0,703943.0,50.0,-0.6440251097864599
14085.0,704250.0,703993.0,50.0,-1.6248188825979928
14086.0,704300.0,704043.0,50.0,-1.0844402122966896
14087.0,704350.0,704093.0,50.0,-0.8699932969050218
14088.0,704400.0,704143.0,50.0,-0.553823180246588
14089.0,704450.0,704193.0,50.0,-1.5145688257235104
14090.0,704500.0,704243.0,50.0,-0.7932740607830502
14091.0,704550.0,704293.0,50.0,-0.6415058013662548
14092.0,704600.0,704343.0,50.0,-0.9149519808414533
14093.0,704650.0,704393.0,50.0,-0.6597047635033818
14094.0,704700.0,704443.0,50.0,-1.3672685675541116
14095.0,704750.0,704493.0,50.0,-0.6806976219016623
14096.0,704800.0,704543.0,50.0,-1.1013578404413478
14097.0,704850.0,704593.0,50.0,-0.6027054435543174
14098.0,704900.0,704643.0,50.0,-1.0442668381230633
14099.0,704950.0,704693.0,50.0,-1.0294559168673547
14100.0,705000.0,704743.0,50.0,-0.8103102570763805
14101.0,705050.0,704793.0,50.0,-1.2001289474084946
14102.0,705100.0,704843.0,50.0,-0.7200280183676838
14103.0,705150.0,704893.0,50.0,-1.046925833783448
14104.0,705200.0,704943.0,50.0,-1.535952684681118
14105.0,705250.0,704993.0,50.0,-1.112299746271576
14106.0,705300.0,705043.0,50.0,-0.7834208153892029
14107.0,705350.0,705093.0,50.0,-0.577405280825103
14108.0,705400.0,705143.0,50.0,-0.8943561026689894
14109.0,705450.0,705193.0,50.0,-0.8085065866458621
14110.0,705500.0,705243.0,50.0,-1.1632297961525124
14111.0,705550.0,705293.0,50.0,-0.7812986200149454
14112.0,705600.0,705343.0,50.0,-0.8868024382287008
14113.0,705650.0,705393.0,50.0,-1.5548388587180333
14114.0,705700.0,705443.0,50.0,-2.512813215281074
14115.0,705750.0,705493.0,50.0,-1.1001504861692373
14116.0,705800.0,705543.0,50.0,-0.9529550296560175
14117.0,705850.0,705593.0,50.0,-0.9384618826421419
14118.0,705900.0,705643.0,50.0,-0.7081563036523982
14119.0,705950.0,705693.0,50.0,-1.1856354116648091
14120.0,706000.0,705743.0,50.0,-0.5122639468223831
14121.0,706050.0,705793.0,50.0,-1.1046628684246491
14122.0,706100.0,705843.0,50.0,-0.9279807285565405
14123.0,706150.0,705893.0,50.0,-0.7536023976892136
14124.0,706200.0,705943.0,50.0,-1.0749893907710597
14125.0,706250.0,705993.0,50.0,-1.958211892980644
14126.0,706300.0,706043.0,50.0,-1.7862366582782907
14127.0,706350.0,706093.0,50.0,-0.6047244254596787
14128.0,706400.0,706143.0,50.0,-0.4781557417683069
14129.0,706450.0,706193.0,50.0,-1.2708219147901592
14130.0,706500.0,706243.0,50.0,-1.4138546563210252
14131.0,706550.0,706293.0,50.0,-0.5197450436513804
14132.0,706600.0,706343.0,50.0,-1.6976543774032076
14133.0,706650.0,706393.0,50.0,-1.5310251867666873
14134.0,706700.0,706443.0,50.0,-1.4194230184023608
14135.0,706750.0,706493.0,50.0,-1.001304732923877
14136.0,706800.0,706543.0,50.0,-1.1583518807833368
14137.0,706850.0,706593.0,50.0,-0.9035203856249696
14138.0,706900.0,706643.0,50.0,-1.727776385048652
14139.0,706950.0,706693.0,50.0,-1.0266000348558966
14140.0,707000.0,706743.0,50.0,-1.9522493597503063
14141.0,707050.0,706793.0,50.0,-1.5841106869933386
14142.0,707100.0,706843.0,50.0,-1.602886696976217
14143.0,707150.0,706893.0,50.0,-0.5084208704499582
14144.0,707200.0,706943.0,50.0,-1.6004099340765552
14145.0,707250.0,706993.0,50.0,-1.4274285173604035
14146.0,707300.0,707043.0,50.0,-1.450449985041951
14147.0,707350.0,707093.0,50.0,-0.8808949513019191
14148.0,707400.0,707143.0,50.0,-0.5358166150615753
14149.0,707450.0,707193.0,50.0,-0.6393513681911374
14150.0,707500.0,707243.0,50.0,-0.6208215296019
14151.0,707550.0,707293.0,50.0,-1.826219710500207
14152.0,707600.0,707343.0,50.0,-0.8867965809415075
14153.0,707650.0,707393.0,50.0,-0.4494420608296767
14154.0,707700.0,707443.0,50.0,-1.2065980360555888
14155.0,707750.0,707493.0,50.0,-0.8255567771286547
14156.0,707800.0,707543.0,50.0,-1.5353634044750608
14157.0,707850.0,707593.0,50.0,-0.7129250401049173
14158.0,707900.0,707643.0,50.0,-1.1797189624641318
14159.0,707950.0,707693.0,50.0,-1.064705605967431
14160.0,708000.0,707743.0,50.0,-0.988048426049353
14161.0,708050.0,707793.0,50.0,-0.80761782637102
14162.0,708100.0,707843.0,50.0,-0.6080320332580011
14163.0,708150.0,707893.0,50.0,-1.5138580472828147
14164.0,708200.0,707943.0,50.0,-0.8791728381200562
14165.0,708250.0,707993.0,50.0,-1.4108475996795053
14166.0,708300.0,708043.0,50.0,-0.681982088309944
14167.0,708350.0,708093.0,50.0,-0.6780241075549446
14168.0,708400.0,708143.0,50.0,-1.5129061674502258
14169.0,708450.0,708193.0,50.0,-0.8198272824122873
14170.0,708500.0,708243.0,50.0,-1.6345740025005677
14171.0,708550.0,708293.0,50.0,-0.6863479320827969
14172.0,708600.0,708343.0,50.0,-0.7585950083638382
14173.0,708650.0,708393.0,50.0,-1.9043934408556855
14174.0,708700.0,708443.0,50.0,-1.466025822911652
14175.0,708750.0,708493.0,50.0,-0.609282907938745
14176.0,708800.0,708543.0,50.0,-0.7212872782053615
14177.0,708850.0,708593.0,50.0,-0.5926974374456905
14178.0,708900.0,708643.0,50.0,-0.9520357801891296
14179.0,708950.0,708693.0,50.0,-1.0050402268292384
14180.0,709000.0,708743.0,50.0,-1.3200556207902618
14181.0,709050.0,708793.0,50.0,-1.246675499671761
14182.0,709100.0,708843.0,50.0,-0.7741852354179924
14183.0,709150.0,708893.0,50.0,-0.7583748391737585
14184.0,709200.0,708943.0,50.0,-1.4477744379377528
14185.0,709250.0,708993.0,50.0,-1.2777462733233649
14186.0,709300.0,709043.0,50.0,-0.7262794891175804
14187.0,709350.0,709093.0,50.0,-0.7396247597160757
14188.0,709400.0,709143.0,50.0,-0.741016787777609
14189.0,709450.0,709193.0,50.0,-1.277728023455999
14190.0,709500.0,709243.0,50.0,-0.7822898206846833
14191.0,709550.0,709293.0,50.0,-0.9210092435689871
14192.0,709600.0,709343.0,50.0,-0.907312823116241
14193.0,709650.0,709393.0,50.0,-0.7539149023610692
14194.0,709700.0,709443.0,50.0,-1.5572199264379223
14195.0,709750.0,709493.0,50.0,-0.9962625999105249
14196.0,709800.0,709543.0,50.0,-1.085091518022623
14197.0,709850.0,709593.0,50.0,-0.9622573245310888
14198.0,709900.0,709643.0,50.0,-2.020542134748923
14199.0,709950.0,709693.0,50.0,-1.400357809860381
14200.0,710000.0,709743.0,50.0,-0.6421214278904875
14201.0,710050.0,709793.0,50.0,-2.1015966652180365
14202.0,710100.0,709843.0,50.0,-0.5218220744220483
14203.0,710150.0,709893.0,50.0,-0.9997767570897493
14204.0,710200.0,709943.0,50.0,-1.878987968474331
14205.0,710250.0,709993.0,50.0,-0.8508084073913365
14206.0,710300.0,710043.0,50.0,-0.46008150098352146
14207.0,710350.0,710093.0,50.0,-1.2936429142699732
14208.0,710400.0,710143.0,50.0,-1.6802040306390493
14209.0,710450.0,710193.0,50.0,-0.9173922573937854
14210.0,710500.0,710243.0,50.0,-1.171147670376005
14211.0,710550.0,710293.0,50.0,-1.1452195940724794
14212.0,710600.0,710343.0,50.0,-0.6058598071303536
14213.0,710650.0,710393.0,50.0,-0.5143221869264555
14214.0,710700.0,710443.0,50.0,-1.0458275728595199
14215.0,710750.0,710493.0,50.0,-1.1435595231061713
14216.0,710800.0,710543.0,50.0,-0.647909250440877
14217.0,710850.0,710593.0,50.0,-1.3795923395902725
14218.0,710900.0,710643.0,50.0,-1.3136418452807281
14219.0,710950.0,710693.0,50.0,-0.9598120002828296
14220.0,711000.0,710743.0,50.0,-1.3961711147608011
14221.0,711050.0,710793.0,50.0,-1.2887262708236435
14222.0,711100.0,710843.0,50.0,-0.8167959774056938
14223.0,711150.0,710893.0,50.0,-1.2673088691627865
14224.0,711200.0,710943.0,50.0,-1.0073480700060968
14225.0,711250.0,710993.0,50.0,-1.214586063358194
14226.0,711300.0,711043.0,50.0,-1.0698038325701897
14227.0,711350.0,711093.0,50.0,-1.563621881265169
14228.0,711400.0,711143.0,50.0,-0.8465278479663609
14229.0,711450.0,711193.0,50.0,-0.9785431736536581
14230.0,711500.0,711243.0,50.0,-0.799325688595592
14231.0,711550.0,711293.0,50.0,-0.8143870311470948
14232.0,711600.0,711343.0,50.0,-0.9792622248773822
14233.0,711650.0,711393.0,50.0,-0.8116943412732734
14234.0,711700.0,711443.0,50.0,-0.8055203635985394
14235.0,711750.0,711493.0,50.0,-1.7520950545595342
14236.0,711800.0,711543.0,50.0,-1.6429722775082078
14237.0,711850.0,711593.0,50.0,-1.005588155045017
14238.0,711900.0,711643.0,50.0,-0.5396732297173328
14239.0,711950.0,711693.0,50.0,-1.5688878439392768
14240.0,712000.0,711743.0,50.0,-1.7444291504591005
14241.0,712050.0,711793.0,50.0,-1.3305269492645768
14242.0,712100.0,711843.0,50.0,-0.453177963919635
14243.0,712150.0,711893.0,50.0,-0.5995509637776532
14244.0,712200.0,711943.0,50.0,-0.6815546394578986
14245.0,712250.0,711993.0,50.0,-0.9686915256177973
14246.0,712300.0,712043.0,50.0,-1.274398140298241
14247.0,712350.0,712093.0,50.0,-0.6882066033586497
14248.0,712400.0,712143.0,50.0,-0.5939509215502129
14249.0,712450.0,712193.0,50.0,-0.6200086579311592
14250.0,712500.0,712243.0,50.0,-0.7147280783544171
14251.0,712550.0,712293.0,50.0,-0.6207322120501594
14252.0,712600.0,712343.0,50.0,-2.0053510096503073
14253.0,712650.0,712393.0,50.0,-1.1890880520528782
14254.0,712700.0,712443.0,50.0,-0.8368864339585793
14255.0,712750.0,712493.0,50.0,-0.845425261061672
14256.0,712800.0,712543.0,50.0,-0.8233795524830397
14257.0,712850.0,712593.0,50.0,-0.9806598353725746
14258.0,712900.0,712643.0,50.0,-1.0935977785194322
14259.0,712950.0,712693.0,50.0,-1.6236509797040017
14260.0,713000.0,712743.0,50.0,-1.6680795293693016
14261.0,713050.0,712793.0,50.0,-0.8505892536548343
14262.0,713100.0,712843.0,50.0,-1.1420284354960215
14263.0,713150.0,712893.0,50.0,-0.7126236772742206
14264.0,713200.0,712943.0,50.0,-0.9568700406005728
14265.0,713250.0,712993.0,50.0,-0.8624740602650772
14266.0,713300.0,713043.0,50.0,-1.2834443832150983
14267.0,713350.0,713093.0,50.0,-1.6587990603054268
14268.0,713400.0,713143.0,50.0,-0.7535068340496005
14269.0,713450.0,713193.0,50.0,-0.903580441787756
14270.0,713500.0,713243.0,50.0,-0.6289962154347183
14271.0,713550.0,713293.0,50.0,-1.3949438956586684
14272.0,713600.0,713343.0,50.0,-1.0230813243217303
14273.0,713650.0,713393.0,50.0,-0.7951785924385044
14274.0,713700.0,713443.0,50.0,-1.5996558185603789
14275.0,713750.0,713493.0,50.0,-0.8145958329759161
14276.0,713800.0,713543.0,50.0,-1.0482161968787616
14277.0,713850.0,713593.0,50.0,-2.0809880613244585
14278.0,713900.0,713643.0,50.0,-0.9113070959841184
14279.0,713950.0,713693.0,50.0,-0.9146813932724033
14280.0,714000.0,713743.0,50.0,-1.0133518735686213
14281.0,714050.0,713793.0,50.0,-0.6605068654956462
14282.0,714100.0,713843.0,50.0,-1.7295872805184662
14283.0,714150.0,713893.0,50.0,-0.9405964992588919
14284.0,714200.0,713943.0,50.0,-1.1878244688601265
14285.0,714250.0,713993.0,50.0,-1.0008193827781073
14286.0,714300.0,714043.0,50.0,-0.7409609149165657
14287.0,714350.0,714093.0,50.0,-1.0713219882643967
14288.0,714400.0,714143.0,50.0,-0.646336511381876
14289.0,714450.0,714193.0,50.0,-1.3968966591670022
14290.0,714500.0,714243.0,50.0,-1.4003021094281343
14291.0,714550.0,714293.0,50.0,-0.7155462141897622
14292.0,714600.0,714343.0,50.0,-0.6273905520262099
14293.0,714650.0,714393.0,50.0,-0.6481932778620307
14294.0,714700.0,714443.0,50.0,-1.0091101969309049
14295.0,714750.0,714493.0,50.0,-0.874902158393008
14296.0,714800.0,714543.0,50.0,-1.072037499464092
14297.0,714850.0,714593.0,50.0,-1.261528180392062
14298.0,714900.0,714643.0,50.0,-0.8694972099640598
14299.0,714950.0,714693.0,50.0,-1.217889265071006
14300.0,715000.0,714743.0,50.0,-0.6036083265902153
14301.0,715050.0,714793.0,50.0,-1.2392023639589902
14302.0,715100.0,714843.0,50.0,-1.5666442251065897
14303.0,715150.0,714893.0,50.0,-0.8884754143616803
14304.0,715200.0,714943.0,50.0,-1.5263247151928285
14305.0,715250.0,714993.0,50.0,-0.9082904515347398
14306.0,715300.0,715043.0,50.0,-1.0416791440204085
14307.0,715350.0,715093.0,50.0,-0.8305645196751595
14308.0,715400.0,715143.0,50.0,-0.8009737944641091
14309.0,715450.0,715193.0,50.0,-1.8359074766658126
14310.0,715500.0,715243.0,50.0,-0.7759753100769908
14311.0,715550.0,715293.0,50.0,-1.2308637218206746
14312.0,715600.0,715343.0,50.0,-0.7746638290679831
14313.0,715650.0,715393.0,50.0,-0.8022892539239715
14314.0,715700.0,715443.0,50.0,-0.546642659137038
14315.0,715750.0,715493.0,50.0,-0.6666043391735553
14316.0,715800.0,715543.0,50.0,-0.7533616146571683
14317.0,715850.0,715593.0,50.0,-0.6316721498784779
14318.0,715900.0,715643.0,50.0,-0.6107463158928137
14319.0,715950.0,715693.0,50.0,-0.815256523171179
14320.0,716000.0,715743.0,50.0,-1.2876699407962982
14321.0,716050.0,715793.0,50.0,-0.5595188866533295
14322.0,716100.0,715843.0,50.0,-0.7596436082035468
14323.0,716150.0,715893.0,50.0,-0.5291989597699919
14324.0,716200.0,715943.0,50.0,-1.1298611094857727
14325.0,716250.0,715993.0,50.0,-1.0858636119380818
14326.0,716300.0,716043.0,50.0,-0.7550407475179027
14327.0,716350.0,716093.0,50.0,-0.6724689818175724
14328.0,716400.0,716143.0,50.0,-0.5991431696994842
14329.0,716450.0,716193.0,50.0,-1.5367621362487556
14330.0,716500.0,716243.0,50.0,-0.5047600245085161
14331.0,716550.0,716293.0,50.0,-1.1512928714582906
14332.0,716600.0,716343.0,50.0,-0.3951604858552698
14333.0,716650.0,716393.0,50.0,-1.0617937800877175
14334.0,716700.0,716443.0,50.0,-2.6595180374644656
14335.0,716750.0,716493.0,50.0,-0.6977097145296456
14336.0,716800.0,716543.0,50.0,-1.3522574659421687
14337.0,716850.0,716593.0,50.0,-1.069895199302412
14338.0,716900.0,716643.0,50.0,-0.7492476274908666
14339.0,716950.0,716693.0,50.0,-1.542242635893946
14340.0,717000.0,716743.0,50.0,-0.7894935398899378
14341.0,717050.0,716793.0,50.0,-1.193974641102723
14342.0,717100.0,716843.0,50.0,-0.6316241636700671
14343.0,717150.0,716893.0,50.0,-1.1520730681715052
14344.0,717200.0,716943.0,50.0,-1.513162858815459
14345.0,717250.0,716993.0,50.0,-1.0486144526488117
14346.0,717300.0,717043.0,50.0,-0.9539842587283098
14347.0,717350.0,717093.0,50.0,-0.5095671646343176
14348.0,717400.0,717143.0,50.0,-0.7266812378869272
14349.0,717450.0,717193.0,50.0,-0.9672572873615496
14350.0,717500.0,717243.0,50.0,-1.08191691214158
14351.0,717550.0,717293.0,50.0,-1.7828027777103455
14352.0,717600.0,717343.0,50.0,-2.3795248247633762
14353.0,717650.0,717393.0,50.0,-0.6917602212746591
14354.0,717700.0,717443.0,50.0,-1.0710465682628008
14355.0,717750.0,717493.0,50.0,-0.6678185325240964
14356.0,717800.0,717543.0,50.0,-1.0357528022788627
14357.0,717850.0,717593.0,50.0,-0.5335204766473558
14358.0,717900.0,717643.0,50.0,-1.3988307242738809
14359.0,717950.0,717693.0,50.0,-1.813419386325478
14360.0,718000.0,717743.0,50.0,-0.6052796952549149
14361.0,718050.0,717793.0,50.0,-0.8003752523794823
14362.0,718100.0,717843.0,50.0,-1.1700582176830985
14363.0,718150.0,717893.0,50.0,-0.5258918317062793
14364.0,718200.0,717943.0,50.0,-1.3215534260456616
14365.0,718250.0,717993.0,50.0,-0.3932497615488978
14366.0,718300.0,718043.0,50.0,-1.2307840365986378
14367.0,718350.0,718093.0,50.0,-0.8726488005764468
14368.0,718400.0,718143.0,50.0,-0.7613434024863144
14369.0,718450.0,718193.0,50.0,-1.1367238081799684
14370.0,718500.0,718243.0,50.0,-0.9171352904245669
14371.0,718550.0,718293.0,50.0,-1.1624018079518748
14372.0,718600.0,718343.0,50.0,-0.9466131767007604
14373.0,718650.0,718393.0,50.0,-0.7352700672206162
14374.0,718700.0,718443.0,50.0,-1.1871943954663313
14375.0,718750.0,718493.0,50.0,-0.7567855083809821
14376.0,718800.0,718543.0,50.0,-1.2226846599012344
14377.0,718850.0,718593.0,50.0,-1.3270204020620993
14378.0,718900.0,718643.0,50.0,-0.8118448635220492
14379.0,718950.0,718693.0,50.0,-1.2667096100904225
14380.0,719000.0,718743.0,50.0,-1.2415050359206166
14381.0,719050.0,718793.0,50.0,-1.4973838608914434
14382.0,719100.0,718843.0,50.0,-1.24767337306711
14383.0,719150.0,718893.0,50.0,-0.773141977949141
14384.0,719200.0,718943.0,50.0,-1.1264993160868313
14385.0,719250.0,718993.0,50.0,-0.6847452636754132
14386.0,719300.0,719043.0,50.0,-1.659335989900225
14387.0,719350.0,719093.0,50.0,-1.4812375894668792
14388.0,719400.0,719143.0,50.0,-1.069852511645681
14389.0,719450.0,719193.0,50.0,-1.8812380966402238
14390.0,719500.0,719243.0,50.0,-0.585266045251037
14391.0,719550.0,719293.0,50.0,-1.0765164924980026
14392.0,719600.0,719343.0,50.0,-0.6609294067249922
14393.0,719650.0,719393.0,50.0,-2.489419435966231
14394.0,719700.0,719443.0,50.0,-0.6810322849575531
14395.0,719750.0,719493.0,50.0,-0.6477356547296098
14396.0,719800.0,719543.0,50.0,-1.5589852602262206
14397.0,719850.0,719593.0,50.0,-0.6646221358703447
14398.0,719900.0,719643.0,50.0,-0.7649349690023178
14399.0,719950.0,719693.0,50.0,-0.7641527231229341
14400.0,720000.0,719743.0,50.0,-1.6753454904448737
14401.0,720050.0,719793.0,50.0,-0.9868797945761124
14402.0,720100.0,719843.0,50.0,-1.5936835892658008
14403.0,720150.0,719893.0,50.0,-1.2672041194897998
14404.0,720200.0,719943.0,50.0,-1.5066914310531878
14405.0,720250.0,719993.0,50.0,-1.257742910561669
14406.0,720300.0,720043.0,50.0,-0.8238500614632142
14407.0,720350.0,720093.0,50.0,-0.7360354676839762
14408.0,720400.0,720143.0,50.0,-1.8430068272169255
14409.0,720450.0,720193.0,50.0,-0.5260637511499049
14410.0,720500.0,720243.0,50.0,-0.7862413899370226
14411.0,720550.0,720293.0,50.0,-1.1385618867089884
14412.0,720600.0,720343.0,50.0,-1.082594778996048
14413.0,720650.0,720393.0,50.0,-0.6068151848834864
14414.0,720700.0,720443.0,50.0,-0.9701353417173786
14415.0,720750.0,720493.0,50.0,-0.6198471860320941
14416.0,720800.0,720543.0,50.0,-1.5318579526616631
14417.0,720850.0,720593.0,50.0,-0.6086428642654131
14418.0,720900.0,720643.0,50.0,-0.43959963112113265
14419.0,720950.0,720693.0,50.0,-0.8074329318658999
14420.0,721000.0,720743.0,50.0,-1.3442895183101427
14421.0,721050.0,720793.0,50.0,-0.8743815447362319
14422.0,721100.0,720843.0,50.0,-1.1721479799316872
14423.0,721150.0,720893.0,50.0,-0.6760758582036803
14424.0,721200.0,720943.0,50.0,-2.0725510638373046
14425.0,721250.0,720993.0,50.0,-0.5789923618500072
14426.0,721300.0,721043.0,50.0,-1.3305992551771344
14427.0,721350.0,721093.0,50.0,-0.8198065356283277
14428.0,721400.0,721143.0,50.0,-1.458255796339239
14429.0,721450.0,721193.0,50.0,-0.4266888148056319
14430.0,721500.0,721243.0,50.0,-0.512698267131231
14431.0,721550.0,721293.0,50.0,-1.0840221538474986
14432.0,721600.0,721343.0,50.0,-0.7705127535543661
14433.0,721650.0,721393.0,50.0,-1.5104585712613767
14434.0,721700.0,721443.0,50.0,-0.7479361060479833
14435.0,721750.0,721493.0,50.0,-1.6226437955288537
14436.0,721800.0,721543.0,50.0,-0.6750715962364507
14437.0,721850.0,721593.0,50.0,-1.0690370933999491
14438.0,721900.0,721643.0,50.0,-0.6520946062942055
14439.0,721950.0,721693.0,50.0,-0.8444850004656238
14440.0,722000.0,721743.0,50.0,-0.6326948497113662
14441.0,722050.0,721793.0,50.0,-1.6517620361597811
14442.0,722100.0,721843.0,50.0,-0.7981493337621848
14443.0,722150.0,721893.0,50.0,-0.7797588291022962
14444.0,722200.0,721943.0,50.0,-1.4798414166722187
14445.0,722250.0,721993.0,50.0,-1.3038000528780878
14446.0,722300.0,722043.0,50.0,-1.2714430917830317
14447.0,722350.0,722093.0,50.0,-0.6241337399960427
14448.0,722400.0,722143.0,50.0,-0.5896900521606542
14449.0,722450.0,722193.0,50.0,-0.7572576503455118
14450.0,722500.0,722243.0,50.0,-0.6119083541781922
14451.0,722550.0,722293.0,50.0,-1.208893938668014
14452.0,722600.0,722343.0,50.0,-1.0041363256317184
14453.0,722650.0,722393.0,50.0,-1.2903050226718862
14454.0,722700.0,722443.0,50.0,-0.7576765260857657
14455.0,722750.0,722493.0,50.0,-1.202780797006984
14456.0,722800.0,722543.0,50.0,-0.7800017293177346
14457.0,722850.0,722593.0,50.0,-1.6968183355147997
14458.0,722900.0,722643.0,50.0,-0.9438421403085229
14459.0,722950.0,722693.0,50.0,-0.8116688285289412
14460.0,723000.0,722743.0,50.0,-0.7097378335526079
14461.0,723050.0,722793.0,50.0,-0.40279612801506887
14462.0,723100.0,722843.0,50.0,-1.5087503392203319
14463.0,723150.0,722893.0,50.0,-0.8346584764360623
14464.0,723200.0,722943.0,50.0,-0.8878238519221875
14465.0,723250.0,722993.0,50.0,-1.4751650525217628
14466.0,723300.0,723043.0,50.0,-1.2124470208940705
14467.0,723350.0,723093.0,50.0,-0.9313161238669789
14468.0,723400.0,723143.0,50.0,-0.4982936204848785
14469.0,723450.0,723193.0,50.0,-1.982127440099121
14470.0,723500.0,723243.0,50.0,-2.3460617855458774
14471.0,723550.0,723293.0,50.0,-1.301440650356347
14472.0,723600.0,723343.0,50.0,-0.8046399062534819
14473.0,723650.0,723393.0,50.0,-1.0259542142633715
14474.0,723700.0,723443.0,50.0,-0.5973952642071901
14475.0,723750.0,723493.0,50.0,-0.7987794693767051
14476.0,723800.0,723543.0,50.0,-1.3973678227798068
14477.0,723850.0,723593.0,50.0,-1.1042046243670354
14478.0,723900.0,723643.0,50.0,-0.5609272446164343
14479.0,723950.0,723693.0,50.0,-1.149792561771496
14480.0,724000.0,723743.0,50.0,-0.7938084283935327
14481.0,724050.0,723793.0,50.0,-1.1768639071348403
14482.0,724100.0,723843.0,50.0,-0.7345263532729543
14483.0,724150.0,723893.0,50.0,-1.061177289931169
14484.0,724200.0,723943.0,50.0,-0.6585741980623858
14485.0,724250.0,723993.0,50.0,-1.7639174366989445
14486.0,724300.0,724043.0,50.0,-1.332742679241472
14487.0,724350.0,724093.0,50.0,-0.6058805742799984
14488.0,724400.0,724143.0,50.0,-1.3566461709668305
14489.0,724450.0,724193.0,50.0,-0.7085428380415503
14490.0,724500.0,724243.0,50.0,-0.7190736753678983
14491.0,724550.0,724293.0,50.0,-0.7145232258380478
14492.0,724600.0,724343.0,50.0,-1.1589030549120014
14493.0,724650.0,724393.0,50.0,-1.1133395384520894
14494.0,724700.0,724443.0,50.0,-0.6758732084985807
14495.0,724750.0,724493.0,50.0,-0.5686307363517892
14496.0,724800.0,724543.0,50.0,-0.9101277031448269
14497.0,724850.0,724593.0,50.0,-1.08658916665911
14498.0,724900.0,724643.0,50.0,-1.043521421432993
14499.0,724950.0,724693.0,50.0,-0.8050331067480697
14500.0,725000.0,724743.0,50.0,-2.257924068901684
14501.0,725050.0,724793.0,50.0,-0.6356150689061959
14502.0,725100.0,724843.0,50.0,-0.8073051411221633
14503.0,725150.0,724893.0,50.0,-1.4463566237894587
14504.0,725200.0,724943.0,50.0,-0.8087681443289677
14505.0,725250.0,724993.0,50.0,-1.092735183316932
14506.0,725300.0,725043.0,50.0,-0.8169637533073335
14507.0,725350.0,725093.0,50.0,-2.1936946026110324
14508.0,725400.0,725143.0,50.0,-1.0138208158285709
14509.0,725450.0,725193.0,50.0,-1.5571576056258765
14510.0,725500.0,725243.0,50.0,-0.7783637963602402
14511.0,725550.0,725293.0,50.0,-1.8001865308031477
14512.0,725600.0,725343.0,50.0,-1.28454747020369
14513.0,725650.0,725393.0,50.0,-1.0656734485049177
14514.0,725700.0,725443.0,50.0,-0.7274632446225374
14515.0,725750.0,725493.0,50.0,-1.1321742501174
14516.0,725800.0,725543.0,50.0,-1.036009763714841
14517.0,725850.0,725593.0,50.0,-0.9378481479833736
14518.0,725900.0,725643.0,50.0,-1.1713794349395394
14519.0,725950.0,725693.0,50.0,-0.9824306017719787
14520.0,726000.0,725743.0,50.0,-0.8465785808602121
14521.0,726050.0,725793.0,50.0,-1.0034509382066454
14522.0,726100.0,725843.0,50.0,-1.3383633798744083
14523.0,726150.0,725893.0,50.0,-1.8539889672442222
14524.0,726200.0,725943.0,50.0,-1.1520989207294883
14525.0,726250.0,725993.0,50.0,-1.0552689017892345
14526.0,726300.0,726043.0,50.0,-0.925362970761269
14527.0,726350.0,726093.0,50.0,-0.8693139008674816
14528.0,726400.0,726143.0,50.0,-0.7749473637800864
14529.0,726450.0,726193.0,50.0,-0.9963050691259597
14530.0,726500.0,726243.0,50.0,-1.4389746727775528
14531.0,726550.0,726293.0,50.0,-1.427668651506496
14532.0,726600.0,726343.0,50.0,-1.0171754768524186
14533.0,726650.0,726393.0,50.0,-0.8422156556342563
14534.0,726700.0,726443.0,50.0,-1.000438849777758
14535.0,726750.0,726493.0,50.0,-2.06620123074356
14536.0,726800.0,726543.0,50.0,-2.3760967903018155
14537.0,726850.0,726593.0,50.0,-1.3464310088223022
14538.0,726900.0,726643.0,50.0,-1.3092217023214254
14539.0,726950.0,726693.0,50.0,-0.8048002961150403
14540.0,727000.0,726743.0,50.0,-1.0355488094318277
14541.0,727050.0,726793.0,50.0,-0.8508061295905185
14542.0,727100.0,726843.0,50.0,-1.2222449540370417
14543.0,727150.0,726893.0,50.0,-0.5440777308255248
14544.0,727200.0,726943.0,50.0,-0.35301489988152407
14545.0,727250.0,726993.0,50.0,-1.4209184666153025
14546.0,727300.0,727043.0,50.0,-1.138713888823419
14547.0,727350.0,727093.0,50.0,-0.7333818816909002
14548.0,727400.0,727143.0,50.0,-0.925185226754813
14549.0,727450.0,727193.0,50.0,-0.8672535247234158
14550.0,727500.0,727243.0,50.0,-0.6368345300017884
14551.0,727550.0,727293.0,50.0,-0.4263227736950662
14552.0,727600.0,727343.0,50.0,-0.820469866750832
14553.0,727650.0,727393.0,50.0,-1.090171344344746
14554.0,727700.0,727443.0,50.0,-0.49165451177244274
14555.0,727750.0,727493.0,50.0,-0.91014934724032
14556.0,727800.0,727543.0,50.0,-0.8531557018852214
14557.0,727850.0,727593.0,50.0,-0.8093023062741981
14558.0,727900.0,727643.0,50.0,-2.1969687978762256
14559.0,727950.0,727693.0,50.0,-0.7934982854876617
14560.0,728000.0,727743.0,50.0,-1.9715904847442907
14561.0,728050.0,727793.0,50.0,-1.693079338993205
14562.0,728100.0,727843.0,50.0,-0.9412975563324876
14563.0,728150.0,727893.0,50.0,-0.8737156074981114
14564.0,728200.0,727943.0,50.0,-0.6397475510705426
14565.0,728250.0,727993.0,50.0,-1.0426675391661375
14566.0,728300.0,728043.0,50.0,-1.366070549120426
14567.0,728350.0,728093.0,50.0,-0.9311723560437792
14568.0,728400.0,728143.0,50.0,-1.1148009295563432
14569.0,728450.0,728193.0,50.0,-1.9943213756096718
14570.0,728500.0,728243.0,50.0,-1.0473192071774158
14571.0,728550.0,728293.0,50.0,-1.9465025702992627
14572.0,728600.0,728343.0,50.0,-0.5309057969686736
14573.0,728650.0,728393.0,50.0,-1.2948906982700812
14574.0,728700.0,728443.0,50.0,-1.1034946027094636
14575.0,728750.0,728493.0,50.0,-0.7263536264311125
14576.0,728800.0,728543.0,50.0,-2.250012455703139
14577.0,728850.0,728593.0,50.0,-0.741464623108557
14578.0,728900.0,728643.0,50.0,-1.2287351234366133
14579.0,728950.0,728693.0,50.0,-1.1485904093418933
14580.0,729000.0,728743.0,50.0,-0.9450339299865157
14581.0,729050.0,728793.0,50.0,-0.9857516036910525
14582.0,729100.0,728843.0,50.0,-1.3434305147956018
14583.0,729150.0,728893.0,50.0,-0.9618692353557057
14584.0,729200.0,728943.0,50.0,-1.1046107202184219
14585.0,729250.0,728993.0,50.0,-1.4494506520305774
14586.0,729300.0,729043.0,50.0,-0.9066022151293689
14587.0,729350.0,729093.0,50.0,-0.9246811398827481
14588.0,729400.0,729143.0,50.0,-1.3481970066141291
14589.0,729450.0,729193.0,50.0,-1.0605024860296544
14590.0,729500.0,729243.0,50.0,-1.7776530016951495
14591.0,729550.0,729293.0,50.0,-1.3198639848482887
14592.0,729600.0,729343.0,50.0,-2.4104016266172477
14593.0,729650.0,729393.0,50.0,-0.6117936510399812
14594.0,729700.0,729443.0,50.0,-0.45319357525034565
14595.0,729750.0,729493.0,50.0,-1.0359027263753477
14596.0,729800.0,729543.0,50.0,-1.199992308645096
14597.0,729850.0,729593.0,50.0,-1.7800997636703821
14598.0,729900.0,729643.0,50.0,-1.0998262785118746
14599.0,729950.0,729693.0,50.0,-1.1749828964403657
14600.0,730000.0,729743.0,50.0,-0.6339478059177289
14601.0,730050.0,729793.0,50.0,-0.8130815752453461
14602.0,730100.0,729843.0,50.0,-0.7124633171613379
14603.0,730150.0,729893.0,50.0,-1.1403570066593163
14604.0,730200.0,729943.0,50.0,-0.7768096420273138
14605.0,730250.0,729993.0,50.0,-0.6554354024577869
14606.0,730300.0,730043.0,50.0,-0.6617304937131872
14607.0,730350.0,730093.0,50.0,-0.6502859700391957
14608.0,730400.0,730143.0,50.0,-1.982756168227607
14609.0,730450.0,730193.0,50.0,-0.9921460621407088
14610.0,730500.0,730243.0,50.0,-0.4827801930021999
14611.0,730550.0,730293.0,50.0,-1.0069186078952506
14612.0,730600.0,730343.0,50.0,-1.3412376961009629
14613.0,730650.0,730393.0,50.0,-0.5578219403897943
14614.0,730700.0,730443.0,50.0,-1.158635512784433
14615.0,730750.0,730493.0,50.0,-1.0456150183838568
14616.0,730800.0,730543.0,50.0,-0.9445691616871851
14617.0,730850.0,730593.0,50.0,-0.6757555445959839
14618.0,730900.0,730643.0,50.0,-1.6565618983985917
14619.0,730950.0,730693.0,50.0,-0.49080248769096324
14620.0,731000.0,730743.0,50.0,-0.7208827825801418
14621.0,731050.0,730793.0,50.0,-1.0262596726587287
14622.0,731100.0,730843.0,50.0,-0.743701169370282
14623.0,731150.0,730893.0,50.0,-0.531960943713199
14624.0,731200.0,730943.0,50.0,-0.692835708122013
14625.0,731250.0,730993.0,50.0,-0.369317173641048
14626.0,731300.0,731043.0,50.0,-0.6428719124314085
14627.0,731350.0,731093.0,50.0,-0.5464698664184905
14628.0,731400.0,731143.0,50.0,-0.5875234126246234
14629.0,731450.0,731193.0,50.0,-1.2883836926948278
14630.0,731500.0,731243.0,50.0,-0.4839514216493036
14631.0,731550.0,731293.0,50.0,-1.0371116103604758
14632.0,731600.0,731343.0,50.0,-1.1412408608608173
14633.0,731650.0,731393.0,50.0,-0.9611163252884178
14634.0,731700.0,731443.0,50.0,-0.7816961437767801
14635.0,731750.0,731493.0,50.0,-0.8716080832955021
14636.0,731800.0,731543.0,50.0,-0.5724537305440481
14637.0,731850.0,731593.0,50.0,-0.8090435533409526
14638.0,731900.0,731643.0,50.0,-0.954106008857588
14639.0,731950.0,731693.0,50.0,-1.0486607013780191
14640.0,732000.0,731743.0,50.0,-1.33455233833786
14641.0,732050.0,731793.0,50.0,-0.9780467543410594
14642.0,732100.0,731843.0,50.0,-0.9973678540333366
14643.0,732150.0,731893.0,50.0,-0.5259830035915051
14644.0,732200.0,731943.0,50.0,-0.6242944012064868
14645.0,732250.0,731993.0,50.0,-1.365180268431924
14646.0,732300.0,732043.0,50.0,-1.3429464571046086
14647.0,732350.0,732093.0,50.0,-1.195894811814735
14648.0,732400.0,732143.0,50.0,-2.3375050943403606
14649.0,732450.0,732193.0,50.0,-1.627702403598475
14650.0,732500.0,732243.0,50.0,-0.5978804251383519
14651.0,732550.0,732293.0,50.0,-0.6025965199672376
14652.0,732600.0,732343.0,50.0,-1.2126900234920939
14653.0,732650.0,732393.0,50.0,-0.6871601040201966
14654.0,732700.0,732443.0,50.0,-1.0944874886231852
14655.0,732750.0,732493.0,50.0,-1.2480658366457522
14656.0,732800.0,732543.0,50.0,-1.746479434267095
14657.0,732850.0,732593.0,50.0,-0.7902949899099664
14658.0,732900.0,732643.0,50.0,-1.018653266062305
14659.0,732950.0,732693.0,50.0,-1.4814040174829772
14660.0,733000.0,732743.0,50.0,-1.695672034782657
14661.0,733050.0,732793.0,50.0,-1.6523932228616895
14662.0,733100.0,732843.0,50.0,-1.3301721008674603
14663.0,733150.0,732893.0,50.0,-1.2490780794242144
14664.0,733200.0,732943.0,50.0,-0.8462785265563018
14665.0,733250.0,732993.0,50.0,-1.5142529151952437
14666.0,733300.0,733043.0,50.0,-0.3893102457714248
14667.0,733350.0,733093.0,50.0,-0.6897955645044712
14668.0,733400.0,733143.0,50.0,-0.5132807357560066
14669.0,733450.0,733193.0,50.0,-0.8245779459211583
14670.0,733500.0,733243.0,50.0,-0.6346194604067915
14671.0,733550.0,733293.0,50.0,-1.4906994027696365
14672.0,733600.0,733343.0,50.0,-1.2595213203381677
14673.0,733650.0,733393.0,50.0,-0.8173256465111626
14674.0,733700.0,733443.0,50.0,-0.5289685789994893
14675.0,733750.0,733493.0,50.0,-1.6945724380437677
14676.0,733800.0,733543.0,50.0,-0.9127488823192019
14677.0,733850.0,733593.0,50.0,-1.1810233310711329
14678.0,733900.0,733643.0,50.0,-1.2286756080132901
14679.0,733950.0,733693.0,50.0,-0.6948430107479235
14680.0,734000.0,733743.0,50.0,-1.0255356744530404
14681.0,734050.0,733793.0,50.0,-0.4410189685608833
14682.0,734100.0,733843.0,50.0,-0.9796674739724451
14683.0,734150.0,733893.0,50.0,-0.5954970587776827
14684.0,734200.0,733943.0,50.0,-1.255961683669997
14685.0,734250.0,733993.0,50.0,-1.0855524833051706
14686.0,734300.0,734043.0,50.0,-1.1145956827912287
14687.0,734350.0,734093.0,50.0,-0.6538081383076007
14688.0,734400.0,734143.0,50.0,-1.9049858485073354
14689.0,734450.0,734193.0,50.0,-0.4621153301589543
14690.0,734500.0,734243.0,50.0,-0.6637271885529743
14691.0,734550.0,734293.0,50.0,-0.6901542131383608
14692.0,734600.0,734343.0,50.0,-0.8872280908831635
14693.0,734650.0,734393.0,50.0,-1.0655687988823956
14694.0,734700.0,734443.0,50.0,-0.7686481527800674
14695.0,734750.0,734493.0,50.0,-1.148743599950696
14696.0,734800.0,734543.0,50.0,-1.424261632201799
14697.0,734850.0,734593.0,50.0,-1.2822502470678725
14698.0,734900.0,734643.0,50.0,-1.0323752595814013
14699.0,734950.0,734693.0,50.0,-1.5501014482796345
14700.0,735000.0,734743.0,50.0,-1.0940893009395338
14701.0,735050.0,734793.0,50.0,-1.0273626397427618
14702.0,735100.0,734843.0,50.0,-0.7806661047880296
14703.0,735150.0,734893.0,50.0,-0.7118133137896064
14704.0,735200.0,734943.0,50.0,-1.1099355225012089
14705.0,735250.0,734993.0,50.0,-0.5352238470080463
14706.0,735300.0,735043.0,50.0,-0.7626172471232149
14707.0,735350.0,735093.0,50.0,-1.0698231398225202
14708.0,735400.0,735143.0,50.0,-0.667782063849843
14709.0,735450.0,735193.0,50.0,-1.696545496973159
14710.0,735500.0,735243.0,50.0,-0.8773986572187931
14711.0,735550.0,735293.0,50.0,-0.9858113767379182
14712.0,735600.0,735343.0,50.0,-0.8195987675758689
14713.0,735650.0,735393.0,50.0,-0.9063377714786682
14714.0,735700.0,735443.0,50.0,-1.3039420345241712
14715.0,735750.0,735493.0,50.0,-0.6680833514767808
14716.0,735800.0,735543.0,50.0,-1.0561218064047293
14717.0,735850.0,735593.0,50.0,-0.884371654627056
14718.0,735900.0,735643.0,50.0,-1.42545939289265
14719.0,735950.0,735693.0,50.0,-0.9614261946734505
14720.0,736000.0,735743.0,50.0,-0.3972909300503208
14721.0,736050.0,735793.0,50.0,-0.6069731489115585
14722.0,736100.0,735843.0,50.0,-0.7859917332054834
14723.0,736150.0,735893.0,50.0,-0.6575318626032143
14724.0,736200.0,735943.0,50.0,-0.7612454705550331
14725.0,736250.0,735993.0,50.0,-1.0660148994467813
14726.0,736300.0,736043.0,50.0,-1.0758796011267804
14727.0,736350.0,736093.0,50.0,-0.680737767276106
14728.0,736400.0,736143.0,50.0,-1.031926767341792
14729.0,736450.0,736193.0,50.0,-0.9826120239013838
14730.0,736500.0,736243.0,50.0,-1.0259363309373506
14731.0,736550.0,736293.0,50.0,-0.7609975093065036
14732.0,736600.0,736343.0,50.0,-1.094071999196961
14733.0,736650.0,736393.0,50.0,-0.6677585997632981
14734.0,736700.0,736443.0,50.0,-1.851910577838452
14735.0,736750.0,736493.0,50.0,-0.826109725317541
14736.0,736800.0,736543.0,50.0,-1.2447517443183653
14737.0,736850.0,736593.0,50.0,-0.7028417799149506
14738.0,736900.0,736643.0,50.0,-0.8286803672429461
14739.0,736950.0,736693.0,50.0,-0.6822910538379398
14740.0,737000.0,736743.0,50.0,-2.0971637336689652
14741.0,737050.0,736793.0,50.0,-1.6403624458706587
14742.0,737100.0,736843.0,50.0,-0.9821353660733471
14743.0,737150.0,736893.0,50.0,-1.0495008829030783
14744.0,737200.0,736943.0,50.0,-0.565485465704326
14745.0,737250.0,736993.0,50.0,-0.7029111809448326
14746.0,737300.0,737043.0,50.0,-1.6602696777768506
14747.0,737350.0,737093.0,50.0,-0.5145911341858954
14748.0,737400.0,737143.0,50.0,-0.9606728243991858
14749.0,737450.0,737193.0,50.0,-1.223135247260315
14750.0,737500.0,737243.0,50.0,-1.177998708267435
14751.0,737550.0,737293.0,50.0,-1.057425624308032
14752.0,737600.0,737343.0,50.0,-1.7935714259775972
14753.0,737650.0,737393.0,50.0,-0.7606473208872304
14754.0,737700.0,737443.0,50.0,-1.20359588104312
14755.0,737750.0,737493.0,50.0,-0.6055804184542912
14756.0,737800.0,737543.0,50.0,-0.537766300617193
14757.0,737850.0,737593.0,50.0,-0.942001298669826
14758.0,737900.0,737643.0,50.0,-0.790159918891926
14759.0,737950.0,737693.0,50.0,-0.7059249526434034
14760.0,738000.0,737743.0,50.0,-0.9411382405832259
14761.0,738050.0,737793.0,50.0,-1.5293178073177012
14762.0,738100.0,737843.0,50.0,-1.1213275482969038
14763.0,738150.0,737893.0,50.0,-0.9389690079806557
14764.0,738200.0,737943.0,50.0,-0.8815618074068793
14765.0,738250.0,737993.0,50.0,-1.2290128391112343
14766.0,738300.0,738043.0,50.0,-1.388319168962711
14767.0,738350.0,738093.0,50.0,-1.116549848441629
14768.0,738400.0,738143.0,50.0,-0.6096189980254918
14769.0,738450.0,738193.0,50.0,-0.867948538263949
14770.0,738500.0,738243.0,50.0,-1.2412823668256894
14771.0,738550.0,738293.0,50.0,-0.9963494849482604
14772.0,738600.0,738343.0,50.0,-0.8896977674426118
14773.0,738650.0,738393.0,50.0,-0.8107564042304568
14774.0,738700.0,738443.0,50.0,-1.3275407041085638
14775.0,738750.0,738493.0,50.0,-1.1421167429581796
14776.0,738800.0,738543.0,50.0,-0.6076863851369064
14777.0,738850.0,738593.0,50.0,-0.6474874389153623
14778.0,738900.0,738643.0,50.0,-0.39988654366294624
14779.0,738950.0,738693.0,50.0,-0.9996315935603528
14780.0,739000.0,738743.0,50.0,-0.8406132096972447
14781.0,739050.0,738793.0,50.0,-1.0586961674185629
14782.0,739100.0,738843.0,50.0,-2.0491178622376425
14783.0,739150.0,738893.0,50.0,-2.15357503147274
14784.0,739200.0,738943.0,50.0,-1.1123588511846598
14785.0,739250.0,738993.0,50.0,-1.7577375503943322
14786.0,739300.0,739043.0,50.0,-1.6728838865888778
14787.0,739350.0,739093.0,50.0,-1.0836939809395556
14788.0,739400.0,739143.0,50.0,-2.7903414104576862
14789.0,739450.0,739193.0,50.0,-1.1014573296805974
14790.0,739500.0,739243.0,50.0,-1.17435423125474
14791.0,739550.0,739293.0,50.0,-0.8636239422439052
14792.0,739600.0,739343.0,50.0,-1.8839882958347443
14793.0,739650.0,739393.0,50.0,-1.0296452740779736
14794.0,739700.0,739443.0,50.0,-1.0979300690085982
14795.0,739750.0,739493.0,50.0,-0.7821161889503052
14796.0,739800.0,739543.0,50.0,-0.7886378959529099
14797.0,739850.0,739593.0,50.0,-0.702199461242348
14798.0,739900.0,739643.0,50.0,-1.0215711847534477
14799.0,739950.0,739693.0,50.0,-1.2737621074443506
14800.0,740000.0,739743.0,50.0,-1.057893300500238
14801.0,740050.0,739793.0,50.0,-1.0555367201735528
14802.0,740100.0,739843.0,50.0,-0.9282808134103417
14803.0,740150.0,739893.0,50.0,-0.8978567182480272
14804.0,740200.0,739943.0,50.0,-0.5166260710753555
14805.0,740250.0,739993.0,50.0,-1.050455603118313
14806.0,740300.0,740043.0,50.0,-0.5062654248726517
14807.0,740350.0,740093.0,50.0,-0.8473733141408293
14808.0,740400.0,740143.0,50.0,-0.553336235353489
14809.0,740450.0,740193.0,50.0,-0.5635301835651438
14810.0,740500.0,740243.0,50.0,-0.5909989731956109
14811.0,740550.0,740293.0,50.0,-1.9199008043377062
14812.0,740600.0,740343.0,50.0,-2.9550553855964123
14813.0,740650.0,740393.0,50.0,-0.620952835925134
14814.0,740700.0,740443.0,50.0,-0.973542589581232
14815.0,740750.0,740493.0,50.0,-1.0720174265207527
14816.0,740800.0,740543.0,50.0,-1.5725692720746054
14817.0,740850.0,740593.0,50.0,-0.6361187230812891
14818.0,740900.0,740643.0,50.0,-0.6803026935652188
14819.0,740950.0,740693.0,50.0,-0.9399587217622642
14820.0,741000.0,740743.0,50.0,-0.8627113684118382
14821.0,741050.0,740793.0,50.0,-0.9601192953724388
14822.0,741100.0,740843.0,50.0,-1.1206884081382258
14823.0,741150.0,740893.0,50.0,-0.7281698405570586
14824.0,741200.0,740943.0,50.0,-2.1740406339663525
14825.0,741250.0,740993.0,50.0,-1.0594890343038188
14826.0,741300.0,741043.0,50.0,-1.5744846832342765
14827.0,741350.0,741093.0,50.0,-0.7410231352104013
14828.0,741400.0,741143.0,50.0,-0.6589518393364443
14829.0,741450.0,741193.0,50.0,-1.3960897853240264
14830.0,741500.0,741243.0,50.0,-1.1504027669748353
14831.0,741550.0,741293.0,50.0,-0.6935610203926975
14832.0,741600.0,741343.0,50.0,-0.8178890324127531
14833.0,741650.0,741393.0,50.0,-1.665159740941171
14834.0,741700.0,741443.0,50.0,-0.5423352532619448
14835.0,741750.0,741493.0,50.0,-0.999215895192296
14836.0,741800.0,741543.0,50.0,-0.5074935652501283
14837.0,741850.0,741593.0,50.0,-0.7084706605650996
14838.0,741900.0,741643.0,50.0,-1.1842402088159842
14839.0,741950.0,741693.0,50.0,-1.5522688285269348
14840.0,742000.0,741743.0,50.0,-0.8509330341240978
14841.0,742050.0,741793.0,50.0,-2.29064402493897
14842.0,742100.0,741843.0,50.0,-1.3148164107181175
14843.0,742150.0,741893.0,50.0,-0.8688982384854652
14844.0,742200.0,741943.0,50.0,-1.353806475933402
14845.0,742250.0,741993.0,50.0,-0.6534533551478099
14846.0,742300.0,742043.0,50.0,-0.6972832406798308
14847.0,742350.0,742093.0,50.0,-1.1121203281051364
14848.0,742400.0,742143.0,50.0,-1.0211224510007941
14849.0,742450.0,742193.0,50.0,-1.0245679070740104
14850.0,742500.0,742243.0,50.0,-0.680404057530929
14851.0,742550.0,742293.0,50.0,-0.6708496207496659
14852.0,742600.0,742343.0,50.0,-0.5309308000405099
14853.0,742650.0,742393.0,50.0,-0.9311016967423079
14854.0,742700.0,742443.0,50.0,-0.8239735264780539
14855.0,742750.0,742493.0,50.0,-1.0886885850022325
14856.0,742800.0,742543.0,50.0,-0.8442535546325695
14857.0,742850.0,742593.0,50.0,-0.8293562684714405
14858.0,742900.0,742643.0,50.0,-1.3639661820991156
14859.0,742950.0,742693.0,50.0,-0.7648092345914684
14860.0,743000.0,742743.0,50.0,-1.4250330122918247
14861.0,743050.0,742793.0,50.0,-0.6683527194532912
14862.0,743100.0,742843.0,50.0,-0.5845397720954963
14863.0,743150.0,742893.0,50.0,-0.8776245517439534
14864.0,743200.0,742943.0,50.0,-1.2613030172296338
14865.0,743250.0,742993.0,50.0,-1.0782428809453597
14866.0,743300.0,743043.0,50.0,-0.7615798518481461
14867.0,743350.0,743093.0,50.0,-0.5067557503528082
14868.0,743400.0,743143.0,50.0,-1.3171738922197174
14869.0,743450.0,743193.0,50.0,-0.4751140418235261
14870.0,743500.0,743243.0,50.0,-1.013357671470414
14871.0,743550.0,743293.0,50.0,-0.8622771515904517
14872.0,743600.0,743343.0,50.0,-0.880305048228352
14873.0,743650.0,743393.0,50.0,-0.843862436736858
14874.0,743700.0,743443.0,50.0,-0.6262339602020182
14875.0,743750.0,743493.0,50.0,-1.3663430388229751
14876.0,743800.0,743543.0,50.0,-0.43401146326031625
14877.0,743850.0,743593.0,50.0,-0.9798740418584992
14878.0,743900.0,743643.0,50.0,-0.8703966914319223
14879.0,743950.0,743693.0,50.0,-1.022519989085603
14880.0,744000.0,743743.0,50.0,-0.5835641064087929
14881.0,744050.0,743793.0,50.0,-1.0488490435846785
14882.0,744100.0,743843.0,50.0,-0.7787609418012819
14883.0,744150.0,743893.0,50.0,-0.7942821247676839
14884.0,744200.0,743943.0,50.0,-0.7237824322365958
14885.0,744250.0,743993.0,50.0,-0.9601740847813869
14886.0,744300.0,744043.0,50.0,-1.6529918854716747
14887.0,744350.0,744093.0,50.0,-0.870063594953771
14888.0,744400.0,744143.0,50.0,-1.0121904354446085
14889.0,744450.0,744193.0,50.0,-0.9673177667056616
14890.0,744500.0,744243.0,50.0,-0.7124948403691634
14891.0,744550.0,744293.0,50.0,-1.0640381885489876
14892.0,744600.0,744343.0,50.0,-0.7606643063960795
14893.0,744650.0,744393.0,50.0,-0.8973917814228007
14894.0,744700.0,744443.0,50.0,-1.036398352816725
14895.0,744750.0,744493.0,50.0,-0.5942937306910312
14896.0,744800.0,744543.0,50.0,-0.8265251230604724
14897.0,744850.0,744593.0,50.0,-0.9631509059271952
14898.0,744900.0,744643.0,50.0,-0.5825591755586743
14899.0,744950.0,744693.0,50.0,-0.8792954792296246
14900.0,745000.0,744743.0,50.0,-0.927327690862806
14901.0,745050.0,744793.0,50.0,-0.6852995069370456
14902.0,745100.0,744843.0,50.0,-0.7349440079221102
14903.0,745150.0,744893.0,50.0,-1.2526433552641287
14904.0,745200.0,744943.0,50.0,-0.5272645150360172
14905.0,745250.0,744993.0,50.0,-1.1591741881310746
14906.0,745300.0,745043.0,50.0,-0.902357600903184
14907.0,745350.0,745093.0,50.0,-0.5190026441340293
14908.0,745400.0,745143.0,50.0,-1.115508848011214
14909.0,745450.0,745193.0,50.0,-0.7691663610601325
14910.0,745500.0,745243.0,50.0,-0.9284693908949606
14911.0,745550.0,745293.0,50.0,-1.2211189261718407
14912.0,745600.0,745343.0,50.0,-1.060197836343632
14913.0,745650.0,745393.0,50.0,-1.0155374052088704
14914.0,745700.0,745443.0,50.0,-1.0334723342461123
14915.0,745750.0,745493.0,50.0,-1.0371787622901005
14916.0,745800.0,745543.0,50.0,-0.7821879012525061
14917.0,745850.0,745593.0,50.0,-0.7787553874155174
14918.0,745900.0,745643.0,50.0,-0.8749700175167855
14919.0,745950.0,745693.0,50.0,-0.6067003396885937
14920.0,746000.0,745743.0,50.0,-1.6986087460558656
14921.0,746050.0,745793.0,50.0,-1.1942910255657564
14922.0,746100.0,745843.0,50.0,-0.9762844691266985
14923.0,746150.0,745893.0,50.0,-1.1374862071578895
14924.0,746200.0,745943.0,50.0,-0.37469874297666855
14925.0,746250.0,745993.0,50.0,-1.8609761188883491
14926.0,746300.0,746043.0,50.0,-1.071243957849504
14927.0,746350.0,746093.0,50.0,-1.6652523376012918
14928.0,746400.0,746143.0,50.0,-0.9205055161760389
14929.0,746450.0,746193.0,50.0,-0.6681308497660532
14930.0,746500.0,746243.0,50.0,-0.3737336560071039
14931.0,746550.0,746293.0,50.0,-0.7808113296707777
14932.0,746600.0,746343.0,50.0,-0.914525175749239
14933.0,746650.0,746393.0,50.0,-0.7066331520211482
14934.0,746700.0,746443.0,50.0,-1.0410519377938117
14935.0,746750.0,746493.0,50.0,-0.9248856100687638
14936.0,746800.0,746543.0,50.0,-1.6621234317405411
14937.0,746850.0,746593.0,50.0,-0.9333569353898064
14938.0,746900.0,746643.0,50.0,-0.7227657771709115
14939.0,746950.0,746693.0,50.0,-0.7528147108771841
14940.0,747000.0,746743.0,50.0,-0.7419732919948773
14941.0,747050.0,746793.0,50.0,-1.0215922617107451
14942.0,747100.0,746843.0,50.0,-0.7201771081022639
14943.0,747150.0,746893.0,50.0,-0.5542143154865646
14944.0,747200.0,746943.0,50.0,-1.470783860163276
14945.0,747250.0,746993.0,50.0,-0.5985939482949414
14946.0,747300.0,747043.0,50.0,-0.9425660895873399
14947.0,747350.0,747093.0,50.0,-1.19148116429272
14948.0,747400.0,747143.0,50.0,-0.9560597581265133
14949.0,747450.0,747193.0,50.0,-0.9306237933162163
14950.0,747500.0,747243.0,50.0,-0.9487044367360739
14951.0,747550.0,747293.0,50.0,-0.6627497467379675
14952.0,747600.0,747343.0,50.0,-1.4812868586691081
14953.0,747650.0,747393.0,50.0,-1.0978138899384076
14954.0,747700.0,747443.0,50.0,-0.5987402417455661
14955.0,747750.0,747493.0,50.0,-1.4890153190704505
14956.0,747800.0,747543.0,50.0,-0.9871354790854504
14957.0,747850.0,747593.0,50.0,-1.347009195412799
14958.0,747900.0,747643.0,50.0,-0.7531162522389976
14959.0,747950.0,747693.0,50.0,-1.5012842371539674
14960.0,748000.0,747743.0,50.0,-1.1950607756449179
14961.0,748050.0,747793.0,50.0,-0.7054050116263868
14962.0,748100.0,747843.0,50.0,-0.7646654169502495
14963.0,748150.0,747893.0,50.0,-0.5979162347476795
14964.0,748200.0,747943.0,50.0,-1.1409236666657419
14965.0,748250.0,747993.0,50.0,-0.8129642349457711
14966.0,748300.0,748043.0,50.0,-0.9150854756144553
14967.0,748350.0,748093.0,50.0,-0.8463675144827176
14968.0,748400.0,748143.0,50.0,-1.016232406539574
14969.0,748450.0,748193.0,50.0,-1.103259461740611
14970.0,748500.0,748243.0,50.0,-0.7037547559815595
14971.0,748550.0,748293.0,50.0,-0.5743038653925095
14972.0,748600.0,748343.0,50.0,-1.0752784249485585
14973.0,748650.0,748393.0,50.0,-0.8800112995423772
14974.0,748700.0,748443.0,50.0,-0.9965447421558697
14975.0,748750.0,748493.0,50.0,-0.8997671542306468
14976.0,748800.0,748543.0,50.0,-0.94711267111027
14977.0,748850.0,748593.0,50.0,-0.6199120390294557
14978.0,748900.0,748643.0,50.0,-0.8280018335991314
14979.0,748950.0,748693.0,50.0,-1.218381999366119
14980.0,749000.0,748743.0,50.0,-1.1535413578620606
14981.0,749050.0,748793.0,50.0,-0.6319972347752184
14982.0,749100.0,748843.0,50.0,-1.1284019786817923
14983.0,749150.0,748893.0,50.0,-1.1120219214247358
14984.0,749200.0,748943.0,50.0,-0.9764905430530386
14985.0,749250.0,748993.0,50.0,-0.6650577442948713
14986.0,749300.0,749043.0,50.0,-1.634194339070604
14987.0,749350.0,749093.0,50.0,-1.5281363078790873
14988.0,749400.0,749143.0,50.0,-0.4613601999067232
14989.0,749450.0,749193.0,50.0,-1.4756186046215618
14990.0,749500.0,749243.0,50.0,-1.0649623281547662
14991.0,749550.0,749293.0,50.0,-0.7131679662894405
14992.0,749600.0,749343.0,50.0,-0.5781105403360921
14993.0,749650.0,749393.0,50.0,-1.5758856510758557
14994.0,749700.0,749443.0,50.0,-1.0665364405722895
14995.0,749750.0,749493.0,50.0,-0.578851125993502
14996.0,749800.0,749543.0,50.0,-1.3021167997866891
14997.0,749850.0,749593.0,50.0,-1.0278390429253024
14998.0,749900.0,749643.0,50.0,-1.3582164641814285
14999.0,749950.0,749693.0,50.0,-0.9793186197271501
15000.0,750000.0,749743.0,50.0,-0.9256150179177957
15001.0,750050.0,749793.0,50.0,-1.1132236272199318
15002.0,750100.0,749843.0,50.0,-0.9365384534176644
15003.0,750150.0,749893.0,50.0,-1.0540858661137962
15004.0,750200.0,749943.0,50.0,-1.0194401302823646
15005.0,750250.0,749993.0,50.0,-1.5060619910970665
15006.0,750300.0,750043.0,50.0,-1.25794558921946
15007.0,750350.0,750093.0,50.0,-1.0923260406984485
15008.0,750400.0,750143.0,50.0,-0.6524036147412836
15009.0,750450.0,750193.0,50.0,-1.4073327122737915
15010.0,750500.0,750243.0,50.0,-1.1285898470326041
15011.0,750550.0,750293.0,50.0,-0.6359396316015266
15012.0,750600.0,750343.0,50.0,-1.2282485024873762
15013.0,750650.0,750393.0,50.0,-1.052227651496289
15014.0,750700.0,750443.0,50.0,-0.9053914629587434
15015.0,750750.0,750493.0,50.0,-0.8903744860645467
15016.0,750800.0,750543.0,50.0,-0.3732632059839041
15017.0,750850.0,750593.0,50.0,-0.9514077989140859
15018.0,750900.0,750643.0,50.0,-1.3079556566349122
15019.0,750950.0,750693.0,50.0,-0.6701208521728187
15020.0,751000.0,750743.0,50.0,-1.0930854002636714
15021.0,751050.0,750793.0,50.0,-0.6343522754669402
15022.0,751100.0,750843.0,50.0,-1.4039092947699725
15023.0,751150.0,750893.0,50.0,-0.7848750460000258
15024.0,751200.0,750943.0,50.0,-0.8806786855572175
15025.0,751250.0,750993.0,50.0,-0.9527893729194707
15026.0,751300.0,751043.0,50.0,-0.9130551810619401
15027.0,751350.0,751093.0,50.0,-1.1600479054140718
15028.0,751400.0,751143.0,50.0,-1.26640403855847
15029.0,751450.0,751193.0,50.0,-1.0062262257949777
15030.0,751500.0,751243.0,50.0,-0.8916406412593665
15031.0,751550.0,751293.0,50.0,-0.791868259411561
15032.0,751600.0,751343.0,50.0,-0.586760218416642
15033.0,751650.0,751393.0,50.0,-0.9833854146427141
15034.0,751700.0,751443.0,50.0,-0.8079190875156554
15035.0,751750.0,751493.0,50.0,-0.8870181373973012
15036.0,751800.0,751543.0,50.0,-0.9555016711708686
15037.0,751850.0,751593.0,50.0,-0.8225480488997761
15038.0,751900.0,751643.0,50.0,-0.841985318951727
15039.0,751950.0,751693.0,50.0,-0.7176246992796183
15040.0,752000.0,751743.0,50.0,-0.4480560014416033
15041.0,752050.0,751793.0,50.0,-0.7116527986347607
15042.0,752100.0,751843.0,50.0,-1.1845756762321917
15043.0,752150.0,751893.0,50.0,-0.6110477009286439
15044.0,752200.0,751943.0,50.0,-1.3004813715074768
15045.0,752250.0,751993.0,50.0,-0.9928164259579666
15046.0,752300.0,752043.0,50.0,-1.025412406497884
15047.0,752350.0,752093.0,50.0,-1.8133746899149046
15048.0,752400.0,752143.0,50.0,-0.7544747435004587
15049.0,752450.0,752193.0,50.0,-1.4146090039853785
15050.0,752500.0,752243.0,50.0,-1.169265140008254
15051.0,752550.0,752293.0,50.0,-0.5967386222540848
15052.0,752600.0,752343.0,50.0,-1.057611723512181
15053.0,752650.0,752393.0,50.0,-0.9014735549634909
15054.0,752700.0,752443.0,50.0,-0.8357779058891547
15055.0,752750.0,752493.0,50.0,-0.7283577267372653
15056.0,752800.0,752543.0,50.0,-1.2823358267401757
15057.0,752850.0,752593.0,50.0,-0.7241556378734911
15058.0,752900.0,752643.0,50.0,-0.5905969993617463
15059.0,752950.0,752693.0,50.0,-1.2812524412023047
15060.0,753000.0,752743.0,50.0,-0.4744896595393619
15061.0,753050.0,752793.0,50.0,-1.2757191725039927
15062.0,753100.0,752843.0,50.0,-1.439638236928535
15063.0,753150.0,752893.0,50.0,-1.1544841410272788
15064.0,753200.0,752943.0,50.0,-0.9759015516026942
15065.0,753250.0,752993.0,50.0,-1.0682833154709048
15066.0,753300.0,753043.0,50.0,-0.7760908447305568
15067.0,753350.0,753093.0,50.0,-0.529712687116601
15068.0,753400.0,753143.0,50.0,-0.6916544809720322
15069.0,753450.0,753193.0,50.0,-1.2658675682282245
15070.0,753500.0,753243.0,50.0,-1.7188981910366132
15071.0,753550.0,753293.0,50.0,-0.8219851476279816
15072.0,753600.0,753343.0,50.0,-1.3462128102486588
15073.0,753650.0,753393.0,50.0,-0.9881711039521385
15074.0,753700.0,753443.0,50.0,-1.5112078012613983
15075.0,753750.0,753493.0,50.0,-1.1016411983368717
15076.0,753800.0,753543.0,50.0,-0.8023102658930102
15077.0,753850.0,753593.0,50.0,-0.8531837325468966
15078.0,753900.0,753643.0,50.0,-0.8775442851150526
15079.0,753950.0,753693.0,50.0,-0.7936227015991034
15080.0,754000.0,753743.0,50.0,-0.6907179363600744
15081.0,754050.0,753793.0,50.0,-0.9872273678311745
15082.0,754100.0,753843.0,50.0,-0.9178378270286464
15083.0,754150.0,753893.0,50.0,-0.7783688006909211
15084.0,754200.0,753943.0,50.0,-1.0664398739062144
15085.0,754250.0,753993.0,50.0,-1.277177749851197
15086.0,754300.0,754043.0,50.0,-0.9070415716968928
15087.0,754350.0,754093.0,50.0,-0.894910721046969
15088.0,754400.0,754143.0,50.0,-1.6038057484704749
15089.0,754450.0,754193.0,50.0,-1.498924053411451
15090.0,754500.0,754243.0,50.0,-0.4396943589401028
15091.0,754550.0,754293.0,50.0,-1.5199590919601789
15092.0,754600.0,754343.0,50.0,-0.5397656680732651
15093.0,754650.0,754393.0,50.0,-0.798290327986803
15094.0,754700.0,754443.0,50.0,-1.1072329615845777
15095.0,754750.0,754493.0,50.0,-1.0089372833145909
15096.0,754800.0,754543.0,50.0,-1.2596678522139062
15097.0,754850.0,754593.0,50.0,-0.9058141362419693
15098.0,754900.0,754643.0,50.0,-0.5803518266170998
15099.0,754950.0,754693.0,50.0,-1.238785614029223
15100.0,755000.0,754743.0,50.0,-0.8032000210457201
15101.0,755050.0,754793.0,50.0,-0.8360503732974293
15102.0,755100.0,754843.0,50.0,-1.2077472754828527
15103.0,755150.0,754893.0,50.0,-0.6462771962234323
15104.0,755200.0,754943.0,50.0,-0.9194427488242173
15105.0,755250.0,754993.0,50.0,-1.552412492670631
15106.0,755300.0,755043.0,50.0,-0.7643293498461279
15107.0,755350.0,755093.0,50.0,-0.9534828492446666
15108.0,755400.0,755143.0,50.0,-0.5358976285054314
15109.0,755450.0,755193.0,50.0,-0.6938563351816819
15110.0,755500.0,755243.0,50.0,-1.1581288286505136
15111.0,755550.0,755293.0,50.0,-1.194642873260093
15112.0,755600.0,755343.0,50.0,-0.9683684306721241
15113.0,755650.0,755393.0,50.0,-0.8110235133109976
15114.0,755700.0,755443.0,50.0,-1.2102484674941822
15115.0,755750.0,755493.0,50.0,-0.4856756676509547
15116.0,755800.0,755543.0,50.0,-1.2612261790765837
15117.0,755850.0,755593.0,50.0,-1.0030879427564903
15118.0,755900.0,755643.0,50.0,-1.2951723267936353
15119.0,755950.0,755693.0,50.0,-0.7737320167508205
15120.0,756000.0,755743.0,50.0,-0.6743924207133725
15121.0,756050.0,755793.0,50.0,-0.5489789299472106
15122.0,756100.0,755843.0,50.0,-0.9346329588155682
15123.0,756150.0,755893.0,50.0,-0.6360921899971277
15124.0,756200.0,755943.0,50.0,-0.9556772661051884
15125.0,756250.0,755993.0,50.0,-0.6148125816242187
15126.0,756300.0,756043.0,50.0,-2.057744898786234
15127.0,756350.0,756093.0,50.0,-0.6567273906553353
15128.0,756400.0,756143.0,50.0,-0.7825946466459226
15129.0,756450.0,756193.0,50.0,-1.029600800698275
15130.0,756500.0,756243.0,50.0,-1.1104302022715298
15131.0,756550.0,756293.0,50.0,-0.6004283760351281
15132.0,756600.0,756343.0,50.0,-1.603655719193717
15133.0,756650.0,756393.0,50.0,-1.0944133555701299
15134.0,756700.0,756443.0,50.0,-0.827107691309918
15135.0,756750.0,756493.0,50.0,-0.6404738567047112
15136.0,756800.0,756543.0,50.0,-0.5110356500284453
15137.0,756850.0,756593.0,50.0,-0.8289971065962958
15138.0,756900.0,756643.0,50.0,-0.7444616164899354
15139.0,756950.0,756693.0,50.0,-1.1737357725632505
15140.0,757000.0,756743.0,50.0,-1.861838200550835
15141.0,757050.0,756793.0,50.0,-1.3516584373685387
15142.0,757100.0,756843.0,50.0,-0.6354677039080742
15143.0,757150.0,756893.0,50.0,-1.0769687475004792
15144.0,757200.0,756943.0,50.0,-1.1509554459469693
15145.0,757250.0,756993.0,50.0,-0.7252064242972814
15146.0,757300.0,757043.0,50.0,-0.8401792347791537
15147.0,757350.0,757093.0,50.0,-1.028900670192495
15148.0,757400.0,757143.0,50.0,-0.6019780693485411
15149.0,757450.0,757193.0,50.0,-0.869350813429133
15150.0,757500.0,757243.0,50.0,-0.6054560584539329
15151.0,757550.0,757293.0,50.0,-0.7918797326992505
15152.0,757600.0,757343.0,50.0,-0.6723482303694067
15153.0,757650.0,757393.0,50.0,-0.6149896458480251
15154.0,757700.0,757443.0,50.0,-1.0232946472300914
15155.0,757750.0,757493.0,50.0,-1.6283659297008093
15156.0,757800.0,757543.0,50.0,-0.557495029658916
15157.0,757850.0,757593.0,50.0,-1.6952050842124031
15158.0,757900.0,757643.0,50.0,-1.3426467147202306
15159.0,757950.0,757693.0,50.0,-0.8319834514195404
15160.0,758000.0,757743.0,50.0,-1.4765634643943606
15161.0,758050.0,757793.0,50.0,-0.6957235561933061
15162.0,758100.0,757843.0,50.0,-0.9218844701578081
15163.0,758150.0,757893.0,50.0,-1.1371943780138971
15164.0,758200.0,757943.0,50.0,-0.9587949059053661
15165.0,758250.0,757993.0,50.0,-1.251923697585771
15166.0,758300.0,758043.0,50.0,-0.5790884084550059
15167.0,758350.0,758093.0,50.0,-0.7065515190423723
15168.0,758400.0,758143.0,50.0,-1.1477686053327727
15169.0,758450.0,758193.0,50.0,-0.6804005127825103
15170.0,758500.0,758243.0,50.0,-1.367790552843082
15171.0,758550.0,758293.0,50.0,-0.6885172481558613
15172.0,758600.0,758343.0,50.0,-1.0164025734446187
15173.0,758650.0,758393.0,50.0,-0.5488490273629455
15174.0,758700.0,758443.0,50.0,-1.1634540961991648
15175.0,758750.0,758493.0,50.0,-0.8405648162746236
15176.0,758800.0,758543.0,50.0,-1.3575294991763196
15177.0,758850.0,758593.0,50.0,-0.5383234307003683
15178.0,758900.0,758643.0,50.0,-1.315023277201085
15179.0,758950.0,758693.0,50.0,-1.2673443480866295
15180.0,759000.0,758743.0,50.0,-0.7142812911291584
15181.0,759050.0,758793.0,50.0,-1.981659127817029
15182.0,759100.0,758843.0,50.0,-0.9130180076777897
15183.0,759150.0,758893.0,50.0,-0.6823079041507335
15184.0,759200.0,758943.0,50.0,-2.836615522612562
15185.0,759250.0,758993.0,50.0,-1.088578997357428
15186.0,759300.0,759043.0,50.0,-1.0265366197904355
15187.0,759350.0,759093.0,50.0,-1.4116838310722832
15188.0,759400.0,759143.0,50.0,-1.0538454425084611
15189.0,759450.0,759193.0,50.0,-1.0844681962896152
15190.0,759500.0,759243.0,50.0,-1.6014653779337997
15191.0,759550.0,759293.0,50.0,-0.7158476209502063
15192.0,759600.0,759343.0,50.0,-0.6162896800119152
15193.0,759650.0,759393.0,50.0,-0.6683967036545477
15194.0,759700.0,759443.0,50.0,-0.826882326459044
15195.0,759750.0,759493.0,50.0,-0.8645194807887553
15196.0,759800.0,759543.0,50.0,-0.9332710411038716
15197.0,759850.0,759593.0,50.0,-1.1937756930790064
15198.0,759900.0,759643.0,50.0,-0.4483840953333783
15199.0,759950.0,759693.0,50.0,-1.1196734653416796
15200.0,760000.0,759743.0,50.0,-0.568930105481386
15201.0,760050.0,759793.0,50.0,-0.9946168748273052
15202.0,760100.0,759843.0,50.0,-0.894687381318665
15203.0,760150.0,759893.0,50.0,-0.7269584029538728
15204.0,760200.0,759943.0,50.0,-0.8117487079411905
15205.0,760250.0,759993.0,50.0,-0.7862271814934157
15206.0,760300.0,760043.0,50.0,-0.5826775270277732
15207.0,760350.0,760093.0,50.0,-1.2666403501949746
15208.0,760400.0,760143.0,50.0,-0.8052031449399761
15209.0,760450.0,760193.0,50.0,-1.2766015193274713
15210.0,760500.0,760243.0,50.0,-1.0068108609287545
15211.0,760550.0,760293.0,50.0,-0.717418770115558
15212.0,760600.0,760343.0,50.0,-0.9164788617021606
15213.0,760650.0,760393.0,50.0,-0.6647586505343317
15214.0,760700.0,760443.0,50.0,-0.8354490727997528
15215.0,760750.0,760493.0,50.0,-0.7227134545562512
15216.0,760800.0,760543.0,50.0,-1.0794089261838387
15217.0,760850.0,760593.0,50.0,-0.9187956819681837
15218.0,760900.0,760643.0,50.0,-0.6266307882367743
15219.0,760950.0,760693.0,50.0,-0.9277156531565288
15220.0,761000.0,760743.0,50.0,-0.9196615782390598
15221.0,761050.0,760793.0,50.0,-0.6821589502319864
15222.0,761100.0,760843.0,50.0,-0.62983365000361
15223.0,761150.0,760893.0,50.0,-0.7703143315509612
15224.0,761200.0,760943.0,50.0,-1.648986846658759
15225.0,761250.0,760993.0,50.0,-1.3517489316512963
15226.0,761300.0,761043.0,50.0,-1.542633938656533
15227.0,761350.0,761093.0,50.0,-0.5285984354234208
15228.0,761400.0,761143.0,50.0,-0.7231398073987029
15229.0,761450.0,761193.0,50.0,-1.195688488894221
15230.0,761500.0,761243.0,50.0,-1.5771532458558297
15231.0,761550.0,761293.0,50.0,-1.7281451261060916
15232.0,761600.0,761343.0,50.0,-0.8803398319916997
15233.0,761650.0,761393.0,50.0,-1.3064859863176324
15234.0,761700.0,761443.0,50.0,-0.5856433595323661
15235.0,761750.0,761493.0,50.0,-0.9804294671477725
15236.0,761800.0,761543.0,50.0,-0.904846009289497
15237.0,761850.0,761593.0,50.0,-0.9005798954157552
15238.0,761900.0,761643.0,50.0,-1.1418861786926822
15239.0,761950.0,761693.0,50.0,-0.984698598065877
15240.0,762000.0,761743.0,50.0,-1.5101752753152924
15241.0,762050.0,761793.0,50.0,-0.938385467330172
15242.0,762100.0,761843.0,50.0,-0.9877245968843426
15243.0,762150.0,761893.0,50.0,-1.0321614136741943
15244.0,762200.0,761943.0,50.0,-1.199174979369965
15245.0,762250.0,761993.0,50.0,-0.6952836156369078
15246.0,762300.0,762043.0,50.0,-0.7570675868105494
15247.0,762350.0,762093.0,50.0,-2.195437220724592
15248.0,762400.0,762143.0,50.0,-0.7611685685485645
15249.0,762450.0,762193.0,50.0,-1.9136947672609972
15250.0,762500.0,762243.0,50.0,-0.8297067185742699
15251.0,762550.0,762293.0,50.0,-0.6025793757943789
15252.0,762600.0,762343.0,50.0,-1.3949372897951064
15253.0,762650.0,762393.0,50.0,-0.3865346325190901
15254.0,762700.0,762443.0,50.0,-0.8933389829602041
15255.0,762750.0,762493.0,50.0,-0.6835661398936644
15256.0,762800.0,762543.0,50.0,-0.6657792191647188
15257.0,762850.0,762593.0,50.0,-0.8798230994831615
15258.0,762900.0,762643.0,50.0,-0.7034895472706245
15259.0,762950.0,762693.0,50.0,-0.5645195689695984
15260.0,763000.0,762743.0,50.0,-1.140477376715591
15261.0,763050.0,762793.0,50.0,-0.7047808801876496
15262.0,763100.0,762843.0,50.0,-1.2604935560227315
15263.0,763150.0,762893.0,50.0,-0.45942911443775125
15264.0,763200.0,762943.0,50.0,-0.8272414035594218
15265.0,763250.0,762993.0,50.0,-1.252118746992519
15266.0,763300.0,763043.0,50.0,-1.08602657101096
15267.0,763350.0,763093.0,50.0,-0.7398570387053296
15268.0,763400.0,763143.0,50.0,-1.0142893972272795
15269.0,763450.0,763193.0,50.0,-0.8163277132417406
15270.0,763500.0,763243.0,50.0,-1.220848260260791
15271.0,763550.0,763293.0,50.0,-1.0207132107617496
15272.0,763600.0,763343.0,50.0,-1.1695826194276235
15273.0,763650.0,763393.0,50.0,-0.948287399673492
15274.0,763700.0,763443.0,50.0,-0.9964192857091021
15275.0,763750.0,763493.0,50.0,-0.9488877982032431
15276.0,763800.0,763543.0,50.0,-1.3844318723237934
15277.0,763850.0,763593.0,50.0,-1.2654263306898847
15278.0,763900.0,763643.0,50.0,-0.783736775122913
15279.0,763950.0,763693.0,50.0,-1.2697295607309602
15280.0,764000.0,763743.0,50.0,-1.2968002704144306
15281.0,764050.0,763793.0,50.0,-0.655274617474377
15282.0,764100.0,763843.0,50.0,-0.9774699866720918
15283.0,764150.0,763893.0,50.0,-1.0035643236354528
15284.0,764200.0,763943.0,50.0,-0.8322750910387761
15285.0,764250.0,763993.0,50.0,-0.4237867038898936
15286.0,764300.0,764043.0,50.0,-1.1120491469759366
15287.0,764350.0,764093.0,50.0,-1.4723025029112846
15288.0,764400.0,764143.0,50.0,-1.1107411710368629
15289.0,764450.0,764193.0,50.0,-0.8039650549055563
15290.0,764500.0,764243.0,50.0,-0.5089336462406265
15291.0,764550.0,764293.0,50.0,-1.8185208135489779
15292.0,764600.0,764343.0,50.0,-1.3327189420144867
15293.0,764650.0,764393.0,50.0,-1.7810845109115903
15294.0,764700.0,764443.0,50.0,-0.867120768091211
15295.0,764750.0,764493.0,50.0,-1.0802428587549084
15296.0,764800.0,764543.0,50.0,-0.9863083175217072
15297.0,764850.0,764593.0,50.0,-1.3285734784788197
15298.0,764900.0,764643.0,50.0,-1.2915527916469374
15299.0,764950.0,764693.0,50.0,-1.1569702115114766
15300.0,765000.0,764743.0,50.0,-2.0925782442044447
15301.0,765050.0,764793.0,50.0,-1.5875910401086488
15302.0,765100.0,764843.0,50.0,-0.9701380899293223
15303.0,765150.0,764893.0,50.0,-0.9364862752023023
15304.0,765200.0,764943.0,50.0,-0.7162582621258791
15305.0,765250.0,764993.0,50.0,-1.1484782255623653
15306.0,765300.0,765043.0,50.0,-0.7468853296511688
15307.0,765350.0,765093.0,50.0,-1.1874233746344072
15308.0,765400.0,765143.0,50.0,-0.7462042924136472
15309.0,765450.0,765193.0,50.0,-0.8402358738182291
15310.0,765500.0,765243.0,50.0,-1.3385574252840422
15311.0,765550.0,765293.0,50.0,-1.1077893137097474
15312.0,765600.0,765343.0,50.0,-1.2447009197973755
15313.0,765650.0,765393.0,50.0,-0.9133859807964987
15314.0,765700.0,765443.0,50.0,-1.3557048888262497
15315.0,765750.0,765493.0,50.0,-0.6202631187570407
15316.0,765800.0,765543.0,50.0,-0.5212292990338118
15317.0,765850.0,765593.0,50.0,-1.9346827581681254
15318.0,765900.0,765643.0,50.0,-0.9652163752512019
15319.0,765950.0,765693.0,50.0,-0.8529431866399938
15320.0,766000.0,765743.0,50.0,-2.0836843207861717
15321.0,766050.0,765793.0,50.0,-0.7225017979066385
15322.0,766100.0,765843.0,50.0,-1.3196140625020347
15323.0,766150.0,765893.0,50.0,-1.0267102522439358
15324.0,766200.0,765943.0,50.0,-1.4029854290013897
15325.0,766250.0,765993.0,50.0,-0.9764403448183377
15326.0,766300.0,766043.0,50.0,-0.805849030090615
15327.0,766350.0,766093.0,50.0,-1.8675043418592692
15328.0,766400.0,766143.0,50.0,-0.5161054240845498
15329.0,766450.0,766193.0,50.0,-1.2112848169913908
15330.0,766500.0,766243.0,50.0,-1.5188110234166092
15331.0,766550.0,766293.0,50.0,-0.7184334453838471
15332.0,766600.0,766343.0,50.0,-1.3451634231629752
15333.0,766650.0,766393.0,50.0,-0.8511015080966466
15334.0,766700.0,766443.0,50.0,-1.059960646691222
15335.0,766750.0,766493.0,50.0,-0.9962500179219173
15336.0,766800.0,766543.0,50.0,-0.761637500691979
15337.0,766850.0,766593.0,50.0,-1.1307825056528973
15338.0,766900.0,766643.0,50.0,-1.193277967303819
15339.0,766950.0,766693.0,50.0,-1.166133091055533
15340.0,767000.0,766743.0,50.0,-1.4529920066901294
15341.0,767050.0,766793.0,50.0,-1.084753485492634
15342.0,767100.0,766843.0,50.0,-1.3014692189439068
15343.0,767150.0,766893.0,50.0,-0.6415830790396283
15344.0,767200.0,766943.0,50.0,-1.6962187477139654
15345.0,767250.0,766993.0,50.0,-0.9739779237820543
15346.0,767300.0,767043.0,50.0,-1.2224406045976983
15347.0,767350.0,767093.0,50.0,-0.6980218853862951
15348.0,767400.0,767143.0,50.0,-0.5274695209056551
15349.0,767450.0,767193.0,50.0,-0.8953731578084748
15350.0,767500.0,767243.0,50.0,-0.7817252443868425
15351.0,767550.0,767293.0,50.0,-0.6566007880562442
15352.0,767600.0,767343.0,50.0,-0.608884531699732
15353.0,767650.0,767393.0,50.0,-0.8641629530471588
15354.0,767700.0,767443.0,50.0,-0.6432515715226174
15355.0,767750.0,767493.0,50.0,-0.9693769723235665
15356.0,767800.0,767543.0,50.0,-1.7743199427162075
15357.0,767850.0,767593.0,50.0,-2.0637385712554956
15358.0,767900.0,767643.0,50.0,-1.273356810748216
15359.0,767950.0,767693.0,50.0,-0.7151658565370643
15360.0,768000.0,767743.0,50.0,-0.6420282181611935
15361.0,768050.0,767793.0,50.0,-1.1086819528806542
15362.0,768100.0,767843.0,50.0,-0.8738440469139007
15363.0,768150.0,767893.0,50.0,-0.8908577637139736
15364.0,768200.0,767943.0,50.0,-1.0469085048500242
15365.0,768250.0,767993.0,50.0,-2.572484469653487
15366.0,768300.0,768043.0,50.0,-0.9068605560989601
15367.0,768350.0,768093.0,50.0,-0.8470438760074535
15368.0,768400.0,768143.0,50.0,-0.6616557496215063
15369.0,768450.0,768193.0,50.0,-2.4739613140758805
15370.0,768500.0,768243.0,50.0,-1.053120989025912
15371.0,768550.0,768293.0,50.0,-1.055051291219155
15372.0,768600.0,768343.0,50.0,-0.99325359138362
15373.0,768650.0,768393.0,50.0,-1.7675886094529314
15374.0,768700.0,768443.0,50.0,-0.9278605702073651
15375.0,768750.0,768493.0,50.0,-1.45495978776815
15376.0,768800.0,768543.0,50.0,-0.6869013665464154
15377.0,768850.0,768593.0,50.0,-1.553774248702991
15378.0,768900.0,768643.0,50.0,-0.9338552926085348
15379.0,768950.0,768693.0,50.0,-0.7108263905699572
15380.0,769000.0,768743.0,50.0,-0.6114477137298489
15381.0,769050.0,768793.0,50.0,-0.8953720282087895
15382.0,769100.0,768843.0,50.0,-1.1587309689367573
15383.0,769150.0,768893.0,50.0,-0.6011453674675223
15384.0,769200.0,768943.0,50.0,-1.1165761970374457
15385.0,769250.0,768993.0,50.0,-1.0963657677462597
15386.0,769300.0,769043.0,50.0,-0.8477852606484101
15387.0,769350.0,769093.0,50.0,-1.6822189517741002
15388.0,769400.0,769143.0,50.0,-0.7316762892515039
15389.0,769450.0,769193.0,50.0,-0.9064684015965588
15390.0,769500.0,769243.0,50.0,-1.1921872795575132
15391.0,769550.0,769293.0,50.0,-1.8291983047607983
15392.0,769600.0,769343.0,50.0,-1.192761315449006
15393.0,769650.0,769393.0,50.0,-0.32871257241835583
15394.0,769700.0,769443.0,50.0,-1.3781599244187739
15395.0,769750.0,769493.0,50.0,-0.7515904512579228
15396.0,769800.0,769543.0,50.0,-0.8180328935729981
15397.0,769850.0,769593.0,50.0,-0.5744112652274264
15398.0,769900.0,769643.0,50.0,-1.5046108486950367
15399.0,769950.0,769693.0,50.0,-0.934386000961967
15400.0,770000.0,769743.0,50.0,-0.8060007825249408
15401.0,770050.0,769793.0,50.0,-1.2764872191126306
15402.0,770100.0,769843.0,50.0,-1.0797954472910665
15403.0,770150.0,769893.0,50.0,-1.42257184033822
15404.0,770200.0,769943.0,50.0,-0.629255028061681
15405.0,770250.0,769993.0,50.0,-1.3926413119489525
15406.0,770300.0,770043.0,50.0,-1.1790284831225544
15407.0,770350.0,770093.0,50.0,-0.7938149312899037
15408.0,770400.0,770143.0,50.0,-0.8483584520031102
15409.0,770450.0,770193.0,50.0,-1.2894756449803355
15410.0,770500.0,770243.0,50.0,-0.8854600459820382
15411.0,770550.0,770293.0,50.0,-1.5188658997625695
15412.0,770600.0,770343.0,50.0,-1.4978716754603318
15413.0,770650.0,770393.0,50.0,-0.6187463305871211
15414.0,770700.0,770443.0,50.0,-0.7961938837174182
15415.0,770750.0,770493.0,50.0,-0.7131070679767281
15416.0,770800.0,770543.0,50.0,-0.5536028321501955
15417.0,770850.0,770593.0,50.0,-1.2728489999454047
15418.0,770900.0,770643.0,50.0,-1.1092006309428506
15419.0,770950.0,770693.0,50.0,-0.9217762446343233
15420.0,771000.0,770743.0,50.0,-1.056892919362547
15421.0,771050.0,770793.0,50.0,-1.3481358337511102
15422.0,771100.0,770843.0,50.0,-0.7375890059886074
15423.0,771150.0,770893.0,50.0,-1.309516428625467
15424.0,771200.0,770943.0,50.0,-1.5474679603131003
15425.0,771250.0,770993.0,50.0,-0.8065067081289067
15426.0,771300.0,771043.0,50.0,-0.6670455181717776
15427.0,771350.0,771093.0,50.0,-0.6276638848026046
15428.0,771400.0,771143.0,50.0,-0.6946012644607744
15429.0,771450.0,771193.0,50.0,-0.9529352302942248
15430.0,771500.0,771243.0,50.0,-1.4817699486118179
15431.0,771550.0,771293.0,50.0,-0.8276426184745922
15432.0,771600.0,771343.0,50.0,-1.0862417325121125
15433.0,771650.0,771393.0,50.0,-1.0233929300863283
15434.0,771700.0,771443.0,50.0,-1.022665944895503
15435.0,771750.0,771493.0,50.0,-2.696508007611748
15436.0,771800.0,771543.0,50.0,-0.8691235768567354
15437.0,771850.0,771593.0,50.0,-0.8271977380968325
15438.0,771900.0,771643.0,50.0,-1.468694744570164
15439.0,771950.0,771693.0,50.0,-0.830182462115205
15440.0,772000.0,771743.0,50.0,-0.4166049685499627
15441.0,772050.0,771793.0,50.0,-1.329701797318766
15442.0,772100.0,771843.0,50.0,-1.887570129832098
15443.0,772150.0,771893.0,50.0,-0.7445483138568836
15444.0,772200.0,771943.0,50.0,-0.7200373320416616
15445.0,772250.0,771993.0,50.0,-0.6138950140816665
15446.0,772300.0,772043.0,50.0,-0.7434504291722206
15447.0,772350.0,772093.0,50.0,-0.6031691329464685
15448.0,772400.0,772143.0,50.0,-0.7698024219999788
15449.0,772450.0,772193.0,50.0,-0.6007210067927689
15450.0,772500.0,772243.0,50.0,-0.8540892034981673
15451.0,772550.0,772293.0,50.0,-1.1208788114129242
15452.0,772600.0,772343.0,50.0,-1.0591994047728408
15453.0,772650.0,772393.0,50.0,-0.687147099956273
15454.0,772700.0,772443.0,50.0,-1.2870142551088475
15455.0,772750.0,772493.0,50.0,-0.7295542519156054
15456.0,772800.0,772543.0,50.0,-1.6477962766975878
15457.0,772850.0,772593.0,50.0,-0.727305564098827
15458.0,772900.0,772643.0,50.0,-0.7076088760017976
15459.0,772950.0,772693.0,50.0,-1.0858383327763201
15460.0,773000.0,772743.0,50.0,-0.6817461034797352
15461.0,773050.0,772793.0,50.0,-0.8474373376058757
15462.0,773100.0,772843.0,50.0,-0.7592719612571812
15463.0,773150.0,772893.0,50.0,-0.4596000323428436
15464.0,773200.0,772943.0,50.0,-1.6609971390109277
15465.0,773250.0,772993.0,50.0,-0.6350622831515376
15466.0,773300.0,773043.0,50.0,-0.8354550212212891
15467.0,773350.0,773093.0,50.0,-0.8198155310961008
15468.0,773400.0,773143.0,50.0,-1.5870190575017036
15469.0,773450.0,773193.0,50.0,-1.063413959173671
15470.0,773500.0,773243.0,50.0,-1.7556121988446516
15471.0,773550.0,773293.0,50.0,-0.8975317999485204
15472.0,773600.0,773343.0,50.0,-0.8528490172823815
15473.0,773650.0,773393.0,50.0,-1.7766802157215615
15474.0,773700.0,773443.0,50.0,-0.8393695852310138
15475.0,773750.0,773493.0,50.0,-1.0252923670004228
15476.0,773800.0,773543.0,50.0,-0.9294050629493739
15477.0,773850.0,773593.0,50.0,-0.7480952435174205
15478.0,773900.0,773643.0,50.0,-1.058640260604663
15479.0,773950.0,773693.0,50.0,-0.6791970481923006
15480.0,774000.0,773743.0,50.0,-0.7616055744017939
15481.0,774050.0,773793.0,50.0,-0.9481784133498833
15482.0,774100.0,773843.0,50.0,-0.5378242340866032
15483.0,774150.0,773893.0,50.0,-0.509346055347625
15484.0,774200.0,773943.0,50.0,-0.8270801726207739
15485.0,774250.0,773993.0,50.0,-1.760385461178464
15486.0,774300.0,774043.0,50.0,-1.1227939996469585
15487.0,774350.0,774093.0,50.0,-0.65380489379263
15488.0,774400.0,774143.0,50.0,-0.9543515376071375
15489.0,774450.0,774193.0,50.0,-0.6915772646353153
15490.0,774500.0,774243.0,50.0,-0.6212659639183261
15491.0,774550.0,774293.0,50.0,-1.086343259166196
15492.0,774600.0,774343.0,50.0,-0.6859649588784971
15493.0,774650.0,774393.0,50.0,-0.9409664645083886
15494.0,774700.0,774443.0,50.0,-0.7636687311896811
15495.0,774750.0,774493.0,50.0,-0.4992291771776265
15496.0,774800.0,774543.0,50.0,-1.092867796153396
15497.0,774850.0,774593.0,50.0,-2.554357515526961
15498.0,774900.0,774643.0,50.0,-0.5607419285207128
15499.0,774950.0,774693.0,50.0,-0.8677362895419173
15500.0,775000.0,774743.0,50.0,-0.7038187215257673
15501.0,775050.0,774793.0,50.0,-1.8317276638109232
15502.0,775100.0,774843.0,50.0,-0.9527037968159547
15503.0,775150.0,774893.0,50.0,-0.7967417452461483
15504.0,775200.0,774943.0,50.0,-1.8711432453694696
15505.0,775250.0,774993.0,50.0,-0.7051633898755904
15506.0,775300.0,775043.0,50.0,-0.77422458184819
15507.0,775350.0,775093.0,50.0,-1.3166302470678313
15508.0,775400.0,775143.0,50.0,-0.653557113438775
15509.0,775450.0,775193.0,50.0,-0.6399631434367158
15510.0,775500.0,775243.0,50.0,-0.896938581820705
15511.0,775550.0,775293.0,50.0,-1.7836575349207633
15512.0,775600.0,775343.0,50.0,-0.7876801541839793
15513.0,775650.0,775393.0,50.0,-1.3565805088866216
15514.0,775700.0,775443.0,50.0,-0.6323715140073698
15515.0,775750.0,775493.0,50.0,-0.7200199766597352
15516.0,775800.0,775543.0,50.0,-0.6358241414060579
15517.0,775850.0,775593.0,50.0,-1.364453603782593
15518.0,775900.0,775643.0,50.0,-0.4805613418284125
15519.0,775950.0,775693.0,50.0,-0.4857196859715905
15520.0,776000.0,775743.0,50.0,-1.0764453737100446
15521.0,776050.0,775793.0,50.0,-0.7518515777764126
15522.0,776100.0,775843.0,50.0,-0.853179813682059
15523.0,776150.0,775893.0,50.0,-0.8179762535328652
15524.0,776200.0,775943.0,50.0,-0.662432263865562
15525.0,776250.0,775993.0,50.0,-1.2448955691980668
15526.0,776300.0,776043.0,50.0,-0.7743825353890597
15527.0,776350.0,776093.0,50.0,-0.908009133610129
15528.0,776400.0,776143.0,50.0,-1.2808854779567034
15529.0,776450.0,776193.0,50.0,-0.8412033250156351
15530.0,776500.0,776243.0,50.0,-0.8718759117914674
15531.0,776550.0,776293.0,50.0,-1.0039936116302683
15532.0,776600.0,776343.0,50.0,-1.3272317109171459
15533.0,776650.0,776393.0,50.0,-1.4119961732713766
15534.0,776700.0,776443.0,50.0,-0.5380385789077767
15535.0,776750.0,776493.0,50.0,-1.0341751611450958
15536.0,776800.0,776543.0,50.0,-1.291463302224884
15537.0,776850.0,776593.0,50.0,-1.2252216136539196
15538.0,776900.0,776643.0,50.0,-0.967702813758227
15539.0,776950.0,776693.0,50.0,-1.2710338980935796
15540.0,777000.0,776743.0,50.0,-0.8851148161197835
15541.0,777050.0,776793.0,50.0,-0.6568782225597916
15542.0,777100.0,776843.0,50.0,-1.0200999250602554
15543.0,777150.0,776893.0,50.0,-0.47025003900766693
15544.0,777200.0,776943.0,50.0,-1.0973289421129422
15545.0,777250.0,776993.0,50.0,-0.6616961567363184
15546.0,777300.0,777043.0,50.0,-0.8263974351822713
15547.0,777350.0,777093.0,50.0,-0.692752161741562
15548.0,777400.0,777143.0,50.0,-0.7646375595538732
15549.0,777450.0,777193.0,50.0,-0.680557022935116
15550.0,777500.0,777243.0,50.0,-1.7947312524829897
15551.0,777550.0,777293.0,50.0,-0.5834590286003276
15552.0,777600.0,777343.0,50.0,-0.6072435508002496
15553.0,777650.0,777393.0,50.0,-0.7012560901397719
15554.0,777700.0,777443.0,50.0,-1.0728031963712947
15555.0,777750.0,777493.0,50.0,-0.8741342732874343
15556.0,777800.0,777543.0,50.0,-0.8250397961426887
15557.0,777850.0,777593.0,50.0,-1.6245976043809278
15558.0,777900.0,777643.0,50.0,-0.6262944235269239
15559.0,777950.0,777693.0,50.0,-1.297750443230155
15560.0,778000.0,777743.0,50.0,-0.5779003790408661
15561.0,778050.0,777793.0,50.0,-1.8732112864287713
15562.0,778100.0,777843.0,50.0,-1.9724540090731204
15563.0,778150.0,777893.0,50.0,-0.741021040625841
15564.0,778200.0,777943.0,50.0,-1.2019970733233523
15565.0,778250.0,777993.0,50.0,-1.0624439842453708
15566.0,778300.0,778043.0,50.0,-0.9254845741141742
15567.0,778350.0,778093.0,50.0,-1.0338890051045415
15568.0,778400.0,778143.0,50.0,-1.5230009529154114
15569.0,778450.0,778193.0,50.0,-1.1200874675551684
15570.0,778500.0,778243.0,50.0,-0.5569587722684175
15571.0,778550.0,778293.0,50.0,-0.7360208482545354
15572.0,778600.0,778343.0,50.0,-1.0124373986781658
15573.0,778650.0,778393.0,50.0,-1.188843684289321
15574.0,778700.0,778443.0,50.0,-0.9681610473220715
15575.0,778750.0,778493.0,50.0,-0.979782507612338
15576.0,778800.0,778543.0,50.0,-1.0135305351861914
15577.0,778850.0,778593.0,50.0,-1.0154931989333937
15578.0,778900.0,778643.0,50.0,-0.706303265615712
15579.0,778950.0,778693.0,50.0,-1.442696101063614
15580.0,779000.0,778743.0,50.0,-1.479222589302634
15581.0,779050.0,778793.0,50.0,-1.5392508223719727
15582.0,779100.0,778843.0,50.0,-1.761544319195415
15583.0,779150.0,778893.0,50.0,-0.7480765889578678
15584.0,779200.0,778943.0,50.0,-0.7474580283564273
15585.0,779250.0,778993.0,50.0,-1.393346399371541
15586.0,779300.0,779043.0,50.0,-1.0897614703595837
15587.0,779350.0,779093.0,50.0,-0.720138413731946
15588.0,779400.0,779143.0,50.0,-0.7736332524105594
15589.0,779450.0,779193.0,50.0,-0.8726168064541874
15590.0,779500.0,779243.0,50.0,-0.956053287497092
15591.0,779550.0,779293.0,50.0,-0.6905436234856164
15592.0,779600.0,779343.0,50.0,-1.6630874266501332
15593.0,779650.0,779393.0,50.0,-0.9204500992553544
15594.0,779700.0,779443.0,50.0,-1.097606409621943
15595.0,779750.0,779493.0,50.0,-0.606960581571436
15596.0,779800.0,779543.0,50.0,-0.6477283690244952
15597.0,779850.0,779593.0,50.0,-1.410662223502164
15598.0,779900.0,779643.0,50.0,-1.3532304433194096
15599.0,779950.0,779693.0,50.0,-0.5273792777070424
15600.0,780000.0,779743.0,50.0,-0.7366024728630121
15601.0,780050.0,779793.0,50.0,-1.4986348110254706
15602.0,780100.0,779843.0,50.0,-1.779732726285788
15603.0,780150.0,779893.0,50.0,-0.5330693684831433
15604.0,780200.0,779943.0,50.0,-0.9535509383651003
15605.0,780250.0,779993.0,50.0,-0.9551182701794391
15606.0,780300.0,780043.0,50.0,-1.2924156364677644
15607.0,780350.0,780093.0,50.0,-0.7766641128459374
15608.0,780400.0,780143.0,50.0,-0.9334180480681892
15609.0,780450.0,780193.0,50.0,-1.5393142976275818
15610.0,780500.0,780243.0,50.0,-0.5983332836324307
15611.0,780550.0,780293.0,50.0,-0.6627953769400177
15612.0,780600.0,780343.0,50.0,-0.7494796562200343
15613.0,780650.0,780393.0,50.0,-0.9682348647956968
15614.0,780700.0,780443.0,50.0,-1.382528314331299
15615.0,780750.0,780493.0,50.0,-0.9515624489058001
15616.0,780800.0,780543.0,50.0,-0.9281729681114971
15617.0,780850.0,780593.0,50.0,-0.9275912610493635
15618.0,780900.0,780643.0,50.0,-1.1341914294840882
15619.0,780950.0,780693.0,50.0,-1.7637498284238569
15620.0,781000.0,780743.0,50.0,-0.574707561432691
15621.0,781050.0,780793.0,50.0,-1.138366665604125
15622.0,781100.0,780843.0,50.0,-0.766557467169937
15623.0,781150.0,780893.0,50.0,-0.6243453107429173
15624.0,781200.0,780943.0,50.0,-0.529954064285799
15625.0,781250.0,780993.0,50.0,-0.4809886288979196
15626.0,781300.0,781043.0,50.0,-1.3191584285161946
15627.0,781350.0,781093.0,50.0,-1.368705500661088
15628.0,781400.0,781143.0,50.0,-0.7486998092215624
15629.0,781450.0,781193.0,50.0,-0.8464653965441057
15630.0,781500.0,781243.0,50.0,-0.7656338547609839
15631.0,781550.0,781293.0,50.0,-1.6727197263954914
15632.0,781600.0,781343.0,50.0,-1.3118216486764127
15633.0,781650.0,781393.0,50.0,-1.507869349113419
15634.0,781700.0,781443.0,50.0,-2.410106457306592
15635.0,781750.0,781493.0,50.0,-1.0759933495292775
15636.0,781800.0,781543.0,50.0,-0.8960630388244044
15637.0,781850.0,781593.0,50.0,-1.6529627163944434
15638.0,781900.0,781643.0,50.0,-1.2114821278844798
15639.0,781950.0,781693.0,50.0,-1.453184594961583
15640.0,782000.0,781743.0,50.0,-0.5892356365151411
15641.0,782050.0,781793.0,50.0,-0.5374894914504509
15642.0,782100.0,781843.0,50.0,-0.8725350950429127
15643.0,782150.0,781893.0,50.0,-0.8199188365390193
15644.0,782200.0,781943.0,50.0,-0.9380770509969305
15645.0,782250.0,781993.0,50.0,-0.6967200287644029
15646.0,782300.0,782043.0,50.0,-0.9971512820295909
15647.0,782350.0,782093.0,50.0,-0.7191123303333363
15648.0,782400.0,782143.0,50.0,-1.4078848939347222
15649.0,782450.0,782193.0,50.0,-0.7681597353426869
15650.0,782500.0,782243.0,50.0,-0.5797414755130864
15651.0,782550.0,782293.0,50.0,-0.536085197041337
15652.0,782600.0,782343.0,50.0,-0.8873157091978001
15653.0,782650.0,782393.0,50.0,-0.7535924542672663
15654.0,782700.0,782443.0,50.0,-0.5402249512055386
15655.0,782750.0,782493.0,50.0,-1.5833647994552995
15656.0,782800.0,782543.0,50.0,-1.6842909737817997
15657.0,782850.0,782593.0,50.0,-1.1358829909224735
15658.0,782900.0,782643.0,50.0,-0.678910929340057
15659.0,782950.0,782693.0,50.0,-1.2154359562214634
15660.0,783000.0,782743.0,50.0,-0.6371408101625087
15661.0,783050.0,782793.0,50.0,-1.1227676034316578
15662.0,783100.0,782843.0,50.0,-1.0301667285770926
15663.0,783150.0,782893.0,50.0,-1.1362612832428174
15664.0,783200.0,782943.0,50.0,-1.2471122011266371
15665.0,783250.0,782993.0,50.0,-0.923751760364622
15666.0,783300.0,783043.0,50.0,-0.6123966527632643
15667.0,783350.0,783093.0,50.0,-0.9278581630090115
15668.0,783400.0,783143.0,50.0,-1.306195724828511
15669.0,783450.0,783193.0,50.0,-0.7615472269841189
15670.0,783500.0,783243.0,50.0,-0.9441438910871205
15671.0,783550.0,783293.0,50.0,-0.594248540670393
15672.0,783600.0,783343.0,50.0,-0.9327661773609811
15673.0,783650.0,783393.0,50.0,-1.7869285027934994
15674.0,783700.0,783443.0,50.0,-1.3542405613623278
15675.0,783750.0,783493.0,50.0,-1.0385433131592994
15676.0,783800.0,783543.0,50.0,-1.0290045752653607
15677.0,783850.0,783593.0,50.0,-0.9686179304519354
15678.0,783900.0,783643.0,50.0,-0.6763232085985805
15679.0,783950.0,783693.0,50.0,-0.5133804042082615
15680.0,784000.0,783743.0,50.0,-1.510315460812888
15681.0,784050.0,783793.0,50.0,-1.0579967880771801
15682.0,784100.0,783843.0,50.0,-0.8772149792013463
15683.0,784150.0,783893.0,50.0,-0.6231741750712243
15684.0,784200.0,783943.0,50.0,-1.10995628726568
15685.0,784250.0,783993.0,50.0,-0.702792817614737
15686.0,784300.0,784043.0,50.0,-1.8671202753792895
15687.0,784350.0,784093.0,50.0,-1.0140115781191117
15688.0,784400.0,784143.0,50.0,-0.7728652960324912
15689.0,784450.0,784193.0,50.0,-0.8421851286402766
15690.0,784500.0,784243.0,50.0,-1.7614451566471727
15691.0,784550.0,784293.0,50.0,-0.7851024515289224
15692.0,784600.0,784343.0,50.0,-0.6444202918142625
15693.0,784650.0,784393.0,50.0,-0.549370650723739
15694.0,784700.0,784443.0,50.0,-0.9664234813916821
15695.0,784750.0,784493.0,50.0,-0.7425729712906415
15696.0,784800.0,784543.0,50.0,-1.3067073834924616
15697.0,784850.0,784593.0,50.0,-1.2347535909767668
15698.0,784900.0,784643.0,50.0,-1.8551279532190386
15699.0,784950.0,784693.0,50.0,-0.7510410144965182
15700.0,785000.0,784743.0,50.0,-0.4165021190882381
15701.0,785050.0,784793.0,50.0,-0.7301625282110514
15702.0,785100.0,784843.0,50.0,-0.9508830235064523
15703.0,785150.0,784893.0,50.0,-1.2318969484813531
15704.0,785200.0,784943.0,50.0,-1.3382242330199852
15705.0,785250.0,784993.0,50.0,-0.7301915906973395
15706.0,785300.0,785043.0,50.0,-1.2493374080757411
15707.0,785350.0,785093.0,50.0,-0.7419170045197633
15708.0,785400.0,785143.0,50.0,-0.7022677405507712
15709.0,785450.0,785193.0,50.0,-1.053703544558684
15710.0,785500.0,785243.0,50.0,-1.594187945873301
15711.0,785550.0,785293.0,50.0,-1.2528117396706844
15712.0,785600.0,785343.0,50.0,-0.7792897973551455
15713.0,785650.0,785393.0,50.0,-0.9896693636745113
15714.0,785700.0,785443.0,50.0,-1.769570529858161
15715.0,785750.0,785493.0,50.0,-0.5229951087447977
15716.0,785800.0,785543.0,50.0,-0.8307076348603238
15717.0,785850.0,785593.0,50.0,-0.91280736855022
15718.0,785900.0,785643.0,50.0,-1.0956196046672295
15719.0,785950.0,785693.0,50.0,-0.6761223385620747
15720.0,786000.0,785743.0,50.0,-1.3565712205993856
15721.0,786050.0,785793.0,50.0,-1.2420795879406707
15722.0,786100.0,785843.0,50.0,-0.6293851537645436
15723.0,786150.0,785893.0,50.0,-1.197720263020497
15724.0,786200.0,785943.0,50.0,-0.5637949108688262
15725.0,786250.0,785993.0,50.0,-0.5416540018165747
15726.0,786300.0,786043.0,50.0,-0.5883947760646713
15727.0,786350.0,786093.0,50.0,-0.41484578937008176
15728.0,786400.0,786143.0,50.0,-1.8081586615490186
15729.0,786450.0,786193.0,50.0,-0.6265265580322683
15730.0,786500.0,786243.0,50.0,-1.1651803833214196
15731.0,786550.0,786293.0,50.0,-0.8204064988340103
15732.0,786600.0,786343.0,50.0,-1.6431909249516599
15733.0,786650.0,786393.0,50.0,-1.6486169947413563
15734.0,786700.0,786443.0,50.0,-1.324624138210021
15735.0,786750.0,786493.0,50.0,-0.46067562553574276
15736.0,786800.0,786543.0,50.0,-0.9442926613095876
15737.0,786850.0,786593.0,50.0,-0.5242314594318653
15738.0,786900.0,786643.0,50.0,-0.6544930119104178
15739.0,786950.0,786693.0,50.0,-0.6523622702002166
15740.0,787000.0,786743.0,50.0,-0.746150367559891
15741.0,787050.0,786793.0,50.0,-0.5224964497480141
15742.0,787100.0,786843.0,50.0,-0.8811524753216721
15743.0,787150.0,786893.0,50.0,-0.690418618606054
15744.0,787200.0,786943.0,50.0,-1.4467038190811736
15745.0,787250.0,786993.0,50.0,-0.7074601984848364
15746.0,787300.0,787043.0,50.0,-0.7717025412609282
15747.0,787350.0,787093.0,50.0,-1.0500279008094344
15748.0,787400.0,787143.0,50.0,-0.6977624129680255
15749.0,787450.0,787193.0,50.0,-1.5952348893474295
15750.0,787500.0,787243.0,50.0,-0.8066042600259424
15751.0,787550.0,787293.0,50.0,-0.8318798335071423
15752.0,787600.0,787343.0,50.0,-1.466524944879494
15753.0,787650.0,787393.0,50.0,-0.6045418531561058
15754.0,787700.0,787443.0,50.0,-0.7249792718342604
15755.0,787750.0,787493.0,50.0,-1.1230635963475428
15756.0,787800.0,787543.0,50.0,-0.5866748870813635
15757.0,787850.0,787593.0,50.0,-1.0969538177738043
15758.0,787900.0,787643.0,50.0,-0.9418654935714014
15759.0,787950.0,787693.0,50.0,-0.70626707954635
15760.0,788000.0,787743.0,50.0,-1.3518274649253736
15761.0,788050.0,787793.0,50.0,-1.055211596666671
15762.0,788100.0,787843.0,50.0,-1.379540690254933
15763.0,788150.0,787893.0,50.0,-2.5852301943737657
15764.0,788200.0,787943.0,50.0,-0.4707855590892503
15765.0,788250.0,787993.0,50.0,-0.6251114066612362
15766.0,788300.0,788043.0,50.0,-1.074430343652448
15767.0,788350.0,788093.0,50.0,-0.56517014279661
15768.0,788400.0,788143.0,50.0,-1.4355006972908726
15769.0,788450.0,788193.0,50.0,-1.4451224519216612
15770.0,788500.0,788243.0,50.0,-0.543436347398818
15771.0,788550.0,788293.0,50.0,-0.9444537128107299
15772.0,788600.0,788343.0,50.0,-0.6852597022693779
15773.0,788650.0,788393.0,50.0,-0.6562458568070864
15774.0,788700.0,788443.0,50.0,-1.2896984097759832
15775.0,788750.0,788493.0,50.0,-1.7564386968064414
15776.0,788800.0,788543.0,50.0,-0.8604549955060643
15777.0,788850.0,788593.0,50.0,-0.5493697232634672
15778.0,788900.0,788643.0,50.0,-1.8395398839797448
15779.0,788950.0,788693.0,50.0,-1.0655676629784272
15780.0,789000.0,788743.0,50.0,-0.9782189162756401
15781.0,789050.0,788793.0,50.0,-1.0168058071922152
15782.0,789100.0,788843.0,50.0,-0.9519883862628752
15783.0,789150.0,788893.0,50.0,-0.5444687900693723
15784.0,789200.0,788943.0,50.0,-1.1625427375220643
15785.0,789250.0,788993.0,50.0,-1.0968426240776958
15786.0,789300.0,789043.0,50.0,-1.1055431539348972
15787.0,789350.0,789093.0,50.0,-0.589732334536157
15788.0,789400.0,789143.0,50.0,-0.7042299814770249
15789.0,789450.0,789193.0,50.0,-0.7074396131223297
15790.0,789500.0,789243.0,50.0,-0.6637300000346561
15791.0,789550.0,789293.0,50.0,-1.0514357677585413
15792.0,789600.0,789343.0,50.0,-0.7563623952144565
15793.0,789650.0,789393.0,50.0,-0.6919319097380575
15794.0,789700.0,789443.0,50.0,-0.7394690776018993
15795.0,789750.0,789493.0,50.0,-0.9713194761229594
15796.0,789800.0,789543.0,50.0,-0.7733096435213213
15797.0,789850.0,789593.0,50.0,-1.1660404799754052
15798.0,789900.0,789643.0,50.0,-1.5078248776957772
15799.0,789950.0,789693.0,50.0,-1.043213713610641
15800.0,790000.0,789743.0,50.0,-0.644898807895087
15801.0,790050.0,789793.0,50.0,-1.5170839481838367
15802.0,790100.0,789843.0,50.0,-0.7311872573850836
15803.0,790150.0,789893.0,50.0,-1.4599752158560977
15804.0,790200.0,789943.0,50.0,-0.6916155491550974
15805.0,790250.0,789993.0,50.0,-1.1958051394454299
15806.0,790300.0,790043.0,50.0,-2.357363666615099
15807.0,790350.0,790093.0,50.0,-1.6250118468738424
15808.0,790400.0,790143.0,50.0,-1.2939794971194063
15809.0,790450.0,790193.0,50.0,-2.3306802328142693
15810.0,790500.0,790243.0,50.0,-1.1009302803337437
15811.0,790550.0,790293.0,50.0,-1.0543151437732479
15812.0,790600.0,790343.0,50.0,-1.4147412259358358
15813.0,790650.0,790393.0,50.0,-0.6637345642832568
15814.0,790700.0,790443.0,50.0,-0.5397389156513807
15815.0,790750.0,790493.0,50.0,-1.5303446772959353
15816.0,790800.0,790543.0,50.0,-0.6234932165148842
15817.0,790850.0,790593.0,50.0,-0.8714643123814232
15818.0,790900.0,790643.0,50.0,-1.2629577929834042
15819.0,790950.0,790693.0,50.0,-0.5543265117452058
15820.0,791000.0,790743.0,50.0,-0.933360780975708
15821.0,791050.0,790793.0,50.0,-0.960955712618143
15822.0,791100.0,790843.0,50.0,-1.0085970697011357
15823.0,791150.0,790893.0,50.0,-0.6642210972556865
15824.0,791200.0,790943.0,50.0,-1.3600240027432609
15825.0,791250.0,790993.0,50.0,-0.6909765645088245
15826.0,791300.0,791043.0,50.0,-1.532448045552818
15827.0,791350.0,791093.0,50.0,-1.3172526338488932
15828.0,791400.0,791143.0,50.0,-0.6089836432723885
15829.0,791450.0,791193.0,50.0,-0.7084049640597571
15830.0,791500.0,791243.0,50.0,-1.3782051786380054
15831.0,791550.0,791293.0,50.0,-0.716981325429796
15832.0,791600.0,791343.0,50.0,-0.49100647596100405
15833.0,791650.0,791393.0,50.0,-0.6625045330965329
15834.0,791700.0,791443.0,50.0,-0.7510411447625245
15835.0,791750.0,791493.0,50.0,-0.6224931333023176
15836.0,791800.0,791543.0,50.0,-1.3648816452741637
15837.0,791850.0,791593.0,50.0,-1.4147658181701352
15838.0,791900.0,791643.0,50.0,-1.1945856132025316
15839.0,791950.0,791693.0,50.0,-1.7823642174127334
15840.0,792000.0,791743.0,50.0,-0.8620065031156713
15841.0,792050.0,791793.0,50.0,-0.8022838217884616
15842.0,792100.0,791843.0,50.0,-0.5681832376014067
15843.0,792150.0,791893.0,50.0,-1.033880180246514
15844.0,792200.0,791943.0,50.0,-0.9203162817233451
15845.0,792250.0,791993.0,50.0,-0.7427771719008885
15846.0,792300.0,792043.0,50.0,-0.7402269246271793
15847.0,792350.0,792093.0,50.0,-1.0678513009754904
15848.0,792400.0,792143.0,50.0,-0.6348868738390715
15849.0,792450.0,792193.0,50.0,-0.5170321991210235
15850.0,792500.0,792243.0,50.0,-1.467550337037553
15851.0,792550.0,792293.0,50.0,-0.8808274412625723
15852.0,792600.0,792343.0,50.0,-0.7159638904169461
15853.0,792650.0,792393.0,50.0,-0.6155707695076419
15854.0,792700.0,792443.0,50.0,-0.8403860792435399
15855.0,792750.0,792493.0,50.0,-1.654981409171363
15856.0,792800.0,792543.0,50.0,-3.12019768214301
15857.0,792850.0,792593.0,50.0,-1.1446135545537575
15858.0,792900.0,792643.0,50.0,-0.7641792179717484
15859.0,792950.0,792693.0,50.0,-1.1052353257631133
15860.0,793000.0,792743.0,50.0,-0.6475057723983851
15861.0,793050.0,792793.0,50.0,-1.310161871920446
15862.0,793100.0,792843.0,50.0,-2.36506164963834
15863.0,793150.0,792893.0,50.0,-0.4972662819108027
15864.0,793200.0,792943.0,50.0,-0.731877654902803
15865.0,793250.0,792993.0,50.0,-1.2093752892951655
15866.0,793300.0,793043.0,50.0,-0.5312084632945071
15867.0,793350.0,793093.0,50.0,-1.245575802711114
15868.0,793400.0,793143.0,50.0,-1.5107333038162072
15869.0,793450.0,793193.0,50.0,-0.5827362438718707
15870.0,793500.0,793243.0,50.0,-0.8673148326872443
15871.0,793550.0,793293.0,50.0,-0.9173715957774268
15872.0,793600.0,793343.0,50.0,-1.8692834446381719
15873.0,793650.0,793393.0,50.0,-1.3532652695182767
15874.0,793700.0,793443.0,50.0,-1.034773002886927
15875.0,793750.0,793493.0,50.0,-0.9090343045568391
15876.0,793800.0,793543.0,50.0,-1.1699566896690583
15877.0,793850.0,793593.0,50.0,-1.4126315997087155
15878.0,793900.0,793643.0,50.0,-1.0651500425865594
15879.0,793950.0,793693.0,50.0,-1.2184788481893587
15880.0,794000.0,793743.0,50.0,-0.9287098182235572
15881.0,794050.0,793793.0,50.0,-0.7946811249344417
15882.0,794100.0,793843.0,50.0,-0.8431127384938133
15883.0,794150.0,793893.0,50.0,-1.0157398812813963
15884.0,794200.0,793943.0,50.0,-0.7516532988647155
15885.0,794250.0,793993.0,50.0,-1.2977502415396547
15886.0,794300.0,794043.0,50.0,-0.6971544808004296
15887.0,794350.0,794093.0,50.0,-0.6436817946475457
15888.0,794400.0,794143.0,50.0,-0.5594177473151377
15889.0,794450.0,794193.0,50.0,-0.5605477270794622
15890.0,794500.0,794243.0,50.0,-1.0336854076728836
15891.0,794550.0,794293.0,50.0,-0.6382390457706488
15892.0,794600.0,794343.0,50.0,-1.0644554835420557
15893.0,794650.0,794393.0,50.0,-0.850561127436984
15894.0,794700.0,794443.0,50.0,-1.1787570397136253
15895.0,794750.0,794493.0,50.0,-0.7505488275926445
15896.0,794800.0,794543.0,50.0,-1.0981120870934014
15897.0,794850.0,794593.0,50.0,-0.8340535004508745
15898.0,794900.0,794643.0,50.0,-0.8375520781577873
15899.0,794950.0,794693.0,50.0,-1.254040375226864
15900.0,795000.0,794743.0,50.0,-0.8449946146438194
15901.0,795050.0,794793.0,50.0,-0.7514695069336884
15902.0,795100.0,794843.0,50.0,-0.6931463141179207
15903.0,795150.0,794893.0,50.0,-0.6113844035199989
15904.0,795200.0,794943.0,50.0,-0.7795617925015823
15905.0,795250.0,794993.0,50.0,-1.3799508143727783
15906.0,795300.0,795043.0,50.0,-0.6633307139960851
15907.0,795350.0,795093.0,50.0,-0.44685192418916947
15908.0,795400.0,795143.0,50.0,-0.8645341017259933
15909.0,795450.0,795193.0,50.0,-2.181595854582946
15910.0,795500.0,795243.0,50.0,-1.0360711017272288
15911.0,795550.0,795293.0,50.0,-0.9390505210464253
15912.0,795600.0,795343.0,50.0,-1.1660535081351027
15913.0,795650.0,795393.0,50.0,-0.8595381807257286
15914.0,795700.0,795443.0,50.0,-0.8174618303464128
15915.0,795750.0,795493.0,50.0,-1.546941128556941
15916.0,795800.0,795543.0,50.0,-1.190533651935449
15917.0,795850.0,795593.0,50.0,-1.227289720022337
15918.0,795900.0,795643.0,50.0,-1.5701371503653065
15919.0,795950.0,795693.0,50.0,-0.6538778623773958
15920.0,796000.0,795743.0,50.0,-0.5002757369957596
15921.0,796050.0,795793.0,50.0,-0.9476324467263875
15922.0,796100.0,795843.0,50.0,-1.1266851905904918
15923.0,796150.0,795893.0,50.0,-0.897579544490815
15924.0,796200.0,795943.0,50.0,-0.7327859449178954
15925.0,796250.0,795993.0,50.0,-1.2985684044763202
15926.0,796300.0,796043.0,50.0,-1.0882191456887036
15927.0,796350.0,796093.0,50.0,-0.8144881405878622
15928.0,796400.0,796143.0,50.0,-0.6382982750488901
15929.0,796450.0,796193.0,50.0,-0.9182396924462379
15930.0,796500.0,796243.0,50.0,-0.7859124813940885
15931.0,796550.0,796293.0,50.0,-0.6590913488948615
15932.0,796600.0,796343.0,50.0,-0.8024021890679554
15933.0,796650.0,796393.0,50.0,-1.3016982172139042
15934.0,796700.0,796443.0,50.0,-0.9458721100678783
15935.0,796750.0,796493.0,50.0,-1.0311449564341593
15936.0,796800.0,796543.0,50.0,-0.6655303098720089
15937.0,796850.0,796593.0,50.0,-1.4729843862977265
15938.0,796900.0,796643.0,50.0,-0.7442592936855698
15939.0,796950.0,796693.0,50.0,-0.5906089469407431
15940.0,797000.0,796743.0,50.0,-0.587506213969924
15941.0,797050.0,796793.0,50.0,-1.2450577176802686
15942.0,797100.0,796843.0,50.0,-0.5860693581557341
15943.0,797150.0,796893.0,50.0,-0.8595496511976881
15944.0,797200.0,796943.0,50.0,-1.0892569880726168
15945.0,797250.0,796993.0,50.0,-0.548704187176308
15946.0,797300.0,797043.0,50.0,-0.6215149895030645
15947.0,797350.0,797093.0,50.0,-1.4606267689455112
15948.0,797400.0,797143.0,50.0,-0.8269913555887841
15949.0,797450.0,797193.0,50.0,-0.7059616253326072
15950.0,797500.0,797243.0,50.0,-1.9385377041213068
15951.0,797550.0,797293.0,50.0,-1.8673852104207516
15952.0,797600.0,797343.0,50.0,-0.6008995602296362
15953.0,797650.0,797393.0,50.0,-0.8129110193844624
15954.0,797700.0,797443.0,50.0,-0.5812632073613213
15955.0,797750.0,797493.0,50.0,-1.4541629024171214
15956.0,797800.0,797543.0,50.0,-1.4874213756466408
15957.0,797850.0,797593.0,50.0,-0.45564319511295076
15958.0,797900.0,797643.0,50.0,-0.735685772962219
15959.0,797950.0,797693.0,50.0,-0.9108865368358385
15960.0,798000.0,797743.0,50.0,-0.5004364790659582
15961.0,798050.0,797793.0,50.0,-2.2466308237568695
15962.0,798100.0,797843.0,50.0,-1.1543588006871266
15963.0,798150.0,797893.0,50.0,-0.5216114815242053
15964.0,798200.0,797943.0,50.0,-1.1776105897646831
15965.0,798250.0,797993.0,50.0,-0.763973083856649
15966.0,798300.0,798043.0,50.0,-2.0456157232964167
15967.0,798350.0,798093.0,50.0,-1.1112978078471105
15968.0,798400.0,798143.0,50.0,-0.8419635082217192
15969.0,798450.0,798193.0,50.0,-1.4145225233296839
15970.0,798500.0,798243.0,50.0,-1.1729959292891003
15971.0,798550.0,798293.0,50.0,-1.5741213751760577
15972.0,798600.0,798343.0,50.0,-1.097365077086715
15973.0,798650.0,798393.0,50.0,-1.203249199697556
15974.0,798700.0,798443.0,50.0,-1.141944713866107
15975.0,798750.0,798493.0,50.0,-0.5801536916901349
15976.0,798800.0,798543.0,50.0,-0.7587343403390003
15977.0,798850.0,798593.0,50.0,-0.6410052021673803
15978.0,798900.0,798643.0,50.0,-0.561017138736836
15979.0,798950.0,798693.0,50.0,-0.9392977780874232
15980.0,799000.0,798743.0,50.0,-1.0608143402821488
15981.0,799050.0,798793.0,50.0,-0.6720778274554349
15982.0,799100.0,798843.0,50.0,-1.902659124926088
15983.0,799150.0,798893.0,50.0,-1.192321082020314
15984.0,799200.0,798943.0,50.0,-0.5052878195166728
15985.0,799250.0,798993.0,50.0,-0.8474394776280698
15986.0,799300.0,799043.0,50.0,-0.7320910590601282
15987.0,799350.0,799093.0,50.0,-0.8441083504913894
15988.0,799400.0,799143.0,50.0,-0.7271041335723952
15989.0,799450.0,799193.0,50.0,-0.6385609668777935
15990.0,799500.0,799243.0,50.0,-1.1455880275428258
15991.0,799550.0,799293.0,50.0,-0.5867243678567662
15992.0,799600.0,799343.0,50.0,-1.7314392769972957
15993.0,799650.0,799393.0,50.0,-1.0223395857510682
15994.0,799700.0,799443.0,50.0,-0.9230015917798455
15995.0,799750.0,799493.0,50.0,-1.1188176420217548
15996.0,799800.0,799543.0,50.0,-0.44851153718042064
15997.0,799850.0,799593.0,50.0,-1.677699944332691
15998.0,799900.0,799643.0,50.0,-1.2634801658405594
15999.0,799950.0,799693.0,50.0,-0.617735280809885
16000.0,800000.0,799743.0,50.0,-0.8436398406318694
16001.0,800050.0,799793.0,50.0,-1.7174752879628203
16002.0,800100.0,799843.0,50.0,-0.9537496122810853
16003.0,800150.0,799893.0,50.0,-1.7421800124340905
16004.0,800200.0,799943.0,50.0,-1.64099511639766
16005.0,800250.0,799993.0,50.0,-0.7173727626858345
16006.0,800300.0,800043.0,50.0,-1.1416209684886633
16007.0,800350.0,800093.0,50.0,-0.5383533055066653
16008.0,800400.0,800143.0,50.0,-0.6537069410434959
16009.0,800450.0,800193.0,50.0,-1.9846980034547386
16010.0,800500.0,800243.0,50.0,-0.6774131341861246
16011.0,800550.0,800293.0,50.0,-0.6389879508441005
16012.0,800600.0,800343.0,50.0,-1.1863669932678211
16013.0,800650.0,800393.0,50.0,-1.3417601679293818
16014.0,800700.0,800443.0,50.0,-0.6433283868067691
16015.0,800750.0,800493.0,50.0,-0.7473025300247523
16016.0,800800.0,800543.0,50.0,-0.5703534540681318
16017.0,800850.0,800593.0,50.0,-1.171367549836415
16018.0,800900.0,800643.0,50.0,-0.7940457340081949
16019.0,800950.0,800693.0,50.0,-1.3683501749161082
16020.0,801000.0,800743.0,50.0,-0.591613632185203
16021.0,801050.0,800793.0,50.0,-0.7423292955515579
16022.0,801100.0,800843.0,50.0,-0.7088547898855978
16023.0,801150.0,800893.0,50.0,-1.067124424866739
16024.0,801200.0,800943.0,50.0,-1.5780764833120655
16025.0,801250.0,800993.0,50.0,-0.5812329053029658
16026.0,801300.0,801043.0,50.0,-0.7894340816619833
16027.0,801350.0,801093.0,50.0,-1.3565204175551475
16028.0,801400.0,801143.0,50.0,-0.5277652550527185
16029.0,801450.0,801193.0,50.0,-0.5831859073648765
16030.0,801500.0,801243.0,50.0,-1.0928998240844376
16031.0,801550.0,801293.0,50.0,-0.997425118270048
16032.0,801600.0,801343.0,50.0,-0.7868218638998256
16033.0,801650.0,801393.0,50.0,-0.7257119622138836
16034.0,801700.0,801443.0,50.0,-1.136041411986297
16035.0,801750.0,801493.0,50.0,-1.029222232990469
16036.0,801800.0,801543.0,50.0,-1.0091790962585385
16037.0,801850.0,801593.0,50.0,-1.1935005669101633
16038.0,801900.0,801643.0,50.0,-1.0380608635783344
16039.0,801950.0,801693.0,50.0,-1.0750930694558531
16040.0,802000.0,801743.0,50.0,-0.7596448294264196
16041.0,802050.0,801793.0,50.0,-0.9621599069078715
16042.0,802100.0,801843.0,50.0,-1.0045258897492892
16043.0,802150.0,801893.0,50.0,-0.6138828838957258
16044.0,802200.0,801943.0,50.0,-0.5705045590155327
16045.0,802250.0,801993.0,50.0,-1.1962582344163495
16046.0,802300.0,802043.0,50.0,-0.6041132657364954
16047.0,802350.0,802093.0,50.0,-1.5322523907261545
16048.0,802400.0,802143.0,50.0,-1.275330743386129
16049.0,802450.0,802193.0,50.0,-0.7975210425311553
16050.0,802500.0,802243.0,50.0,-1.9259499452255768
16051.0,802550.0,802293.0,50.0,-0.8885090806214032
16052.0,802600.0,802343.0,50.0,-0.8281880495553033
16053.0,802650.0,802393.0,50.0,-1.7258073670764762
16054.0,802700.0,802443.0,50.0,-1.492882743512091
16055.0,802750.0,802493.0,50.0,-1.420842165512927
16056.0,802800.0,802543.0,50.0,-1.3212640644733014
16057.0,802850.0,802593.0,50.0,-1.2550402796586002
16058.0,802900.0,802643.0,50.0,-1.2891837578856011
16059.0,802950.0,802693.0,50.0,-0.7832210900066556
16060.0,803000.0,802743.0,50.0,-0.9715174527195872
16061.0,803050.0,802793.0,50.0,-1.0558183372622942
16062.0,803100.0,802843.0,50.0,-1.0329821624540019
16063.0,803150.0,802893.0,50.0,-0.572410114681338
16064.0,803200.0,802943.0,50.0,-0.7226624094473129
16065.0,803250.0,802993.0,50.0,-0.7604528226148344
16066.0,803300.0,803043.0,50.0,-1.8885937158356656
16067.0,803350.0,803093.0,50.0,-1.2647482544996853
16068.0,803400.0,803143.0,50.0,-0.9767047350580982
16069.0,803450.0,803193.0,50.0,-0.8527555472632199
16070.0,803500.0,803243.0,50.0,-1.0015284307475967
16071.0,803550.0,803293.0,50.0,-0.6995370305597943
16072.0,803600.0,803343.0,50.0,-0.7530991466995183
16073.0,803650.0,803393.0,50.0,-0.6374146903339872
16074.0,803700.0,803443.0,50.0,-1.090320431701671
16075.0,803750.0,803493.0,50.0,-1.636306619540166
16076.0,803800.0,803543.0,50.0,-1.1602868374116257
16077.0,803850.0,803593.0,50.0,-0.47031759035167586
16078.0,803900.0,803643.0,50.0,-0.7269685540279814
16079.0,803950.0,803693.0,50.0,-0.9228330966235062
16080.0,804000.0,803743.0,50.0,-1.6261200398340012
16081.0,804050.0,803793.0,50.0,-1.2956996323711873
16082.0,804100.0,803843.0,50.0,-0.9387928567648053
16083.0,804150.0,803893.0,50.0,-1.1792674136730343
16084.0,804200.0,803943.0,50.0,-1.0326096619136265
16085.0,804250.0,803993.0,50.0,-0.8646129207312729
16086.0,804300.0,804043.0,50.0,-0.8396752336960301
16087.0,804350.0,804093.0,50.0,-1.6114793875105353
16088.0,804400.0,804143.0,50.0,-0.9583867773265821
16089.0,804450.0,804193.0,50.0,-0.5986923625073288
16090.0,804500.0,804243.0,50.0,-0.6935520770225606
16091.0,804550.0,804293.0,50.0,-0.98357887984214
16092.0,804600.0,804343.0,50.0,-0.7984099590566052
16093.0,804650.0,804393.0,50.0,-1.7408198711404523
16094.0,804700.0,804443.0,50.0,-0.5511094971836401
16095.0,804750.0,804493.0,50.0,-0.5149494150385723
16096.0,804800.0,804543.0,50.0,-0.9185210805734736
16097.0,804850.0,804593.0,50.0,-0.8481930386425545
16098.0,804900.0,804643.0,50.0,-0.6661531791485655
16099.0,804950.0,804693.0,50.0,-0.8798998784821905
16100.0,805000.0,804743.0,50.0,-0.47580536696527426
16101.0,805050.0,804793.0,50.0,-0.7352711380716781
16102.0,805100.0,804843.0,50.0,-0.7644517500796161
16103.0,805150.0,804893.0,50.0,-1.12195078412877
16104.0,805200.0,804943.0,50.0,-0.6189465619011814
16105.0,805250.0,804993.0,50.0,-0.593385451477353
16106.0,805300.0,805043.0,50.0,-0.8036233192966559
16107.0,805350.0,805093.0,50.0,-0.7426764869635213
16108.0,805400.0,805143.0,50.0,-0.6271989159730097
16109.0,805450.0,805193.0,50.0,-0.8848878269869315
16110.0,805500.0,805243.0,50.0,-1.0982602214209485
16111.0,805550.0,805293.0,50.0,-1.1774280606372365
16112.0,805600.0,805343.0,50.0,-0.8418725276365426
16113.0,805650.0,805393.0,50.0,-0.9183759484829137
16114.0,805700.0,805443.0,50.0,-0.7865676992334122
16115.0,805750.0,805493.0,50.0,-1.0250034930460623
16116.0,805800.0,805543.0,50.0,-0.7565157915845617
16117.0,805850.0,805593.0,50.0,-0.8916743927772253
16118.0,805900.0,805643.0,50.0,-1.2772511173310206
16119.0,805950.0,805693.0,50.0,-1.1045551338760657
16120.0,806000.0,805743.0,50.0,-0.681311916621252
16121.0,806050.0,805793.0,50.0,-0.4911663136284047
16122.0,806100.0,805843.0,50.0,-1.171232513000446
16123.0,806150.0,805893.0,50.0,-0.9543407855101328
16124.0,806200.0,805943.0,50.0,-1.1913732331982718
16125.0,806250.0,805993.0,50.0,-0.8167573501421501
16126.0,806300.0,806043.0,50.0,-2.056721796780788
16127.0,806350.0,806093.0,50.0,-0.7693300834237211
16128.0,806400.0,806143.0,50.0,-1.0830377492137746
16129.0,806450.0,806193.0,50.0,-1.5328228441335567
16130.0,806500.0,806243.0,50.0,-0.5448702699444226
16131.0,806550.0,806293.0,50.0,-3.8297151859514833
16132.0,806600.0,806343.0,50.0,-0.8518625308679346
16133.0,806650.0,806393.0,50.0,-0.8806262895181388
16134.0,806700.0,806443.0,50.0,-0.618917491796426
16135.0,806750.0,806493.0,50.0,-1.1223247079002132
16136.0,806800.0,806543.0,50.0,-2.0531200752344754
16137.0,806850.0,806593.0,50.0,-0.738966066150154
16138.0,806900.0,806643.0,50.0,-0.5736815627074283
16139.0,806950.0,806693.0,50.0,-1.1209338210439086
16140.0,807000.0,806743.0,50.0,-1.9709381694538672
16141.0,807050.0,806793.0,50.0,-0.8558790837816302
16142.0,807100.0,806843.0,50.0,-0.863305348281926
16143.0,807150.0,806893.0,50.0,-0.7842029243950175
16144.0,807200.0,806943.0,50.0,-1.0332911756377618
16145.0,807250.0,806993.0,50.0,-1.2089564491847742
16146.0,807300.0,807043.0,50.0,-0.7571738029493044
16147.0,807350.0,807093.0,50.0,-1.2019853143729322
16148.0,807400.0,807143.0,50.0,-0.4937898581862503
16149.0,807450.0,807193.0,50.0,-0.646685468889967
16150.0,807500.0,807243.0,50.0,-0.47596174323683393
16151.0,807550.0,807293.0,50.0,-0.9940060712979961
16152.0,807600.0,807343.0,50.0,-0.7172423566414966
16153.0,807650.0,807393.0,50.0,-0.8049009578332562
16154.0,807700.0,807443.0,50.0,-1.0477390294050788
16155.0,807750.0,807493.0,50.0,-2.5675779918521857
16156.0,807800.0,807543.0,50.0,-0.5613803464060525
16157.0,807850.0,807593.0,50.0,-1.289419793914608
16158.0,807900.0,807643.0,50.0,-0.6376384606482851
16159.0,807950.0,807693.0,50.0,-1.844458963168958
16160.0,808000.0,807743.0,50.0,-0.5115367889523341
16161.0,808050.0,807793.0,50.0,-1.0346375592724086
16162.0,808100.0,807843.0,50.0,-0.6986918313991825
16163.0,808150.0,807893.0,50.0,-0.8507840727938687
16164.0,808200.0,807943.0,50.0,-0.6811837174296796
16165.0,808250.0,807993.0,50.0,-0.5874595257568639
16166.0,808300.0,808043.0,50.0,-0.820045384733559
16167.0,808350.0,808093.0,50.0,-0.7516437129529616
16168.0,808400.0,808143.0,50.0,-1.0067349803700256
16169.0,808450.0,808193.0,50.0,-0.5706427299860484
16170.0,808500.0,808243.0,50.0,-0.6065145795325046
16171.0,808550.0,808293.0,50.0,-1.1752387248284295
16172.0,808600.0,808343.0,50.0,-0.7766606079719486
16173.0,808650.0,808393.0,50.0,-0.9670104383870299
16174.0,808700.0,808443.0,50.0,-0.5883974927778471
16175.0,808750.0,808493.0,50.0,-0.9365517866310177
16176.0,808800.0,808543.0,50.0,-1.5281135157481907
16177.0,808850.0,808593.0,50.0,-0.608965156251378
16178.0,808900.0,808643.0,50.0,-0.5941762653749088
16179.0,808950.0,808693.0,50.0,-0.9504723108034648
16180.0,809000.0,808743.0,50.0,-0.9952258913564254
16181.0,809050.0,808793.0,50.0,-0.865823827161082
16182.0,809100.0,808843.0,50.0,-1.2597338297272558
16183.0,809150.0,808893.0,50.0,-1.5639810848556053
16184.0,809200.0,808943.0,50.0,-1.0651907957123454
16185.0,809250.0,808993.0,50.0,-0.6201393267347604
16186.0,809300.0,809043.0,50.0,-0.6884636217287335
16187.0,809350.0,809093.0,50.0,-0.9576196994280506
16188.0,809400.0,809143.0,50.0,-1.79836181627138
16189.0,809450.0,809193.0,50.0,-0.7998657790947273
16190.0,809500.0,809243.0,50.0,-0.7410869444624688
16191.0,809550.0,809293.0,50.0,-1.8715184071044646
16192.0,809600.0,809343.0,50.0,-0.5846536812874754
16193.0,809650.0,809393.0,50.0,-0.7814580230759804
16194.0,809700.0,809443.0,50.0,-0.6770817487162909
16195.0,809750.0,809493.0,50.0,-1.3490776460997158
16196.0,809800.0,809543.0,50.0,-0.8222268584827193
16197.0,809850.0,809593.0,50.0,-0.8220705655504141
16198.0,809900.0,809643.0,50.0,-0.6483769277688964
16199.0,809950.0,809693.0,50.0,-1.421962082251009
16200.0,810000.0,809743.0,50.0,-0.8715312496196564
16201.0,810050.0,809793.0,50.0,-0.603434073433286
16202.0,810100.0,809843.0,50.0,-0.6413191072175376
16203.0,810150.0,809893.0,50.0,-1.9486029212641163
16204.0,810200.0,809943.0,50.0,-0.826245223041675
16205.0,810250.0,809993.0,50.0,-0.6131133207861296
16206.0,810300.0,810043.0,50.0,-1.9270180072852614
16207.0,810350.0,810093.0,50.0,-0.7342832195556451
16208.0,810400.0,810143.0,50.0,-1.164123140553777
16209.0,810450.0,810193.0,50.0,-1.7894390929827497
16210.0,810500.0,810243.0,50.0,-0.8102698783060933
16211.0,810550.0,810293.0,50.0,-0.7265538099317332
16212.0,810600.0,810343.0,50.0,-0.5925426674007964
16213.0,810650.0,810393.0,50.0,-0.6380206254280976
16214.0,810700.0,810443.0,50.0,-1.6666414771931144
16215.0,810750.0,810493.0,50.0,-0.6013114250953195
16216.0,810800.0,810543.0,50.0,-0.6262073734220392
16217.0,810850.0,810593.0,50.0,-1.015997062356377
16218.0,810900.0,810643.0,50.0,-1.7213579554754235
16219.0,810950.0,810693.0,50.0,-0.9406236637681189
16220.0,811000.0,810743.0,50.0,-1.953735867852479
16221.0,811050.0,810793.0,50.0,-0.6434089035613986
16222.0,811100.0,810843.0,50.0,-0.8076527990896546
16223.0,811150.0,810893.0,50.0,-0.4825208036461401
16224.0,811200.0,810943.0,50.0,-1.2596473492118812
16225.0,811250.0,810993.0,50.0,-1.0528941440873059
16226.0,811300.0,811043.0,50.0,-0.7015595786376247
16227.0,811350.0,811093.0,50.0,-0.6060728290572932
16228.0,811400.0,811143.0,50.0,-0.8336102945819821
16229.0,811450.0,811193.0,50.0,-0.5343816069334559
16230.0,811500.0,811243.0,50.0,-0.6227914766806464
16231.0,811550.0,811293.0,50.0,-0.8040737249441373
16232.0,811600.0,811343.0,50.0,-1.2443071771506942
16233.0,811650.0,811393.0,50.0,-0.9222411190474743
16234.0,811700.0,811443.0,50.0,-0.5958032265335967
16235.0,811750.0,811493.0,50.0,-0.6583644485444162
16236.0,811800.0,811543.0,50.0,-0.5401535495170752
16237.0,811850.0,811593.0,50.0,-0.7151136001360349
16238.0,811900.0,811643.0,50.0,-1.24779590629385
16239.0,811950.0,811693.0,50.0,-1.1157384764049363
16240.0,812000.0,811743.0,50.0,-0.5909264266031448
16241.0,812050.0,811793.0,50.0,-0.8440339964335856
16242.0,812100.0,811843.0,50.0,-0.8793653406404095
16243.0,812150.0,811893.0,50.0,-1.0613192884262004
16244.0,812200.0,811943.0,50.0,-1.1833940065291324
16245.0,812250.0,811993.0,50.0,-0.8575739532468091
16246.0,812300.0,812043.0,50.0,-1.858130964366751
16247.0,812350.0,812093.0,50.0,-0.8781985502222766
16248.0,812400.0,812143.0,50.0,-0.7867985701995007
16249.0,812450.0,812193.0,50.0,-0.5398047265010422
16250.0,812500.0,812243.0,50.0,-0.9217054741393296
16251.0,812550.0,812293.0,50.0,-0.6073363062204269
16252.0,812600.0,812343.0,50.0,-1.8475635698960553
16253.0,812650.0,812393.0,50.0,-0.9211132346664928
16254.0,812700.0,812443.0,50.0,-0.6406372020630379
16255.0,812750.0,812493.0,50.0,-0.4426142217040809
16256.0,812800.0,812543.0,50.0,-1.3259135058972011
16257.0,812850.0,812593.0,50.0,-1.4038182616300476
16258.0,812900.0,812643.0,50.0,-1.3193347556439277
16259.0,812950.0,812693.0,50.0,-0.6133300976871975
16260.0,813000.0,812743.0,50.0,-0.8967376518142296
16261.0,813050.0,812793.0,50.0,-0.6566379169854619
16262.0,813100.0,812843.0,50.0,-1.0788985081601856
16263.0,813150.0,812893.0,50.0,-0.539941269598281
16264.0,813200.0,812943.0,50.0,-1.2522319339111367
16265.0,813250.0,812993.0,50.0,-0.9640624150121953
16266.0,813300.0,813043.0,50.0,-1.9273155505784687
16267.0,813350.0,813093.0,50.0,-1.160133131558181
16268.0,813400.0,813143.0,50.0,-0.5995834099483858
16269.0,813450.0,813193.0,50.0,-0.510716339173662
16270.0,813500.0,813243.0,50.0,-0.671397836813635
16271.0,813550.0,813293.0,50.0,-0.84776269497368
16272.0,813600.0,813343.0,50.0,-1.301280308177954
16273.0,813650.0,813393.0,50.0,-0.7881148417824048
16274.0,813700.0,813443.0,50.0,-1.1657917024914903
16275.0,813750.0,813493.0,50.0,-1.7379915091995355
16276.0,813800.0,813543.0,50.0,-0.8363870307363898
16277.0,813850.0,813593.0,50.0,-0.8739868783909512
16278.0,813900.0,813643.0,50.0,-0.6449009987174023
16279.0,813950.0,813693.0,50.0,-0.8051829483848091
16280.0,814000.0,813743.0,50.0,-0.6732290949319737
16281.0,814050.0,813793.0,50.0,-0.9141963835657838
16282.0,814100.0,813843.0,50.0,-0.4544922466948855
16283.0,814150.0,813893.0,50.0,-0.659919789814041
16284.0,814200.0,813943.0,50.0,-1.4997505697091467
16285.0,814250.0,813993.0,50.0,-0.9896639635400248
16286.0,814300.0,814043.0,50.0,-0.45422858264242155
16287.0,814350.0,814093.0,50.0,-0.855527005246108
16288.0,814400.0,814143.0,50.0,-0.6936699212593296
16289.0,814450.0,814193.0,50.0,-0.8403086573989934
16290.0,814500.0,814243.0,50.0,-1.0356834834900122
16291.0,814550.0,814293.0,50.0,-0.7813369091329466
16292.0,814600.0,814343.0,50.0,-1.3817044416935798
16293.0,814650.0,814393.0,50.0,-0.7711438003284602
16294.0,814700.0,814443.0,50.0,-0.742570518963962
16295.0,814750.0,814493.0,50.0,-1.2060370669227458
16296.0,814800.0,814543.0,50.0,-0.9218679133949201
16297.0,814850.0,814593.0,50.0,-1.6279832860947445
16298.0,814900.0,814643.0,50.0,-1.5816118516577238
16299.0,814950.0,814693.0,50.0,-0.6676913261092878
16300.0,815000.0,814743.0,50.0,-1.6328685041997524
16301.0,815050.0,814793.0,50.0,-0.5970025962705227
16302.0,815100.0,814843.0,50.0,-0.6633195208498132
16303.0,815150.0,814893.0,50.0,-0.49329954350005933
16304.0,815200.0,814943.0,50.0,-0.6052536009161574
16305.0,815250.0,814993.0,50.0,-0.6746697284473373
16306.0,815300.0,815043.0,50.0,-3.1225308562256067
16307.0,815350.0,815093.0,50.0,-1.1799357842841165
16308.0,815400.0,815143.0,50.0,-0.746007816344777
16309.0,815450.0,815193.0,50.0,-1.1273469452681
16310.0,815500.0,815243.0,50.0,-1.1421313591246829
16311.0,815550.0,815293.0,50.0,-0.8222653454493436
16312.0,815600.0,815343.0,50.0,-1.2497226422818986
16313.0,815650.0,815393.0,50.0,-1.212008859172592
16314.0,815700.0,815443.0,50.0,-0.8113312069195595
16315.0,815750.0,815493.0,50.0,-0.8444894608602899
16316.0,815800.0,815543.0,50.0,-1.238460155162668
16317.0,815850.0,815593.0,50.0,-0.8760479212567268
16318.0,815900.0,815643.0,50.0,-0.7920766102877812
16319.0,815950.0,815693.0,50.0,-1.6151819227948037
16320.0,816000.0,815743.0,50.0,-0.9728838544199259
16321.0,816050.0,815793.0,50.0,-1.0598058408344493
16322.0,816100.0,815843.0,50.0,-0.7851602094176365
16323.0,816150.0,815893.0,50.0,-1.708189993187903
16324.0,816200.0,815943.0,50.0,-0.6993344791057017
16325.0,816250.0,815993.0,50.0,-0.8344230274194342
16326.0,816300.0,816043.0,50.0,-0.5228754800485444
16327.0,816350.0,816093.0,50.0,-1.2710503648813947
16328.0,816400.0,816143.0,50.0,-1.544223530812672
16329.0,816450.0,816193.0,50.0,-1.0417051778904896
16330.0,816500.0,816243.0,50.0,-0.5642303767413197
16331.0,816550.0,816293.0,50.0,-1.1355985119437637
16332.0,816600.0,816343.0,50.0,-0.5788965975997972
16333.0,816650.0,816393.0,50.0,-0.5511703207906323
16334.0,816700.0,816443.0,50.0,-0.5197997410426252
16335.0,816750.0,816493.0,50.0,-1.5804563036415493
16336.0,816800.0,816543.0,50.0,-0.6543164585351489
16337.0,816850.0,816593.0,50.0,-0.7879389581144101
16338.0,816900.0,816643.0,50.0,-1.9456834579237405
16339.0,816950.0,816693.0,50.0,-0.7033333089883163
16340.0,817000.0,816743.0,50.0,-1.813019485095276
16341.0,817050.0,816793.0,50.0,-1.0415882103314713
16342.0,817100.0,816843.0,50.0,-2.0829077638437905
16343.0,817150.0,816893.0,50.0,-0.6558961275797383
16344.0,817200.0,816943.0,50.0,-0.6965896910756734
16345.0,817250.0,816993.0,50.0,-1.1324072176718587
16346.0,817300.0,817043.0,50.0,-0.7394533384583054
16347.0,817350.0,817093.0,50.0,-0.7483220933390404
16348.0,817400.0,817143.0,50.0,-0.7378716604641632
16349.0,817450.0,817193.0,50.0,-1.2104492649258158
16350.0,817500.0,817243.0,50.0,-1.5169162358817943
16351.0,817550.0,817293.0,50.0,-0.8199057080503205
16352.0,817600.0,817343.0,50.0,-0.9001442005035929
16353.0,817650.0,817393.0,50.0,-1.1808328383236815
16354.0,817700.0,817443.0,50.0,-0.941376098212535
16355.0,817750.0,817493.0,50.0,-0.6714647820905124
16356.0,817800.0,817543.0,50.0,-1.8438477162251026
16357.0,817850.0,817593.0,50.0,-0.9354669889271938
16358.0,817900.0,817643.0,50.0,-0.5789727389320793
16359.0,817950.0,817693.0,50.0,-0.6886942492897796
16360.0,818000.0,817743.0,50.0,-0.4278815812660647
16361.0,818050.0,817793.0,50.0,-0.4452532616902802
16362.0,818100.0,817843.0,50.0,-0.541243990917637
16363.0,818150.0,817893.0,50.0,-2.0617592843204613
16364.0,818200.0,817943.0,50.0,-1.0297551208165223
16365.0,818250.0,817993.0,50.0,-0.6645771576737737
16366.0,818300.0,818043.0,50.0,-0.8068269207398902
16367.0,818350.0,818093.0,50.0,-0.49961670850875833
16368.0,818400.0,818143.0,50.0,-0.47780759608306994
16369.0,818450.0,818193.0,50.0,-0.7582663985785343
16370.0,818500.0,818243.0,50.0,-0.6313844001460068
16371.0,818550.0,818293.0,50.0,-0.6928007474200614
16372.0,818600.0,818343.0,50.0,-1.0801346063815476
16373.0,818650.0,818393.0,50.0,-0.7375782222207535
16374.0,818700.0,818443.0,50.0,-0.5218197868646974
16375.0,818750.0,818493.0,50.0,-0.9872388767817016
16376.0,818800.0,818543.0,50.0,-1.204969675445749
16377.0,818850.0,818593.0,50.0,-0.8730527392949221
16378.0,818900.0,818643.0,50.0,-1.4685384406971298
16379.0,818950.0,818693.0,50.0,-0.7737537629431187
16380.0,819000.0,818743.0,50.0,-1.298110778598229
16381.0,819050.0,818793.0,50.0,-0.7302272331363816
16382.0,819100.0,818843.0,50.0,-0.5219986169971302
16383.0,819150.0,818893.0,50.0,-0.663015580419077
16384.0,819200.0,818943.0,50.0,-1.3898173478597962
16385.0,819250.0,818993.0,50.0,-0.943461580392435
16386.0,819300.0,819043.0,50.0,-0.9635412536569844
16387.0,819350.0,819093.0,50.0,-1.0316166037229528
16388.0,819400.0,819143.0,50.0,-0.5121282262565404
16389.0,819450.0,819193.0,50.0,-1.0227095623044318
16390.0,819500.0,819243.0,50.0,-0.4920198610755987
16391.0,819550.0,819293.0,50.0,-1.2503745414187297
16392.0,819600.0,819343.0,50.0,-0.6459040762001635
16393.0,819650.0,819393.0,50.0,-1.6947522886815358
16394.0,819700.0,819443.0,50.0,-1.1196492011242571
16395.0,819750.0,819493.0,50.0,-1.940098187034117
16396.0,819800.0,819543.0,50.0,-0.5958827483223241
16397.0,819850.0,819593.0,50.0,-1.9100534226243502
16398.0,819900.0,819643.0,50.0,-0.8302686150963134
16399.0,819950.0,819693.0,50.0,-0.4769720608807048
16400.0,820000.0,819743.0,50.0,-0.9322224458313322
16401.0,820050.0,819793.0,50.0,-1.0274986748209431
16402.0,820100.0,819843.0,50.0,-0.5279741752706312
16403.0,820150.0,819893.0,50.0,-0.8224864611093379
16404.0,820200.0,819943.0,50.0,-1.7024257419108138
16405.0,820250.0,819993.0,50.0,-2.229198363312274
16406.0,820300.0,820043.0,50.0,-0.6704495684380251
16407.0,820350.0,820093.0,50.0,-1.2447902135375293
16408.0,820400.0,820143.0,50.0,-0.9647778866915622
16409.0,820450.0,820193.0,50.0,-0.8128969657428222
16410.0,820500.0,820243.0,50.0,-1.65725127416851
16411.0,820550.0,820293.0,50.0,-0.8879310816334749
16412.0,820600.0,820343.0,50.0,-1.0963966312215263
16413.0,820650.0,820393.0,50.0,-0.8242385523761967
16414.0,820700.0,820443.0,50.0,-0.9425477661965035
16415.0,820750.0,820493.0,50.0,-1.3001443995181798
16416.0,820800.0,820543.0,50.0,-0.6782979286004547
16417.0,820850.0,820593.0,50.0,-0.8132291314154327
16418.0,820900.0,820643.0,50.0,-0.9518478613077851
16419.0,820950.0,820693.0,50.0,-1.3226075053321311
16420.0,821000.0,820743.0,50.0,-2.0131424532972897
16421.0,821050.0,820793.0,50.0,-0.796919691345771
16422.0,821100.0,820843.0,50.0,-0.7671896901221295
16423.0,821150.0,820893.0,50.0,-1.5386079521004494
16424.0,821200.0,820943.0,50.0,-0.6655700995713837
16425.0,821250.0,820993.0,50.0,-1.4075711861398557
16426.0,821300.0,821043.0,50.0,-0.6225951336509898
16427.0,821350.0,821093.0,50.0,-0.8178164156444415
16428.0,821400.0,821143.0,50.0,-2.3089706893709723
16429.0,821450.0,821193.0,50.0,-1.400927966951041
16430.0,821500.0,821243.0,50.0,-0.7997755824299548
16431.0,821550.0,821293.0,50.0,-0.5488107477161803
16432.0,821600.0,821343.0,50.0,-0.8398820992989429
16433.0,821650.0,821393.0,50.0,-1.2476358526623517
16434.0,821700.0,821443.0,50.0,-0.8415287192786409
16435.0,821750.0,821493.0,50.0,-0.9276147437993828
16436.0,821800.0,821543.0,50.0,-0.7105113769124166
16437.0,821850.0,821593.0,50.0,-0.8612568657687767
16438.0,821900.0,821643.0,50.0,-0.8060767136881185
16439.0,821950.0,821693.0,50.0,-0.6260407644547373
16440.0,822000.0,821743.0,50.0,-0.6665420485917141
16441.0,822050.0,821793.0,50.0,-0.49250115677568923
16442.0,822100.0,821843.0,50.0,-1.1321997741592962
16443.0,822150.0,821893.0,50.0,-1.453382485886868
16444.0,822200.0,821943.0,50.0,-0.5389464563290659
16445.0,822250.0,821993.0,50.0,-0.9719536115304211
16446.0,822300.0,822043.0,50.0,-2.144693047654812
16447.0,822350.0,822093.0,50.0,-1.3145120329034756
16448.0,822400.0,822143.0,50.0,-0.7203831633907111
16449.0,822450.0,822193.0,50.0,-0.6625116674918715
16450.0,822500.0,822243.0,50.0,-1.6059324128098698
16451.0,822550.0,822293.0,50.0,-1.2821092749303646
16452.0,822600.0,822343.0,50.0,-0.7119763881312493
16453.0,822650.0,822393.0,50.0,-2.162693452720292
16454.0,822700.0,822443.0,50.0,-0.768741172176504
16455.0,822750.0,822493.0,50.0,-1.039631058946497
16456.0,822800.0,822543.0,50.0,-0.5777207838792734
16457.0,822850.0,822593.0,50.0,-0.8975814394539824
16458.0,822900.0,822643.0,50.0,-0.8997107631372735
16459.0,822950.0,822693.0,50.0,-0.7149290402825085
16460.0,823000.0,822743.0,50.0,-0.48135667666858295
16461.0,823050.0,822793.0,50.0,-1.719948274014576
16462.0,823100.0,822843.0,50.0,-0.7694274226084009
16463.0,823150.0,822893.0,50.0,-0.5440678561736209
16464.0,823200.0,822943.0,50.0,-2.306075579124288
16465.0,823250.0,822993.0,50.0,-0.879364379268047
16466.0,823300.0,823043.0,50.0,-0.6320873366647869
16467.0,823350.0,823093.0,50.0,-1.052809418833755
16468.0,823400.0,823143.0,50.0,-1.4991097418688686
16469.0,823450.0,823193.0,50.0,-0.6884661406877935
16470.0,823500.0,823243.0,50.0,-0.6267581081751638
16471.0,823550.0,823293.0,50.0,-0.9199933914026569
16472.0,823600.0,823343.0,50.0,-1.3022196231804328
16473.0,823650.0,823393.0,50.0,-0.8133842370543393
16474.0,823700.0,823443.0,50.0,-1.3144660706178477
16475.0,823750.0,823493.0,50.0,-0.7468815418064305
16476.0,823800.0,823543.0,50.0,-0.8357615703573039
16477.0,823850.0,823593.0,50.0,-0.9181105583339679
16478.0,823900.0,823643.0,50.0,-0.951402352555237
16479.0,823950.0,823693.0,50.0,-1.1105247318467326
16480.0,824000.0,823743.0,50.0,-0.6344726281741713
16481.0,824050.0,823793.0,50.0,-1.1911353663630828
16482.0,824100.0,823843.0,50.0,-1.1499337209828426
16483.0,824150.0,823893.0,50.0,-1.9731129698318195
16484.0,824200.0,823943.0,50.0,-0.6629359308241334
16485.0,824250.0,823993.0,50.0,-1.1379634513547674
16486.0,824300.0,824043.0,50.0,-0.6793551764905943
16487.0,824350.0,824093.0,50.0,-1.0517036042409722
16488.0,824400.0,824143.0,50.0,-0.6343108992419916
16489.0,824450.0,824193.0,50.0,-1.0328379880556373
16490.0,824500.0,824243.0,50.0,-1.3777606696435594
16491.0,824550.0,824293.0,50.0,-0.8316260106802181
16492.0,824600.0,824343.0,50.0,-1.1013418827671573
16493.0,824650.0,824393.0,50.0,-1.9341032680890546
16494.0,824700.0,824443.0,50.0,-2.119444253730318
16495.0,824750.0,824493.0,50.0,-0.5608341112849174
16496.0,824800.0,824543.0,50.0,-0.5073845838842125
16497.0,824850.0,824593.0,50.0,-1.1359672631125577
16498.0,824900.0,824643.0,50.0,-0.786999600953758
16499.0,824950.0,824693.0,50.0,-1.0013733297244685
16500.0,825000.0,824743.0,50.0,-1.7830924087875915
16501.0,825050.0,824793.0,50.0,-0.5746827966017133
16502.0,825100.0,824843.0,50.0,-0.7530448243049417
16503.0,825150.0,824893.0,50.0,-2.518201678102007
16504.0,825200.0,824943.0,50.0,-2.273073051368002
16505.0,825250.0,824993.0,50.0,-1.8388942889060829
16506.0,825300.0,825043.0,50.0,-0.6186958611917865
16507.0,825350.0,825093.0,50.0,-0.9087891835078555
16508.0,825400.0,825143.0,50.0,-1.0453048249056922
16509.0,825450.0,825193.0,50.0,-0.6007548386670937
16510.0,825500.0,825243.0,50.0,-0.672936849711094
16511.0,825550.0,825293.0,50.0,-0.9231905255705765
16512.0,825600.0,825343.0,50.0,-0.8082833573784945
16513.0,825650.0,825393.0,50.0,-0.5258475391834555
16514.0,825700.0,825443.0,50.0,-3.3979208935011767
16515.0,825750.0,825493.0,50.0,-0.4332674212647188
16516.0,825800.0,825543.0,50.0,-0.6570665644966042
16517.0,825850.0,825593.0,50.0,-0.8527515598992238
16518.0,825900.0,825643.0,50.0,-1.1360978226360248
16519.0,825950.0,825693.0,50.0,-0.7568618380548172
16520.0,826000.0,825743.0,50.0,-1.69956120268122
16521.0,826050.0,825793.0,50.0,-1.34718995334295
16522.0,826100.0,825843.0,50.0,-0.9578062071199616
16523.0,826150.0,825893.0,50.0,-0.8658025568541149
16524.0,826200.0,825943.0,50.0,-0.5481702246348479
16525.0,826250.0,825993.0,50.0,-1.2549816200058763
16526.0,826300.0,826043.0,50.0,-1.1781842407464813
16527.0,826350.0,826093.0,50.0,-1.685225208701738
16528.0,826400.0,826143.0,50.0,-2.130288458346497
16529.0,826450.0,826193.0,50.0,-0.7318731067737948
16530.0,826500.0,826243.0,50.0,-1.637489938090869
16531.0,826550.0,826293.0,50.0,-0.6474221233842932
16532.0,826600.0,826343.0,50.0,-0.6149233791090603
16533.0,826650.0,826393.0,50.0,-0.7067546053101184
16534.0,826700.0,826443.0,50.0,-1.686846874904128
16535.0,826750.0,826493.0,50.0,-2.5417011734704738
16536.0,826800.0,826543.0,50.0,-1.0058816576653193
16537.0,826850.0,826593.0,50.0,-0.7684731809755746
16538.0,826900.0,826643.0,50.0,-0.5648130739656574
16539.0,826950.0,826693.0,50.0,-0.7985003919414597
16540.0,827000.0,826743.0,50.0,-1.4354368669178816
16541.0,827050.0,826793.0,50.0,-0.541698923954821
16542.0,827100.0,826843.0,50.0,-0.7021793789283296
16543.0,827150.0,826893.0,50.0,-0.8704959946697034
16544.0,827200.0,826943.0,50.0,-1.9248673160973349
16545.0,827250.0,826993.0,50.0,-2.224246174521338
16546.0,827300.0,827043.0,50.0,-1.6334327174646346
16547.0,827350.0,827093.0,50.0,-0.9749378062854823
16548.0,827400.0,827143.0,50.0,-0.6796890817627411
16549.0,827450.0,827193.0,50.0,-0.6027823577680849
16550.0,827500.0,827243.0,50.0,-0.5556673061852105
16551.0,827550.0,827293.0,50.0,-0.9958096985963507
16552.0,827600.0,827343.0,50.0,-0.3918762660254932
16553.0,827650.0,827393.0,50.0,-0.8988362076685453
16554.0,827700.0,827443.0,50.0,-0.8627845674267834
16555.0,827750.0,827493.0,50.0,-1.7886332536723608
16556.0,827800.0,827543.0,50.0,-0.7372304879529735
16557.0,827850.0,827593.0,50.0,-0.5267490675072576
16558.0,827900.0,827643.0,50.0,-1.3325311177787775
16559.0,827950.0,827693.0,50.0,-1.0401055384218807
16560.0,828000.0,827743.0,50.0,-0.607777647042004
16561.0,828050.0,827793.0,50.0,-0.5586284451816736
16562.0,828100.0,827843.0,50.0,-1.0000135422610443
16563.0,828150.0,827893.0,50.0,-0.8063891190289632
16564.0,828200.0,827943.0,50.0,-1.804727341441071
16565.0,828250.0,827993.0,50.0,-0.9312954720648127
16566.0,828300.0,828043.0,50.0,-0.5663370947591493
16567.0,828350.0,828093.0,50.0,-0.8905843702600096
16568.0,828400.0,828143.0,50.0,-0.579066358371461
16569.0,828450.0,828193.0,50.0,-2.1086174904067185
16570.0,828500.0,828243.0,50.0,-0.8396462781297902
16571.0,828550.0,828293.0,50.0,-1.6183140660215123
16572.0,828600.0,828343.0,50.0,-0.7802034161341717
16573.0,828650.0,828393.0,50.0,-1.5447177136511734
16574.0,828700.0,828443.0,50.0,-1.7607927692635847
16575.0,828750.0,828493.0,50.0,-0.8865580733873953
16576.0,828800.0,828543.0,50.0,-0.8095715997490363
16577.0,828850.0,828593.0,50.0,-1.1060090690267288
16578.0,828900.0,828643.0,50.0,-2.462272505383255
16579.0,828950.0,828693.0,50.0,-1.6255821205374612
16580.0,829000.0,828743.0,50.0,-1.3476939348461494
16581.0,829050.0,828793.0,50.0,-0.694070469455264
16582.0,829100.0,828843.0,50.0,-0.5743658529467132
16583.0,829150.0,828893.0,50.0,-1.0970916243784896
16584.0,829200.0,828943.0,50.0,-2.292215811869886
16585.0,829250.0,828993.0,50.0,-0.6276579565099544
16586.0,829300.0,829043.0,50.0,-0.5780580188060157
16587.0,829350.0,829093.0,50.0,-0.9170839737480678
16588.0,829400.0,829143.0,50.0,-0.5190343527684255
16589.0,829450.0,829193.0,50.0,-1.1164926247717906
16590.0,829500.0,829243.0,50.0,-0.4226459278221838
16591.0,829550.0,829293.0,50.0,-1.311035907153519
16592.0,829600.0,829343.0,50.0,-0.7095714213831456
16593.0,829650.0,829393.0,50.0,-0.8894682871645554
16594.0,829700.0,829443.0,50.0,-0.7575857358178775
16595.0,829750.0,829493.0,50.0,-1.2855228325103272
16596.0,829800.0,829543.0,50.0,-0.8085004113293763
16597.0,829850.0,829593.0,50.0,-0.9865682644709887
16598.0,829900.0,829643.0,50.0,-0.9437947613015326
16599.0,829950.0,829693.0,50.0,-0.6520482673972549
16600.0,830000.0,829743.0,50.0,-0.5833129978386201
16601.0,830050.0,829793.0,50.0,-1.0329999811547697
16602.0,830100.0,829843.0,50.0,-0.7557458400957893
16603.0,830150.0,829893.0,50.0,-1.0522425286182
16604.0,830200.0,829943.0,50.0,-0.7873216811950561
16605.0,830250.0,829993.0,50.0,-0.8524610362055319
16606.0,830300.0,830043.0,50.0,-0.7421675024609485
16607.0,830350.0,830093.0,50.0,-0.5704361291859058
16608.0,830400.0,830143.0,50.0,-0.5232273156392786
16609.0,830450.0,830193.0,50.0,-1.2464898178939263
16610.0,830500.0,830243.0,50.0,-1.6171065205857773
16611.0,830550.0,830293.0,50.0,-0.5865731073250439
16612.0,830600.0,830343.0,50.0,-0.6962846029113589
16613.0,830650.0,830393.0,50.0,-1.1948738077625765
16614.0,830700.0,830443.0,50.0,-1.24339466291014
16615.0,830750.0,830493.0,50.0,-1.2572070837756306
16616.0,830800.0,830543.0,50.0,-1.3905237087508322
16617.0,830850.0,830593.0,50.0,-0.5658389495290919
16618.0,830900.0,830643.0,50.0,-1.2523277086143334
16619.0,830950.0,830693.0,50.0,-0.8060276408027288
16620.0,831000.0,830743.0,50.0,-1.4363096285637302
16621.0,831050.0,830793.0,50.0,-0.9747255988793659
16622.0,831100.0,830843.0,50.0,-0.904936795497567
16623.0,831150.0,830893.0,50.0,-1.0258463392399637
16624.0,831200.0,830943.0,50.0,-1.3620117584932512
16625.0,831250.0,830993.0,50.0,-0.5920708739420771
16626.0,831300.0,831043.0,50.0,-1.2543879624103011
16627.0,831350.0,831093.0,50.0,-0.5820190342051291
16628.0,831400.0,831143.0,50.0,-1.8327308520773047
16629.0,831450.0,831193.0,50.0,-0.6457966707288254
16630.0,831500.0,831243.0,50.0,-0.7257813106994767
16631.0,831550.0,831293.0,50.0,-0.5043949065434502
16632.0,831600.0,831343.0,50.0,-0.5663354372159239
16633.0,831650.0,831393.0,50.0,-0.44106290900480183
16634.0,831700.0,831443.0,50.0,-1.1391961894107432
16635.0,831750.0,831493.0,50.0,-0.6882784781489789
16636.0,831800.0,831543.0,50.0,-1.0213936506032515
16637.0,831850.0,831593.0,50.0,-1.2639571980427362
16638.0,831900.0,831643.0,50.0,-0.8145826464458259
16639.0,831950.0,831693.0,50.0,-0.9727827786513709
16640.0,832000.0,831743.0,50.0,-1.0669483685031662
16641.0,832050.0,831793.0,50.0,-1.2371190293408287
16642.0,832100.0,831843.0,50.0,-0.7574643429338934
16643.0,832150.0,831893.0,50.0,-1.09889061202834
16644.0,832200.0,831943.0,50.0,-0.640647738745194
16645.0,832250.0,831993.0,50.0,-0.6882064186265713
16646.0,832300.0,832043.0,50.0,-0.5989291763338258
16647.0,832350.0,832093.0,50.0,-1.2287253345931242
16648.0,832400.0,832143.0,50.0,-1.200113750595083
16649.0,832450.0,832193.0,50.0,-0.6745243801682572
16650.0,832500.0,832243.0,50.0,-1.0681115553552123
16651.0,832550.0,832293.0,50.0,-1.4585916967583215
16652.0,832600.0,832343.0,50.0,-0.6612019609258604
16653.0,832650.0,832393.0,50.0,-0.4751657174481074
16654.0,832700.0,832443.0,50.0,-0.8385500620387055
16655.0,832750.0,832493.0,50.0,-0.48530193034371066
16656.0,832800.0,832543.0,50.0,-2.0710227930039027
16657.0,832850.0,832593.0,50.0,-0.7970756128371498
16658.0,832900.0,832643.0,50.0,-0.8202733001443078
16659.0,832950.0,832693.0,50.0,-0.835601371071201
16660.0,833000.0,832743.0,50.0,-0.8450883028230963
16661.0,833050.0,832793.0,50.0,-0.6245346515161152
16662.0,833100.0,832843.0,50.0,-0.6922332997641905
16663.0,833150.0,832893.0,50.0,-1.1624850764551984
16664.0,833200.0,832943.0,50.0,-0.9266810244669826
16665.0,833250.0,832993.0,50.0,-0.92376794058163
16666.0,833300.0,833043.0,50.0,-1.033166257358113
16667.0,833350.0,833093.0,50.0,-0.8597754747789127
16668.0,833400.0,833143.0,50.0,-2.115555284482371
16669.0,833450.0,833193.0,50.0,-1.1940838563104423
16670.0,833500.0,833243.0,50.0,-0.8655436813967369
16671.0,833550.0,833293.0,50.0,-0.590785195308959
16672.0,833600.0,833343.0,50.0,-0.6887281361938947
16673.0,833650.0,833393.0,50.0,-0.9228071622586054
16674.0,833700.0,833443.0,50.0,-1.1545904379948604
16675.0,833750.0,833493.0,50.0,-0.8947201330831274
16676.0,833800.0,833543.0,50.0,-0.7129759858530292
16677.0,833850.0,833593.0,50.0,-0.6202993478786758
16678.0,833900.0,833643.0,50.0,-1.2364200546972413
16679.0,833950.0,833693.0,50.0,-0.48160008839700535
16680.0,834000.0,833743.0,50.0,-0.6051248995922214
16681.0,834050.0,833793.0,50.0,-0.8797062185438665
16682.0,834100.0,833843.0,50.0,-0.6822722262108171
16683.0,834150.0,833893.0,50.0,-1.1439386741839426
16684.0,834200.0,833943.0,50.0,-0.5601845616205118
16685.0,834250.0,833993.0,50.0,-1.0268737153964607
16686.0,834300.0,834043.0,50.0,-0.8279630670863297
16687.0,834350.0,834093.0,50.0,-0.9293670553624882
16688.0,834400.0,834143.0,50.0,-0.7204564537525953
16689.0,834450.0,834193.0,50.0,-0.9997958880397656
16690.0,834500.0,834243.0,50.0,-1.3800198281632994
16691.0,834550.0,834293.0,50.0,-0.9359312150122232
16692.0,834600.0,834343.0,50.0,-0.9287427094022452
16693.0,834650.0,834393.0,50.0,-1.3952838674503576
16694.0,834700.0,834443.0,50.0,-1.6955886645980565
16695.0,834750.0,834493.0,50.0,-0.9852153138692135
16696.0,834800.0,834543.0,50.0,-0.8915009632349269
16697.0,834850.0,834593.0,50.0,-1.6360249409099556
16698.0,834900.0,834643.0,50.0,-0.6233836423579739
16699.0,834950.0,834693.0,50.0,-1.2026378660203478
16700.0,835000.0,834743.0,50.0,-0.40729857977806627
16701.0,835050.0,834793.0,50.0,-0.876627431471993
16702.0,835100.0,834843.0,50.0,-0.5439054285945895
16703.0,835150.0,834893.0,50.0,-0.6786113115002173
16704.0,835200.0,834943.0,50.0,-0.5556868794590712
16705.0,835250.0,834993.0,50.0,-1.3445565511347577
16706.0,835300.0,835043.0,50.0,-1.4748958998984092
16707.0,835350.0,835093.0,50.0,-0.7464098891993468
16708.0,835400.0,835143.0,50.0,-0.5899503190439596
16709.0,835450.0,835193.0,50.0,-0.9227314357774152
16710.0,835500.0,835243.0,50.0,-0.4459986126649072
16711.0,835550.0,835293.0,50.0,-1.1396929123650545
16712.0,835600.0,835343.0,50.0,-0.9296682764155587
16713.0,835650.0,835393.0,50.0,-0.6646287849474218
16714.0,835700.0,835443.0,50.0,-0.5781178699560868
16715.0,835750.0,835493.0,50.0,-0.41852464316282384
16716.0,835800.0,835543.0,50.0,-0.6559884003460371
16717.0,835850.0,835593.0,50.0,-0.7030675892045968
16718.0,835900.0,835643.0,50.0,-1.0368547790702316
16719.0,835950.0,835693.0,50.0,-0.832676459767521
16720.0,836000.0,835743.0,50.0,-1.1909956865886853
16721.0,836050.0,835793.0,50.0,-0.5622632041385351
16722.0,836100.0,835843.0,50.0,-0.992303573589435
16723.0,836150.0,835893.0,50.0,-2.0875939679129485
16724.0,836200.0,835943.0,50.0,-0.465129090421928
16725.0,836250.0,835993.0,50.0,-0.8452122907797104
16726.0,836300.0,836043.0,50.0,-0.6225043750148337
16727.0,836350.0,836093.0,50.0,-1.3678742311835268
16728.0,836400.0,836143.0,50.0,-1.7398721108211752
16729.0,836450.0,836193.0,50.0,-0.6869094478702253
16730.0,836500.0,836243.0,50.0,-0.8365247194700492
16731.0,836550.0,836293.0,50.0,-1.7070895280302636
16732.0,836600.0,836343.0,50.0,-0.8822892861700001
16733.0,836650.0,836393.0,50.0,-1.147693193672333
16734.0,836700.0,836443.0,50.0,-1.0187238791341637
16735.0,836750.0,836493.0,50.0,-1.454681487308896
16736.0,836800.0,836543.0,50.0,-0.8018535325636603
16737.0,836850.0,836593.0,50.0,-0.8511337615022616
16738.0,836900.0,836643.0,50.0,-0.9670280918166826
16739.0,836950.0,836693.0,50.0,-1.1583297669714856
16740.0,837000.0,836743.0,50.0,-0.5119868738997481
16741.0,837050.0,836793.0,50.0,-0.5474031993727615
16742.0,837100.0,836843.0,50.0,-1.3866754889971393
16743.0,837150.0,836893.0,50.0,-1.0581828348623412
16744.0,837200.0,836943.0,50.0,-0.6059137438582395
16745.0,837250.0,836993.0,50.0,-1.0377432175614547
16746.0,837300.0,837043.0,50.0,-1.2418583490745192
16747.0,837350.0,837093.0,50.0,-1.156042430876481
16748.0,837400.0,837143.0,50.0,-1.056964614081531
16749.0,837450.0,837193.0,50.0,-1.555953925823931
16750.0,837500.0,837243.0,50.0,-1.4601580253214925
16751.0,837550.0,837293.0,50.0,-0.527844135043212
16752.0,837600.0,837343.0,50.0,-0.9137445278816798
16753.0,837650.0,837393.0,50.0,-1.2506298117849375
16754.0,837700.0,837443.0,50.0,-0.8470624556364059
16755.0,837750.0,837493.0,50.0,-0.5709124758542655
16756.0,837800.0,837543.0,50.0,-0.9174759952077786
16757.0,837850.0,837593.0,50.0,-1.350704829909288
16758.0,837900.0,837643.0,50.0,-1.4349899030569488
16759.0,837950.0,837693.0,50.0,-0.6987741373030382
16760.0,838000.0,837743.0,50.0,-0.5960840022504446
16761.0,838050.0,837793.0,50.0,-0.9785003109984426
16762.0,838100.0,837843.0,50.0,-0.6458948191276553
16763.0,838150.0,837893.0,50.0,-1.287659284153684
16764.0,838200.0,837943.0,50.0,-0.7896943353725684
16765.0,838250.0,837993.0,50.0,-1.2300659197906667
16766.0,838300.0,838043.0,50.0,-0.7668557823670143
16767.0,838350.0,838093.0,50.0,-0.6639019472740898
16768.0,838400.0,838143.0,50.0,-0.8224010204063839
16769.0,838450.0,838193.0,50.0,-0.682426462556676
16770.0,838500.0,838243.0,50.0,-0.993105339981318
16771.0,838550.0,838293.0,50.0,-1.324882246523617
16772.0,838600.0,838343.0,50.0,-0.5779343414026081
16773.0,838650.0,838393.0,50.0,-0.5800587814648792
16774.0,838700.0,838443.0,50.0,-0.4643935271934767
16775.0,838750.0,838493.0,50.0,-0.812791260058618
16776.0,838800.0,838543.0,50.0,-1.0540282127861162
16777.0,838850.0,838593.0,50.0,-0.9467356012758026
16778.0,838900.0,838643.0,50.0,-1.982532618988049
16779.0,838950.0,838693.0,50.0,-0.8901167004560194
16780.0,839000.0,838743.0,50.0,-0.7469060682925169
16781.0,839050.0,838793.0,50.0,-1.3881147135857357
16782.0,839100.0,838843.0,50.0,-0.6724150221211225
16783.0,839150.0,838893.0,50.0,-1.0502460088264958
16784.0,839200.0,838943.0,50.0,-1.0595263323064903
16785.0,839250.0,838993.0,50.0,-0.7104999965368043
16786.0,839300.0,839043.0,50.0,-0.6933751271056574
16787.0,839350.0,839093.0,50.0,-0.7930263919996494
16788.0,839400.0,839143.0,50.0,-1.1195239994925883
16789.0,839450.0,839193.0,50.0,-0.5138225246592658
16790.0,839500.0,839243.0,50.0,-1.0512618965973957
16791.0,839550.0,839293.0,50.0,-0.6100993775138751
16792.0,839600.0,839343.0,50.0,-0.7956081350312195
16793.0,839650.0,839393.0,50.0,-1.4950292708479724
16794.0,839700.0,839443.0,50.0,-0.9539667785083431
16795.0,839750.0,839493.0,50.0,-0.6104255144890205
16796.0,839800.0,839543.0,50.0,-1.0283390753255794
16797.0,839850.0,839593.0,50.0,-0.7427904114769779
16798.0,839900.0,839643.0,50.0,-0.8964955181642504
16799.0,839950.0,839693.0,50.0,-1.4176346457026454
16800.0,840000.0,839743.0,50.0,-1.392342958710127
16801.0,840050.0,839793.0,50.0,-1.0890574225723335
16802.0,840100.0,839843.0,50.0,-0.7706167448695997
16803.0,840150.0,839893.0,50.0,-0.5900731236529835
16804.0,840200.0,839943.0,50.0,-0.8212777185528864
16805.0,840250.0,839993.0,50.0,-0.7406710327281906
16806.0,840300.0,840043.0,50.0,-0.6378092916703826
16807.0,840350.0,840093.0,50.0,-1.3473516505718115
16808.0,840400.0,840143.0,50.0,-0.5591703634757293
16809.0,840450.0,840193.0,50.0,-1.3567427756798012
16810.0,840500.0,840243.0,50.0,-0.5595756710662347
16811.0,840550.0,840293.0,50.0,-1.4186512040548351
16812.0,840600.0,840343.0,50.0,-0.8573631646325934
16813.0,840650.0,840393.0,50.0,-1.347914861429088
16814.0,840700.0,840443.0,50.0,-0.7186359909342427
16815.0,840750.0,840493.0,50.0,-1.0417887171827438
16816.0,840800.0,840543.0,50.0,-0.5509803678624341
16817.0,840850.0,840593.0,50.0,-1.2703315027511999
16818.0,840900.0,840643.0,50.0,-0.5832327815968275
16819.0,840950.0,840693.0,50.0,-0.6009547523868829
16820.0,841000.0,840743.0,50.0,-0.5828517839418718
16821.0,841050.0,840793.0,50.0,-0.8899567657689685
16822.0,841100.0,840843.0,50.0,-1.1972472940188117
16823.0,841150.0,840893.0,50.0,-1.3575893801544716
16824.0,841200.0,840943.0,50.0,-1.2810653780683958
16825.0,841250.0,840993.0,50.0,-1.2813309854403487
16826.0,841300.0,841043.0,50.0,-0.7018420914875122
16827.0,841350.0,841093.0,50.0,-0.912544951880063
16828.0,841400.0,841143.0,50.0,-0.9065763137765487
16829.0,841450.0,841193.0,50.0,-0.6662326880732253
16830.0,841500.0,841243.0,50.0,-0.48373494882523826
16831.0,841550.0,841293.0,50.0,-0.7521732539509713
16832.0,841600.0,841343.0,50.0,-1.254174889378045
16833.0,841650.0,841393.0,50.0,-0.6926600253396668
16834.0,841700.0,841443.0,50.0,-0.5616761189192077
16835.0,841750.0,841493.0,50.0,-1.1447896668080648
16836.0,841800.0,841543.0,50.0,-0.5206239065212187
16837.0,841850.0,841593.0,50.0,-0.635977255228324
16838.0,841900.0,841643.0,50.0,-2.363207803884888
16839.0,841950.0,841693.0,50.0,-0.6026740736923876
16840.0,842000.0,841743.0,50.0,-0.48390514346070357
16841.0,842050.0,841793.0,50.0,-2.011376821335283
16842.0,842100.0,841843.0,50.0,-0.6616028049741298
16843.0,842150.0,841893.0,50.0,-0.7674308381107502
16844.0,842200.0,841943.0,50.0,-0.7703179252606128
16845.0,842250.0,841993.0,50.0,-1.0542071550540602
16846.0,842300.0,842043.0,50.0,-0.4364527216425443
16847.0,842350.0,842093.0,50.0,-0.7374506762877491
16848.0,842400.0,842143.0,50.0,-0.9752974439189178
16849.0,842450.0,842193.0,50.0,-1.3394436964717575
16850.0,842500.0,842243.0,50.0,-1.5646790991910697
16851.0,842550.0,842293.0,50.0,-1.5347579284353583
16852.0,842600.0,842343.0,50.0,-1.0091372561644627
16853.0,842650.0,842393.0,50.0,-1.0168881150949587
16854.0,842700.0,842443.0,50.0,-0.8941447240505759
16855.0,842750.0,842493.0,50.0,-0.7789523017931311
16856.0,842800.0,842543.0,50.0,-0.6488763094319003
16857.0,842850.0,842593.0,50.0,-0.5224071716965109
16858.0,842900.0,842643.0,50.0,-1.3127170340959966
16859.0,842950.0,842693.0,50.0,-1.050444213347061
16860.0,843000.0,842743.0,50.0,-0.7891188815180168
16861.0,843050.0,842793.0,50.0,-1.5632807592069011
16862.0,843100.0,842843.0,50.0,-0.9108612785034718
16863.0,843150.0,842893.0,50.0,-1.304064816366951
16864.0,843200.0,842943.0,50.0,-1.6194289204936128
16865.0,843250.0,842993.0,50.0,-0.5787643386519448
16866.0,843300.0,843043.0,50.0,-1.111065631628959
16867.0,843350.0,843093.0,50.0,-1.7650119445718095
16868.0,843400.0,843143.0,50.0,-1.2768480266812818
16869.0,843450.0,843193.0,50.0,-0.9330887196180521
16870.0,843500.0,843243.0,50.0,-0.659522188364767
16871.0,843550.0,843293.0,50.0,-1.2596134658564275
16872.0,843600.0,843343.0,50.0,-0.7904957857439386
16873.0,843650.0,843393.0,50.0,-0.6868358274237061
16874.0,843700.0,843443.0,50.0,-0.6415917483687525
16875.0,843750.0,843493.0,50.0,-0.731493458725751
16876.0,843800.0,843543.0,50.0,-0.6396044959127068
16877.0,843850.0,843593.0,50.0,-1.1740545951023549
16878.0,843900.0,843643.0,50.0,-0.4100918922945124
16879.0,843950.0,843693.0,50.0,-1.1527580483796822
16880.0,844000.0,843743.0,50.0,-1.7956981327477124
16881.0,844050.0,843793.0,50.0,-1.2275929753386217
16882.0,844100.0,843843.0,50.0,-0.5447528673223678
16883.0,844150.0,843893.0,50.0,-1.1631041965322908
16884.0,844200.0,843943.0,50.0,-0.7077310670127079
16885.0,844250.0,843993.0,50.0,-0.9179580625815409
16886.0,844300.0,844043.0,50.0,-1.5495206768510876
16887.0,844350.0,844093.0,50.0,-0.7302116788688605
16888.0,844400.0,844143.0,50.0,-0.6512580370278214
16889.0,844450.0,844193.0,50.0,-0.8228131211513517
16890.0,844500.0,844243.0,50.0,-0.8014106281145237
16891.0,844550.0,844293.0,50.0,-0.7183180292524648
16892.0,844600.0,844343.0,50.0,-0.8483732820527349
16893.0,844650.0,844393.0,50.0,-0.5365297989264739
16894.0,844700.0,844443.0,50.0,-0.6456276287170024
16895.0,844750.0,844493.0,50.0,-0.7897543429803198
16896.0,844800.0,844543.0,50.0,-2.0663018294199644
16897.0,844850.0,844593.0,50.0,-1.3826576164527922
16898.0,844900.0,844643.0,50.0,-1.1101625068097851
16899.0,844950.0,844693.0,50.0,-1.1584294592577566
16900.0,845000.0,844743.0,50.0,-0.6996489860059811
16901.0,845050.0,844793.0,50.0,-0.7299379561546252
16902.0,845100.0,844843.0,50.0,-0.8641717403865404
16903.0,845150.0,844893.0,50.0,-1.2833175710745304
16904.0,845200.0,844943.0,50.0,-0.561361731867398
16905.0,845250.0,844993.0,50.0,-0.8961439944145341
16906.0,845300.0,845043.0,50.0,-1.3942505701265786
16907.0,845350.0,845093.0,50.0,-0.8519277202335549
16908.0,845400.0,845143.0,50.0,-0.7668976668855382
16909.0,845450.0,845193.0,50.0,-0.6336085390706113
16910.0,845500.0,845243.0,50.0,-0.6658173698614954
16911.0,845550.0,845293.0,50.0,-1.7005740335583936
16912.0,845600.0,845343.0,50.0,-0.8623202660331506
16913.0,845650.0,845393.0,50.0,-1.2164298298927025
16914.0,845700.0,845443.0,50.0,-1.177966884381987
16915.0,845750.0,845493.0,50.0,-1.233204921527097
16916.0,845800.0,845543.0,50.0,-1.5338549068698994
16917.0,845850.0,845593.0,50.0,-0.4833225010216571
16918.0,845900.0,845643.0,50.0,-0.5428055540810154
16919.0,845950.0,845693.0,50.0,-0.6855499662429936
16920.0,846000.0,845743.0,50.0,-1.1346008793967408
16921.0,846050.0,845793.0,50.0,-1.0133985382757646
16922.0,846100.0,845843.0,50.0,-0.6453790899746704
16923.0,846150.0,845893.0,50.0,-1.5310431563457674
16924.0,846200.0,845943.0,50.0,-0.7870976448757144
16925.0,846250.0,845993.0,50.0,-0.9851654394013727
16926.0,846300.0,846043.0,50.0,-1.5331993202446712
16927.0,846350.0,846093.0,50.0,-1.4510454232985894
16928.0,846400.0,846143.0,50.0,-0.6795567989258339
16929.0,846450.0,846193.0,50.0,-1.1947311013509567
16930.0,846500.0,846243.0,50.0,-0.5717303879004451
16931.0,846550.0,846293.0,50.0,-0.6869851804077067
16932.0,846600.0,846343.0,50.0,-1.0611719022998125
16933.0,846650.0,846393.0,50.0,-1.2966470579825287
16934.0,846700.0,846443.0,50.0,-1.316168327906477
16935.0,846750.0,846493.0,50.0,-0.8728150863678298
16936.0,846800.0,846543.0,50.0,-0.8762530474239545
16937.0,846850.0,846593.0,50.0,-0.7495659674633306
16938.0,846900.0,846643.0,50.0,-0.8987434214839958
16939.0,846950.0,846693.0,50.0,-1.3870133722130213
16940.0,847000.0,846743.0,50.0,-0.49142245209095803
16941.0,847050.0,846793.0,50.0,-0.6956903338277096
16942.0,847100.0,846843.0,50.0,-1.126388643046084
16943.0,847150.0,846893.0,50.0,-1.4097220721233323
16944.0,847200.0,846943.0,50.0,-0.5767458375128773
16945.0,847250.0,846993.0,50.0,-1.1121969116389927
16946.0,847300.0,847043.0,50.0,-1.2783091148153871
16947.0,847350.0,847093.0,50.0,-0.6677940985037212
16948.0,847400.0,847143.0,50.0,-0.4230677759709393
16949.0,847450.0,847193.0,50.0,-0.5423390825299225
16950.0,847500.0,847243.0,50.0,-0.5568246765963638
16951.0,847550.0,847293.0,50.0,-0.7112758137673071
16952.0,847600.0,847343.0,50.0,-1.0624368183747805
16953.0,847650.0,847393.0,50.0,-0.7469273983443053
16954.0,847700.0,847443.0,50.0,-0.5643130871507644
16955.0,847750.0,847493.0,50.0,-0.7734505884414394
16956.0,847800.0,847543.0,50.0,-0.8467477211360189
16957.0,847850.0,847593.0,50.0,-1.1491160941993457
16958.0,847900.0,847643.0,50.0,-1.9393144829372295
16959.0,847950.0,847693.0,50.0,-1.1786206581403404
16960.0,848000.0,847743.0,50.0,-0.7211630727628686
16961.0,848050.0,847793.0,50.0,-0.8717353213912054
16962.0,848100.0,847843.0,50.0,-0.5437614625558896
16963.0,848150.0,847893.0,50.0,-0.86331681300586
16964.0,848200.0,847943.0,50.0,-1.0602159615217668
16965.0,848250.0,847993.0,50.0,-1.018184938021192
16966.0,848300.0,848043.0,50.0,-1.697011256096428
16967.0,848350.0,848093.0,50.0,-1.7712064188973868
16968.0,848400.0,848143.0,50.0,-0.5660331008965971
16969.0,848450.0,848193.0,50.0,-1.359895813497406
16970.0,848500.0,848243.0,50.0,-0.7038952747333531
16971.0,848550.0,848293.0,50.0,-1.3352206954958596
16972.0,848600.0,848343.0,50.0,-0.9252570460432034
16973.0,848650.0,848393.0,50.0,-0.6809973451628125
16974.0,848700.0,848443.0,50.0,-0.729950259398008
16975.0,848750.0,848493.0,50.0,-1.2708241408173917
16976.0,848800.0,848543.0,50.0,-0.3781514274629501
16977.0,848850.0,848593.0,50.0,-0.7466760684545404
16978.0,848900.0,848643.0,50.0,-0.6554555057963393
16979.0,848950.0,848693.0,50.0,-1.0059270918970544
16980.0,849000.0,848743.0,50.0,-1.0839053251237438
16981.0,849050.0,848793.0,50.0,-0.6663944304742424
16982.0,849100.0,848843.0,50.0,-0.6434252160386331
16983.0,849150.0,848893.0,50.0,-1.0361567921332377
16984.0,849200.0,848943.0,50.0,-0.6721156717706254
16985.0,849250.0,848993.0,50.0,-0.766914116299444
16986.0,849300.0,849043.0,50.0,-0.8243942229240404
16987.0,849350.0,849093.0,50.0,-1.0055592157180033
16988.0,849400.0,849143.0,50.0,-1.2398849284546238
16989.0,849450.0,849193.0,50.0,-1.1577363218556103
16990.0,849500.0,849243.0,50.0,-1.1803118683135796
16991.0,849550.0,849293.0,50.0,-0.5434251611874292
16992.0,849600.0,849343.0,50.0,-0.7281219743965729
16993.0,849650.0,849393.0,50.0,-0.8490960909168581
16994.0,849700.0,849443.0,50.0,-1.1620203930563369
16995.0,849750.0,849493.0,50.0,-1.8729161025509373
16996.0,849800.0,849543.0,50.0,-2.0844444481082287
16997.0,849850.0,849593.0,50.0,-0.7062084134708605
16998.0,849900.0,849643.0,50.0,-1.3914475248057758
16999.0,849950.0,849693.0,50.0,-0.48173395897882143
17000.0,850000.0,849743.0,50.0,-0.6405503413997695
17001.0,850050.0,849793.0,50.0,-0.7398194611612787
17002.0,850100.0,849843.0,50.0,-0.8048549214615272
17003.0,850150.0,849893.0,50.0,-0.9460423531701925
17004.0,850200.0,849943.0,50.0,-1.0009287394458082
17005.0,850250.0,849993.0,50.0,-0.5589167202926412
17006.0,850300.0,850043.0,50.0,-0.5736142553479071
17007.0,850350.0,850093.0,50.0,-1.065114023573292
17008.0,850400.0,850143.0,50.0,-0.7978005003429673
17009.0,850450.0,850193.0,50.0,-1.0865362048611387
17010.0,850500.0,850243.0,50.0,-0.5867142938738078
17011.0,850550.0,850293.0,50.0,-0.6246227944014956
17012.0,850600.0,850343.0,50.0,-0.6513123296123999
17013.0,850650.0,850393.0,50.0,-0.9779205683598446
17014.0,850700.0,850443.0,50.0,-1.3514517254593403
17015.0,850750.0,850493.0,50.0,-0.9353967051907381
17016.0,850800.0,850543.0,50.0,-1.0458525562174297
17017.0,850850.0,850593.0,50.0,-1.3077604672977898
17018.0,850900.0,850643.0,50.0,-0.9765535641153971
17019.0,850950.0,850693.0,50.0,-0.8652958887946717
17020.0,851000.0,850743.0,50.0,-0.8001631496926854
17021.0,851050.0,850793.0,50.0,-0.6472696509668833
17022.0,851100.0,850843.0,50.0,-0.6501594306522058
17023.0,851150.0,850893.0,50.0,-1.5689569347796832
17024.0,851200.0,850943.0,50.0,-1.848321989118284
17025.0,851250.0,850993.0,50.0,-1.1709748190649527
17026.0,851300.0,851043.0,50.0,-1.0574664678214574
17027.0,851350.0,851093.0,50.0,-0.5406652251629492
17028.0,851400.0,851143.0,50.0,-1.1511423534203278
17029.0,851450.0,851193.0,50.0,-1.1921626588194774
17030.0,851500.0,851243.0,50.0,-0.5706250960908853
17031.0,851550.0,851293.0,50.0,-0.8835707554181791
17032.0,851600.0,851343.0,50.0,-1.0291822176151937
17033.0,851650.0,851393.0,50.0,-0.8239140530306408
17034.0,851700.0,851443.0,50.0,-1.002198408851078
17035.0,851750.0,851493.0,50.0,-0.5686517494681352
17036.0,851800.0,851543.0,50.0,-1.1338991081071341
17037.0,851850.0,851593.0,50.0,-1.738037495397913
17038.0,851900.0,851643.0,50.0,-0.8495728791438907
17039.0,851950.0,851693.0,50.0,-0.5583244267450239
17040.0,852000.0,851743.0,50.0,-1.2801024323833663
17041.0,852050.0,851793.0,50.0,-0.5052141181381679
17042.0,852100.0,851843.0,50.0,-0.4980460153339525
17043.0,852150.0,851893.0,50.0,-0.5210925319140471
17044.0,852200.0,851943.0,50.0,-0.8485807714047051
17045.0,852250.0,851993.0,50.0,-1.408185540368811
17046.0,852300.0,852043.0,50.0,-0.5034971805581622
17047.0,852350.0,852093.0,50.0,-1.7172728426751636
17048.0,852400.0,852143.0,50.0,-0.643395295035873
17049.0,852450.0,852193.0,50.0,-0.6739530542202606
17050.0,852500.0,852243.0,50.0,-0.7268574299677623
17051.0,852550.0,852293.0,50.0,-0.5798751294087794
17052.0,852600.0,852343.0,50.0,-1.2253037575536845
17053.0,852650.0,852393.0,50.0,-0.792023643261122
17054.0,852700.0,852443.0,50.0,-0.7971565669807242
17055.0,852750.0,852493.0,50.0,-0.6630564321010693
17056.0,852800.0,852543.0,50.0,-1.4123468736563993
17057.0,852850.0,852593.0,50.0,-0.7406044159000741
17058.0,852900.0,852643.0,50.0,-0.601584167783571
17059.0,852950.0,852693.0,50.0,-1.54131152429713
17060.0,853000.0,852743.0,50.0,-1.5296852964354295
17061.0,853050.0,852793.0,50.0,-1.7819928317932028
17062.0,853100.0,852843.0,50.0,-1.4346515869759635
17063.0,853150.0,852893.0,50.0,-0.7890495965343887
17064.0,853200.0,852943.0,50.0,-0.7741575041341713
17065.0,853250.0,852993.0,50.0,-0.5043813184160302
17066.0,853300.0,853043.0,50.0,-0.5534714655941599
17067.0,853350.0,853093.0,50.0,-1.0479987678164295
17068.0,853400.0,853143.0,50.0,-1.0097513885457028
17069.0,853450.0,853193.0,50.0,-0.8067159451686603
17070.0,853500.0,853243.0,50.0,-0.6726820007754433
17071.0,853550.0,853293.0,50.0,-1.046842436499989
17072.0,853600.0,853343.0,50.0,-0.7299683596680303
17073.0,853650.0,853393.0,50.0,-0.6872402065336185
17074.0,853700.0,853443.0,50.0,-1.227160509559614
17075.0,853750.0,853493.0,50.0,-1.1943804253462453
17076.0,853800.0,853543.0,50.0,-0.543537023176118
17077.0,853850.0,853593.0,50.0,-0.6210074445059958
17078.0,853900.0,853643.0,50.0,-1.0745391281693701
17079.0,853950.0,853693.0,50.0,-0.9224371548879072
17080.0,854000.0,853743.0,50.0,-0.7051741136170523
17081.0,854050.0,853793.0,50.0,-0.9669802260075062
17082.0,854100.0,853843.0,50.0,-0.8234027331509405
17083.0,854150.0,853893.0,50.0,-1.1287636407147028
17084.0,854200.0,853943.0,50.0,-0.9197012506375971
17085.0,854250.0,853993.0,50.0,-1.2248335833436763
17086.0,854300.0,854043.0,50.0,-0.8761578213586311
17087.0,854350.0,854093.0,50.0,-0.6538169588626118
17088.0,854400.0,854143.0,50.0,-0.7863123517722879
17089.0,854450.0,854193.0,50.0,-0.8266618089764973
17090.0,854500.0,854243.0,50.0,-1.4925853194568701
17091.0,854550.0,854293.0,50.0,-1.9368123923726344
17092.0,854600.0,854343.0,50.0,-0.8297674683086964
17093.0,854650.0,854393.0,50.0,-0.45627505179891326
17094.0,854700.0,854443.0,50.0,-1.4057522580912356
17095.0,854750.0,854493.0,50.0,-1.1416465529295665
17096.0,854800.0,854543.0,50.0,-1.4482612820294545
17097.0,854850.0,854593.0,50.0,-0.7239246882085686
17098.0,854900.0,854643.0,50.0,-0.926795758461107
17099.0,854950.0,854693.0,50.0,-2.787667856079788
17100.0,855000.0,854743.0,50.0,-0.685732688565153
17101.0,855050.0,854793.0,50.0,-0.6195197823029026
17102.0,855100.0,854843.0,50.0,-0.9084830810428958
17103.0,855150.0,854893.0,50.0,-0.6190185207667253
17104.0,855200.0,854943.0,50.0,-0.8889816693254765
17105.0,855250.0,854993.0,50.0,-0.8159516109295207
17106.0,855300.0,855043.0,50.0,-0.7971431466555482
17107.0,855350.0,855093.0,50.0,-0.6276552901324165
17108.0,855400.0,855143.0,50.0,-1.2561385986039775
17109.0,855450.0,855193.0,50.0,-1.8381949634756722
17110.0,855500.0,855243.0,50.0,-1.8099276038164362
17111.0,855550.0,855293.0,50.0,-0.5807881700490649
17112.0,855600.0,855343.0,50.0,-0.9946088904645575
17113.0,855650.0,855393.0,50.0,-0.4800131426286444
17114.0,855700.0,855443.0,50.0,-0.7313333910295315
17115.0,855750.0,855493.0,50.0,-1.120514177546203
17116.0,855800.0,855543.0,50.0,-0.7129206181396653
17117.0,855850.0,855593.0,50.0,-0.8394074407665203
17118.0,855900.0,855643.0,50.0,-0.6402503496789292
17119.0,855950.0,855693.0,50.0,-1.4341016442540633
17120.0,856000.0,855743.0,50.0,-0.46864598133979696
17121.0,856050.0,855793.0,50.0,-1.168417628656784
17122.0,856100.0,855843.0,50.0,-0.5060954565575867
17123.0,856150.0,855893.0,50.0,-0.7148650591797719
17124.0,856200.0,855943.0,50.0,-1.272764834670746
17125.0,856250.0,855993.0,50.0,-1.1543512332569328
17126.0,856300.0,856043.0,50.0,-0.7481922188585877
17127.0,856350.0,856093.0,50.0,-0.7167896114510928
17128.0,856400.0,856143.0,50.0,-0.9196225469364384
17129.0,856450.0,856193.0,50.0,-1.1310499703463288
17130.0,856500.0,856243.0,50.0,-0.861544279725574
17131.0,856550.0,856293.0,50.0,-1.399336366344552
17132.0,856600.0,856343.0,50.0,-0.6745216763837524
17133.0,856650.0,856393.0,50.0,-0.8747669464221435
17134.0,856700.0,856443.0,50.0,-1.5800042238727536
17135.0,856750.0,856493.0,50.0,-1.3815596337738714
17136.0,856800.0,856543.0,50.0,-0.8140598319219895
17137.0,856850.0,856593.0,50.0,-0.9828292313169052
17138.0,856900.0,856643.0,50.0,-1.9420590714477968
17139.0,856950.0,856693.0,50.0,-1.295564422183084
17140.0,857000.0,856743.0,50.0,-0.6015522676306587
17141.0,857050.0,856793.0,50.0,-1.1480826191552298
17142.0,857100.0,856843.0,50.0,-0.7814324715613886
17143.0,857150.0,856893.0,50.0,-0.6438218443944326
17144.0,857200.0,856943.0,50.0,-0.9013136588825742
17145.0,857250.0,856993.0,50.0,-1.1359615070312035
17146.0,857300.0,857043.0,50.0,-0.6684769081464934
17147.0,857350.0,857093.0,50.0,-1.344660921376979
17148.0,857400.0,857143.0,50.0,-1.304148244877714
17149.0,857450.0,857193.0,50.0,-1.3150164293079927
17150.0,857500.0,857243.0,50.0,-0.5535997155643568
17151.0,857550.0,857293.0,50.0,-1.0907686827798873
17152.0,857600.0,857343.0,50.0,-0.728654607669036
17153.0,857650.0,857393.0,50.0,-0.8981220386140546
17154.0,857700.0,857443.0,50.0,-0.7014997271303546
17155.0,857750.0,857493.0,50.0,-1.2626136162487454
17156.0,857800.0,857543.0,50.0,-0.7376082269362918
17157.0,857850.0,857593.0,50.0,-0.9648415658335127
17158.0,857900.0,857643.0,50.0,-1.5201532215025753
17159.0,857950.0,857693.0,50.0,-0.7468930002143924
17160.0,858000.0,857743.0,50.0,-0.5598409693361873
17161.0,858050.0,857793.0,50.0,-1.6893832803516846
17162.0,858100.0,857843.0,50.0,-1.279259049410067
17163.0,858150.0,857893.0,50.0,-1.363817830545046
17164.0,858200.0,857943.0,50.0,-1.0711874658302194
17165.0,858250.0,857993.0,50.0,-0.8194759361090539
17166.0,858300.0,858043.0,50.0,-0.669762334615119
17167.0,858350.0,858093.0,50.0,-0.4399119328950789
17168.0,858400.0,858143.0,50.0,-0.7756490947965122
17169.0,858450.0,858193.0,50.0,-0.9453544093775791
17170.0,858500.0,858243.0,50.0,-0.8036430582695667
17171.0,858550.0,858293.0,50.0,-0.5418873912230038
17172.0,858600.0,858343.0,50.0,-1.6317349301675272
17173.0,858650.0,858393.0,50.0,-1.1934901260180995
17174.0,858700.0,858443.0,50.0,-0.9769590236900935
17175.0,858750.0,858493.0,50.0,-0.9760504738924891
17176.0,858800.0,858543.0,50.0,-0.8484012267188888
17177.0,858850.0,858593.0,50.0,-0.9743802852131112
17178.0,858900.0,858643.0,50.0,-0.9898499648911783
17179.0,858950.0,858693.0,50.0,-1.0278791135188425
17180.0,859000.0,858743.0,50.0,-0.9136102517894858
17181.0,859050.0,858793.0,50.0,-0.8794879840694
17182.0,859100.0,858843.0,50.0,-0.9922856156292634
17183.0,859150.0,858893.0,50.0,-1.0524739811620938
17184.0,859200.0,858943.0,50.0,-1.610280846611104
17185.0,859250.0,858993.0,50.0,-0.9963276366208063
17186.0,859300.0,859043.0,50.0,-0.8035572537716555
17187.0,859350.0,859093.0,50.0,-1.003884558618723
17188.0,859400.0,859143.0,50.0,-0.8464963941316196
17189.0,859450.0,859193.0,50.0,-1.4416342452219435
17190.0,859500.0,859243.0,50.0,-0.7949006960932953
17191.0,859550.0,859293.0,50.0,-0.8800790050530887
17192.0,859600.0,859343.0,50.0,-0.7713487057403359
17193.0,859650.0,859393.0,50.0,-0.8280872165940709
17194.0,859700.0,859443.0,50.0,-0.4202630510979125
17195.0,859750.0,859493.0,50.0,-0.5698699362008741
17196.0,859800.0,859543.0,50.0,-0.7898615554827924
17197.0,859850.0,859593.0,50.0,-0.5002125394314609
17198.0,859900.0,859643.0,50.0,-1.4029337125556693
17199.0,859950.0,859693.0,50.0,-0.9649290083214016
17200.0,860000.0,859743.0,50.0,-1.2301803427378373
17201.0,860050.0,859793.0,50.0,-0.669321090853602
17202.0,860100.0,859843.0,50.0,-0.9060876243643725
17203.0,860150.0,859893.0,50.0,-0.55580640074552
17204.0,860200.0,859943.0,50.0,-0.7356255577645451
17205.0,860250.0,859993.0,50.0,-0.5710385773079095
17206.0,860300.0,860043.0,50.0,-1.538494979508995
17207.0,860350.0,860093.0,50.0,-2.0502319535411933
17208.0,860400.0,860143.0,50.0,-1.4150139554434082
17209.0,860450.0,860193.0,50.0,-0.6378973862626423
17210.0,860500.0,860243.0,50.0,-0.6263176752869601
17211.0,860550.0,860293.0,50.0,-1.7196928206227076
17212.0,860600.0,860343.0,50.0,-0.46199437195956555
17213.0,860650.0,860393.0,50.0,-1.7345492934854831
17214.0,860700.0,860443.0,50.0,-1.3905776265423175
17215.0,860750.0,860493.0,50.0,-1.1981687826811132
17216.0,860800.0,860543.0,50.0,-0.8716254417382713
17217.0,860850.0,860593.0,50.0,-1.5123489254895575
17218.0,860900.0,860643.0,50.0,-0.8401284305821964
17219.0,860950.0,860693.0,50.0,-1.3560872319807165
17220.0,861000.0,860743.0,50.0,-0.7136471722532426
17221.0,861050.0,860793.0,50.0,-0.6750850219266638
17222.0,861100.0,860843.0,50.0,-1.090913547604097
17223.0,861150.0,860893.0,50.0,-0.5641658473409028
17224.0,861200.0,860943.0,50.0,-0.6820178513489
17225.0,861250.0,860993.0,50.0,-1.5880259548158826
17226.0,861300.0,861043.0,50.0,-0.9481242624867834
17227.0,861350.0,861093.0,50.0,-1.053988173425338
17228.0,861400.0,861143.0,50.0,-1.673458351207232
17229.0,861450.0,861193.0,50.0,-0.7250764417269768
17230.0,861500.0,861243.0,50.0,-0.9239681330544129
17231.0,861550.0,861293.0,50.0,-0.6792746088875011
17232.0,861600.0,861343.0,50.0,-0.5479050926425396
17233.0,861650.0,861393.0,50.0,-1.1671557048912058
17234.0,861700.0,861443.0,50.0,-0.6905922742242392
17235.0,861750.0,861493.0,50.0,-0.881135175071852
17236.0,861800.0,861543.0,50.0,-0.6303243753909749
17237.0,861850.0,861593.0,50.0,-0.9038925033473066
17238.0,861900.0,861643.0,50.0,-1.7493881896096666
17239.0,861950.0,861693.0,50.0,-1.0060285318796955
17240.0,862000.0,861743.0,50.0,-0.8141024595400598
17241.0,862050.0,861793.0,50.0,-0.5832489589004656
17242.0,862100.0,861843.0,50.0,-1.5479888557716377
17243.0,862150.0,861893.0,50.0,-0.8389652600931108
17244.0,862200.0,861943.0,50.0,-0.612466159444993
17245.0,862250.0,861993.0,50.0,-1.749731316067349
17246.0,862300.0,862043.0,50.0,-1.821952537810374
17247.0,862350.0,862093.0,50.0,-1.3217880857632955
17248.0,862400.0,862143.0,50.0,-0.5310121797768408
17249.0,862450.0,862193.0,50.0,-0.4645675149867793
17250.0,862500.0,862243.0,50.0,-0.6380707646127628
17251.0,862550.0,862293.0,50.0,-0.958325890750967
17252.0,862600.0,862343.0,50.0,-0.4902158943374989
17253.0,862650.0,862393.0,50.0,-0.6578103401362524
17254.0,862700.0,862443.0,50.0,-1.0728622967595747
17255.0,862750.0,862493.0,50.0,-0.7500649355682386
17256.0,862800.0,862543.0,50.0,-1.1321418391936546
17257.0,862850.0,862593.0,50.0,-1.8886129685086823
17258.0,862900.0,862643.0,50.0,-0.8166882079287027
17259.0,862950.0,862693.0,50.0,-1.2479321728255046
17260.0,863000.0,862743.0,50.0,-1.0014844478131089
17261.0,863050.0,862793.0,50.0,-1.7042417022340157
17262.0,863100.0,862843.0,50.0,-0.5120568969764484
17263.0,863150.0,862893.0,50.0,-0.7926953397894144
17264.0,863200.0,862943.0,50.0,-0.8537403508485593
17265.0,863250.0,862993.0,50.0,-0.9571931060627762
17266.0,863300.0,863043.0,50.0,-1.4661851063066873
17267.0,863350.0,863093.0,50.0,-0.7399639633267583
17268.0,863400.0,863143.0,50.0,-0.7411506563929452
17269.0,863450.0,863193.0,50.0,-0.810657748475564
17270.0,863500.0,863243.0,50.0,-0.9156015587657687
17271.0,863550.0,863293.0,50.0,-1.4096426056471791
17272.0,863600.0,863343.0,50.0,-0.9012281379742874
17273.0,863650.0,863393.0,50.0,-1.1014162218920924
17274.0,863700.0,863443.0,50.0,-0.716337066670487
17275.0,863750.0,863493.0,50.0,-1.0188433619792314
17276.0,863800.0,863543.0,50.0,-0.7203535590311914
17277.0,863850.0,863593.0,50.0,-1.508755511011758
17278.0,863900.0,863643.0,50.0,-0.9024513541791543
17279.0,863950.0,863693.0,50.0,-0.8437277998899456
17280.0,864000.0,863743.0,50.0,-0.7206073378219919
17281.0,864050.0,863793.0,50.0,-1.4297809847114147
17282.0,864100.0,863843.0,50.0,-0.8572510310131066
17283.0,864150.0,863893.0,50.0,-0.5436490809049933
17284.0,864200.0,863943.0,50.0,-0.9233818804694417
17285.0,864250.0,863993.0,50.0,-1.1323632832089863
17286.0,864300.0,864043.0,50.0,-0.6445804412147204
17287.0,864350.0,864093.0,50.0,-0.8856986848865528
17288.0,864400.0,864143.0,50.0,-1.1449281683348376
17289.0,864450.0,864193.0,50.0,-0.7881486358629197
17290.0,864500.0,864243.0,50.0,-1.3956792899569008
17291.0,864550.0,864293.0,50.0,-0.9375013732600118
17292.0,864600.0,864343.0,50.0,-0.5631759764411243
17293.0,864650.0,864393.0,50.0,-0.600268304958581
17294.0,864700.0,864443.0,50.0,-0.7205855330997998
17295.0,864750.0,864493.0,50.0,-2.5573208155169875
17296.0,864800.0,864543.0,50.0,-0.6708133601340653
17297.0,864850.0,864593.0,50.0,-2.197220785449706
17298.0,864900.0,864643.0,50.0,-1.426700049203737
17299.0,864950.0,864693.0,50.0,-0.9561317961984451
17300.0,865000.0,864743.0,50.0,-0.5574253341614948
17301.0,865050.0,864793.0,50.0,-1.336721491453784
17302.0,865100.0,864843.0,50.0,-1.1848890638538445
17303.0,865150.0,864893.0,50.0,-0.7035031133732207
17304.0,865200.0,864943.0,50.0,-1.2026763020577445
17305.0,865250.0,864993.0,50.0,-0.6563523601102784
17306.0,865300.0,865043.0,50.0,-0.5507272389809444
17307.0,865350.0,865093.0,50.0,-0.5465797539524688
17308.0,865400.0,865143.0,50.0,-0.7855473660620524
17309.0,865450.0,865193.0,50.0,-0.5355604198163251
17310.0,865500.0,865243.0,50.0,-0.5819452544233318
17311.0,865550.0,865293.0,50.0,-0.677488635337148
17312.0,865600.0,865343.0,50.0,-0.9277029071466983
17313.0,865650.0,865393.0,50.0,-0.7300122203315509
17314.0,865700.0,865443.0,50.0,-0.4514688319814494
17315.0,865750.0,865493.0,50.0,-2.585867869767957
17316.0,865800.0,865543.0,50.0,-0.7723696174710853
17317.0,865850.0,865593.0,50.0,-2.016371595746962
17318.0,865900.0,865643.0,50.0,-1.2310723358096005
17319.0,865950.0,865693.0,50.0,-0.7579959930197356
17320.0,866000.0,865743.0,50.0,-1.6652789913103152
17321.0,866050.0,865793.0,50.0,-0.46517615721298944
17322.0,866100.0,865843.0,50.0,-1.2365713929147384
17323.0,866150.0,865893.0,50.0,-0.8778234229653514
17324.0,866200.0,865943.0,50.0,-0.9750604666022269
17325.0,866250.0,865993.0,50.0,-2.770703314589491
17326.0,866300.0,866043.0,50.0,-0.6080174192492078
17327.0,866350.0,866093.0,50.0,-0.6475403145279878
17328.0,866400.0,866143.0,50.0,-1.3323235190331466
17329.0,866450.0,866193.0,50.0,-0.7227120471626307
17330.0,866500.0,866243.0,50.0,-0.9390016497541459
17331.0,866550.0,866293.0,50.0,-0.4997287692039838
17332.0,866600.0,866343.0,50.0,-0.8991833168816575
17333.0,866650.0,866393.0,50.0,-0.6330467917371031
17334.0,866700.0,866443.0,50.0,-1.5756954671014711
17335.0,866750.0,866493.0,50.0,-0.6830383901892156
17336.0,866800.0,866543.0,50.0,-1.0570581378252402
17337.0,866850.0,866593.0,50.0,-0.9511945554421888
17338.0,866900.0,866643.0,50.0,-0.7367873302100928
17339.0,866950.0,866693.0,50.0,-1.2109255003264965
17340.0,867000.0,866743.0,50.0,-0.9331228754542219
17341.0,867050.0,866793.0,50.0,-0.5737751543696622
17342.0,867100.0,866843.0,50.0,-1.044342443671003
17343.0,867150.0,866893.0,50.0,-0.9063085798131699
17344.0,867200.0,866943.0,50.0,-0.6828652291318128
17345.0,867250.0,866993.0,50.0,-0.9564277088002708
17346.0,867300.0,867043.0,50.0,-0.9723231434410932
17347.0,867350.0,867093.0,50.0,-0.6605194614688341
17348.0,867400.0,867143.0,50.0,-0.45532217943721986
17349.0,867450.0,867193.0,50.0,-0.9764365603107893
17350.0,867500.0,867243.0,50.0,-0.6213953750469572
17351.0,867550.0,867293.0,50.0,-0.899147486554608
17352.0,867600.0,867343.0,50.0,-0.7208906226762296
17353.0,867650.0,867393.0,50.0,-1.0717682325939888
17354.0,867700.0,867443.0,50.0,-0.7477100854797847
17355.0,867750.0,867493.0,50.0,-0.7594755378065436
17356.0,867800.0,867543.0,50.0,-1.3418780581972156
17357.0,867850.0,867593.0,50.0,-1.0230560913804647
17358.0,867900.0,867643.0,50.0,-0.5025980200771493
17359.0,867950.0,867693.0,50.0,-1.0275560522661416
17360.0,868000.0,867743.0,50.0,-0.6817542179959898
17361.0,868050.0,867793.0,50.0,-0.6676112900634867
17362.0,868100.0,867843.0,50.0,-0.7298891660224287
17363.0,868150.0,867893.0,50.0,-0.7704338120438446
17364.0,868200.0,867943.0,50.0,-0.8266827172027423
17365.0,868250.0,867993.0,50.0,-1.72388870834113
17366.0,868300.0,868043.0,50.0,-0.6850926221132141
17367.0,868350.0,868093.0,50.0,-0.8520441678840276
17368.0,868400.0,868143.0,50.0,-0.845990918234555
17369.0,868450.0,868193.0,50.0,-1.805865290135484
17370.0,868500.0,868243.0,50.0,-0.5076121094653905
17371.0,868550.0,868293.0,50.0,-1.8014127162117504
17372.0,868600.0,868343.0,50.0,-0.8928958574014338
17373.0,868650.0,868393.0,50.0,-1.7069606030238214
17374.0,868700.0,868443.0,50.0,-0.5427341916759157
17375.0,868750.0,868493.0,50.0,-0.8336219572654417
17376.0,868800.0,868543.0,50.0,-0.743170982619202
17377.0,868850.0,868593.0,50.0,-1.0538361184824308
17378.0,868900.0,868643.0,50.0,-2.0975871554875787
17379.0,868950.0,868693.0,50.0,-1.0515595212718247
17380.0,869000.0,868743.0,50.0,-1.5143853827900084
17381.0,869050.0,868793.0,50.0,-1.447691854853267
17382.0,869100.0,868843.0,50.0,-2.3475454991687976
17383.0,869150.0,868893.0,50.0,-0.5223061808319471
17384.0,869200.0,868943.0,50.0,-0.8135239548863545
17385.0,869250.0,868993.0,50.0,-1.954106750120378
17386.0,869300.0,869043.0,50.0,-0.6060309489029839
17387.0,869350.0,869093.0,50.0,-0.9392235880454786
17388.0,869400.0,869143.0,50.0,-1.0722925308143991
17389.0,869450.0,869193.0,50.0,-0.6016921483493046
17390.0,869500.0,869243.0,50.0,-2.1914601812817462
17391.0,869550.0,869293.0,50.0,-0.6789337376844918
17392.0,869600.0,869343.0,50.0,-0.7569331137500479
17393.0,869650.0,869393.0,50.0,-0.8391002464729743
17394.0,869700.0,869443.0,50.0,-1.3052157353208527
17395.0,869750.0,869493.0,50.0,-0.7370384810785457
17396.0,869800.0,869543.0,50.0,-1.4654483848104094
17397.0,869850.0,869593.0,50.0,-0.5768149756205243
17398.0,869900.0,869643.0,50.0,-0.6746555986573753
17399.0,869950.0,869693.0,50.0,-0.7775295005958862
17400.0,870000.0,869743.0,50.0,-0.7789173754161495
17401.0,870050.0,869793.0,50.0,-1.1900313659283075
17402.0,870100.0,869843.0,50.0,-1.1748953733329064
17403.0,870150.0,869893.0,50.0,-1.1783084896494107
17404.0,870200.0,869943.0,50.0,-0.5326577866435156
17405.0,870250.0,869993.0,50.0,-0.9119573846384172
17406.0,870300.0,870043.0,50.0,-2.0442897398303552
17407.0,870350.0,870093.0,50.0,-0.9634197615652089
17408.0,870400.0,870143.0,50.0,-0.7425115975131404
17409.0,870450.0,870193.0,50.0,-0.6024353159754765
17410.0,870500.0,870243.0,50.0,-0.9810927132283819
17411.0,870550.0,870293.0,50.0,-1.1785111694836552
17412.0,870600.0,870343.0,50.0,-0.8258959007161124
17413.0,870650.0,870393.0,50.0,-0.8831316254047097
17414.0,870700.0,870443.0,50.0,-0.6459910211058393
17415.0,870750.0,870493.0,50.0,-1.3557869684731918
17416.0,870800.0,870543.0,50.0,-0.6673801192171763
17417.0,870850.0,870593.0,50.0,-0.7882379571213515
17418.0,870900.0,870643.0,50.0,-0.8060887156669355
17419.0,870950.0,870693.0,50.0,-1.7393511610484498
17420.0,871000.0,870743.0,50.0,-0.6450691371498682
17421.0,871050.0,870793.0,50.0,-0.9268775252837842
17422.0,871100.0,870843.0,50.0,-0.8802359422680676
17423.0,871150.0,870893.0,50.0,-0.5385935574427395
17424.0,871200.0,870943.0,50.0,-1.3462328460344957
17425.0,871250.0,870993.0,50.0,-1.1676768712863648
17426.0,871300.0,871043.0,50.0,-0.6011832450322219
17427.0,871350.0,871093.0,50.0,-0.5510220207047869
17428.0,871400.0,871143.0,50.0,-0.9520070133174435
17429.0,871450.0,871193.0,50.0,-0.7876788683353322
17430.0,871500.0,871243.0,50.0,-2.2021473535295293
17431.0,871550.0,871293.0,50.0,-2.0597856866055464
17432.0,871600.0,871343.0,50.0,-0.9577340459887689
17433.0,871650.0,871393.0,50.0,-0.3972000560487391
17434.0,871700.0,871443.0,50.0,-0.47276568344132086
17435.0,871750.0,871493.0,50.0,-1.6368806215458387
17436.0,871800.0,871543.0,50.0,-1.3779670085398048
17437.0,871850.0,871593.0,50.0,-0.9429946167906006
17438.0,871900.0,871643.0,50.0,-0.9307319302184703
17439.0,871950.0,871693.0,50.0,-2.0044822712823276
17440.0,872000.0,871743.0,50.0,-0.6719266343862529
17441.0,872050.0,871793.0,50.0,-0.7262740714403423
17442.0,872100.0,871843.0,50.0,-1.1460435837475211
17443.0,872150.0,871893.0,50.0,-0.6131976856746822
17444.0,872200.0,871943.0,50.0,-1.304234455109799
17445.0,872250.0,871993.0,50.0,-0.8924534356241132
17446.0,872300.0,872043.0,50.0,-1.4260593692119687
17447.0,872350.0,872093.0,50.0,-1.6444874161070446
17448.0,872400.0,872143.0,50.0,-1.4541747607422428
17449.0,872450.0,872193.0,50.0,-0.8216275947617198
17450.0,872500.0,872243.0,50.0,-0.843998659475832
17451.0,872550.0,872293.0,50.0,-0.9950980200845571
17452.0,872600.0,872343.0,50.0,-1.5336747259134345
17453.0,872650.0,872393.0,50.0,-0.4934934529504076
17454.0,872700.0,872443.0,50.0,-1.896413964278537
17455.0,872750.0,872493.0,50.0,-0.8440252821462807
17456.0,872800.0,872543.0,50.0,-0.6811595556960737
17457.0,872850.0,872593.0,50.0,-1.1325379087522747
17458.0,872900.0,872643.0,50.0,-0.8088861340222837
17459.0,872950.0,872693.0,50.0,-0.9588369598315604
17460.0,873000.0,872743.0,50.0,-0.7725600043429357
17461.0,873050.0,872793.0,50.0,-0.6463701896381644
17462.0,873100.0,872843.0,50.0,-0.6708774177688939
17463.0,873150.0,872893.0,50.0,-1.1675725074888779
17464.0,873200.0,872943.0,50.0,-1.3865836866013783
17465.0,873250.0,872993.0,50.0,-0.8938763496751707
17466.0,873300.0,873043.0,50.0,-2.4301031108726954
17467.0,873350.0,873093.0,50.0,-0.9368375319473135
17468.0,873400.0,873143.0,50.0,-0.6628705315882507
17469.0,873450.0,873193.0,50.0,-0.9435600618400398
17470.0,873500.0,873243.0,50.0,-1.0685289537553342
17471.0,873550.0,873293.0,50.0,-0.5434397780863351
17472.0,873600.0,873343.0,50.0,-1.1138182790732873
17473.0,873650.0,873393.0,50.0,-0.7422931154536979
17474.0,873700.0,873443.0,50.0,-1.3680317162253703
17475.0,873750.0,873493.0,50.0,-1.054174888411837
17476.0,873800.0,873543.0,50.0,-0.7598210329918809
17477.0,873850.0,873593.0,50.0,-0.9020820107031194
17478.0,873900.0,873643.0,50.0,-0.7924168762836773
17479.0,873950.0,873693.0,50.0,-1.0419944686244447
17480.0,874000.0,873743.0,50.0,-0.5211265926006461
17481.0,874050.0,873793.0,50.0,-0.632949144684661
17482.0,874100.0,873843.0,50.0,-0.5207442450550382
17483.0,874150.0,873893.0,50.0,-1.052822001563603
17484.0,874200.0,873943.0,50.0,-0.6183680640166265
17485.0,874250.0,873993.0,50.0,-0.6097647354925125
17486.0,874300.0,874043.0,50.0,-0.516224535211098
17487.0,874350.0,874093.0,50.0,-0.5944574898321027
17488.0,874400.0,874143.0,50.0,-1.425707235419371
17489.0,874450.0,874193.0,50.0,-1.2455178732948464
17490.0,874500.0,874243.0,50.0,-0.4520884551960451
17491.0,874550.0,874293.0,50.0,-0.5520925398239136
17492.0,874600.0,874343.0,50.0,-0.6727172215657673
17493.0,874650.0,874393.0,50.0,-1.0304673464600187
17494.0,874700.0,874443.0,50.0,-0.44499957962917536
17495.0,874750.0,874493.0,50.0,-0.7529349946384747
17496.0,874800.0,874543.0,50.0,-1.4847492147635406
17497.0,874850.0,874593.0,50.0,-0.7794454489303791
17498.0,874900.0,874643.0,50.0,-0.7494312055644716
17499.0,874950.0,874693.0,50.0,-1.561074490838018
17500.0,875000.0,874743.0,50.0,-0.4513781842508536
17501.0,875050.0,874793.0,50.0,-2.306098820278527
17502.0,875100.0,874843.0,50.0,-1.017687506690095
17503.0,875150.0,874893.0,50.0,-0.7538216733493693
17504.0,875200.0,874943.0,50.0,-0.7239396605895958
17505.0,875250.0,874993.0,50.0,-0.7980199734355827
17506.0,875300.0,875043.0,50.0,-0.7927913164372237
17507.0,875350.0,875093.0,50.0,-1.7630477651042917
17508.0,875400.0,875143.0,50.0,-0.7467746418896297
17509.0,875450.0,875193.0,50.0,-0.6631666494748594
17510.0,875500.0,875243.0,50.0,-1.4703095601555178
17511.0,875550.0,875293.0,50.0,-0.5922840922328351
17512.0,875600.0,875343.0,50.0,-0.6308496512083357
17513.0,875650.0,875393.0,50.0,-0.48908068234195456
17514.0,875700.0,875443.0,50.0,-0.5369679230178555
17515.0,875750.0,875493.0,50.0,-1.3034329444575912
17516.0,875800.0,875543.0,50.0,-0.6477144361080658
17517.0,875850.0,875593.0,50.0,-1.3561232864345465
17518.0,875900.0,875643.0,50.0,-1.1892301657271518
17519.0,875950.0,875693.0,50.0,-0.687833218481277
17520.0,876000.0,875743.0,50.0,-0.9140902766522049
17521.0,876050.0,875793.0,50.0,-1.6007239395684383
17522.0,876100.0,875843.0,50.0,-1.0710936020380624
17523.0,876150.0,875893.0,50.0,-0.5556367850374009
17524.0,876200.0,875943.0,50.0,-0.529522692184783
17525.0,876250.0,875993.0,50.0,-0.8742200608846243
17526.0,876300.0,876043.0,50.0,-0.8880456319266559
17527.0,876350.0,876093.0,50.0,-0.5918844506030788
17528.0,876400.0,876143.0,50.0,-1.2525737538467054
17529.0,876450.0,876193.0,50.0,-0.6941377178724403
17530.0,876500.0,876243.0,50.0,-0.8673808844851721
17531.0,876550.0,876293.0,50.0,-1.183580330704783
17532.0,876600.0,876343.0,50.0,-0.8423393929410988
17533.0,876650.0,876393.0,50.0,-1.2168994107795261
17534.0,876700.0,876443.0,50.0,-0.7744081837676975
17535.0,876750.0,876493.0,50.0,-0.9866960433920466
17536.0,876800.0,876543.0,50.0,-0.5927394189694766
17537.0,876850.0,876593.0,50.0,-0.7610734118099624
17538.0,876900.0,876643.0,50.0,-1.4336452468374863
17539.0,876950.0,876693.0,50.0,-0.5026257045668638
17540.0,877000.0,876743.0,50.0,-0.790311179350982
17541.0,877050.0,876793.0,50.0,-0.7570712828250307
17542.0,877100.0,876843.0,50.0,-0.7146977621750229
17543.0,877150.0,876893.0,50.0,-0.5389624355383714
17544.0,877200.0,876943.0,50.0,-1.0214561297238287
17545.0,877250.0,876993.0,50.0,-0.9939403558479228
17546.0,877300.0,877043.0,50.0,-0.5849447842801866
17547.0,877350.0,877093.0,50.0,-0.5382331915108943
17548.0,877400.0,877143.0,50.0,-0.6873747903757143
17549.0,877450.0,877193.0,50.0,-0.8241729931263035
17550.0,877500.0,877243.0,50.0,-0.7878100814659142
17551.0,877550.0,877293.0,50.0,-0.987030201830547
17552.0,877600.0,877343.0,50.0,-1.5063677911526825
17553.0,877650.0,877393.0,50.0,-0.8376975706882027
17554.0,877700.0,877443.0,50.0,-0.615004957909099
17555.0,877750.0,877493.0,50.0,-1.9346939848497173
17556.0,877800.0,877543.0,50.0,-0.618786200255912
17557.0,877850.0,877593.0,50.0,-1.1380449893033897
17558.0,877900.0,877643.0,50.0,-0.894052578735387
17559.0,877950.0,877693.0,50.0,-0.492987035468469
17560.0,878000.0,877743.0,50.0,-1.458217435648543
17561.0,878050.0,877793.0,50.0,-1.3008690115418826
17562.0,878100.0,877843.0,50.0,-1.5464191738291404
17563.0,878150.0,877893.0,50.0,-0.5990571508940749
17564.0,878200.0,877943.0,50.0,-0.5850657291333095
17565.0,878250.0,877993.0,50.0,-0.7975605290206277
17566.0,878300.0,878043.0,50.0,-0.9394850646891613
17567.0,878350.0,878093.0,50.0,-1.1645507367421137
17568.0,878400.0,878143.0,50.0,-0.6514596385807057
17569.0,878450.0,878193.0,50.0,-0.7164979328689812
17570.0,878500.0,878243.0,50.0,-1.3871103488983347
17571.0,878550.0,878293.0,50.0,-0.7728198137143508
17572.0,878600.0,878343.0,50.0,-0.7550624357545535
17573.0,878650.0,878393.0,50.0,-0.7304806127258401
17574.0,878700.0,878443.0,50.0,-1.2082547503368628
17575.0,878750.0,878493.0,50.0,-0.905719104999059
17576.0,878800.0,878543.0,50.0,-1.0921384564745507
17577.0,878850.0,878593.0,50.0,-0.6773570914021222
17578.0,878900.0,878643.0,50.0,-0.8842203502106726
17579.0,878950.0,878693.0,50.0,-1.2331930776882782
17580.0,879000.0,878743.0,50.0,-0.5879253734950138
17581.0,879050.0,878793.0,50.0,-0.6941505882694375
17582.0,879100.0,878843.0,50.0,-0.6890363490192012
17583.0,879150.0,878893.0,50.0,-1.2271024708136564
17584.0,879200.0,878943.0,50.0,-0.9410535884787
17585.0,879250.0,878993.0,50.0,-0.7160322853381881
17586.0,879300.0,879043.0,50.0,-1.2195196216428381
17587.0,879350.0,879093.0,50.0,-0.9889412079245681
17588.0,879400.0,879143.0,50.0,-0.5753319651991974
17589.0,879450.0,879193.0,50.0,-0.9347491913907207
17590.0,879500.0,879243.0,50.0,-1.6988033596505494
17591.0,879550.0,879293.0,50.0,-0.5654452650342513
17592.0,879600.0,879343.0,50.0,-0.7887244843137503
17593.0,879650.0,879393.0,50.0,-0.6740622410783468
17594.0,879700.0,879443.0,50.0,-0.714157924684708
17595.0,879750.0,879493.0,50.0,-0.8441898920719286
17596.0,879800.0,879543.0,50.0,-0.8548647724638738
17597.0,879850.0,879593.0,50.0,-0.5034237257114237
17598.0,879900.0,879643.0,50.0,-1.8975152625880969
17599.0,879950.0,879693.0,50.0,-0.6685184067843604
17600.0,880000.0,879743.0,50.0,-0.9950450202138187
17601.0,880050.0,879793.0,50.0,-1.6343149624356272
17602.0,880100.0,879843.0,50.0,-1.0863291578436736
17603.0,880150.0,879893.0,50.0,-1.3628336490018376
17604.0,880200.0,879943.0,50.0,-0.5541318119973317
17605.0,880250.0,879993.0,50.0,-1.5810242123859282
17606.0,880300.0,880043.0,50.0,-0.7228756970513367
17607.0,880350.0,880093.0,50.0,-1.9329819867853355
17608.0,880400.0,880143.0,50.0,-0.7512729434863359
17609.0,880450.0,880193.0,50.0,-0.8213572946731659
17610.0,880500.0,880243.0,50.0,-0.9363881870581633
17611.0,880550.0,880293.0,50.0,-0.5919839219485963
17612.0,880600.0,880343.0,50.0,-0.5874355760209614
17613.0,880650.0,880393.0,50.0,-1.0087818404156033
17614.0,880700.0,880443.0,50.0,-0.6674764200591287
17615.0,880750.0,880493.0,50.0,-0.9587590177901415
17616.0,880800.0,880543.0,50.0,-1.3712463561985155
17617.0,880850.0,880593.0,50.0,-1.0125612060704925
17618.0,880900.0,880643.0,50.0,-1.07922271165745
17619.0,880950.0,880693.0,50.0,-1.214009205397623
17620.0,881000.0,880743.0,50.0,-0.700730230190892
17621.0,881050.0,880793.0,50.0,-1.1431568235068807
17622.0,881100.0,880843.0,50.0,-0.7642044519614593
17623.0,881150.0,880893.0,50.0,-0.7790583147492246
17624.0,881200.0,880943.0,50.0,-1.6163484294023185
17625.0,881250.0,880993.0,50.0,-0.747633425113017
17626.0,881300.0,881043.0,50.0,-2.367005835713409
17627.0,881350.0,881093.0,50.0,-1.2129614848125814
17628.0,881400.0,881143.0,50.0,-0.6913403995129157
17629.0,881450.0,881193.0,50.0,-1.1358867646252637
17630.0,881500.0,881243.0,50.0,-0.7424402403524467
17631.0,881550.0,881293.0,50.0,-0.8885869042841604
17632.0,881600.0,881343.0,50.0,-0.8666420740809029
17633.0,881650.0,881393.0,50.0,-0.9373468208895626
17634.0,881700.0,881443.0,50.0,-1.135602748924523
17635.0,881750.0,881493.0,50.0,-1.0661127360550935
17636.0,881800.0,881543.0,50.0,-0.8534143707505845
17637.0,881850.0,881593.0,50.0,-0.8527913345831772
17638.0,881900.0,881643.0,50.0,-1.250824583119834
17639.0,881950.0,881693.0,50.0,-0.6096022288977546
17640.0,882000.0,881743.0,50.0,-0.8561345082823769
17641.0,882050.0,881793.0,50.0,-0.5416994628956647
17642.0,882100.0,881843.0,50.0,-0.6070383615382278
17643.0,882150.0,881893.0,50.0,-0.8824138058234674
17644.0,882200.0,881943.0,50.0,-0.6964168628813004
17645.0,882250.0,881993.0,50.0,-0.7719946997855074
17646.0,882300.0,882043.0,50.0,-0.6049338141112975
17647.0,882350.0,882093.0,50.0,-0.7280238579858729
17648.0,882400.0,882143.0,50.0,-1.4426909935880232
17649.0,882450.0,882193.0,50.0,-0.5810856335285135
17650.0,882500.0,882243.0,50.0,-2.1774931737541037
17651.0,882550.0,882293.0,50.0,-0.9888294759851481
17652.0,882600.0,882343.0,50.0,-0.8136904921738811
17653.0,882650.0,882393.0,50.0,-0.8557636658901585
17654.0,882700.0,882443.0,50.0,-1.8052514591022515
17655.0,882750.0,882493.0,50.0,-0.864768960967002
17656.0,882800.0,882543.0,50.0,-0.9999456158363518
17657.0,882850.0,882593.0,50.0,-0.5282966215085098
17658.0,882900.0,882643.0,50.0,-0.9140350535404824
17659.0,882950.0,882693.0,50.0,-0.6421472022568947
17660.0,883000.0,882743.0,50.0,-0.6617379482672467
17661.0,883050.0,882793.0,50.0,-0.3754270448357681
17662.0,883100.0,882843.0,50.0,-0.6623085100513338
17663.0,883150.0,882893.0,50.0,-2.0180886334726535
17664.0,883200.0,882943.0,50.0,-1.9381352730757446
17665.0,883250.0,882993.0,50.0,-0.9742029713784592
17666.0,883300.0,883043.0,50.0,-2.1483601776749692
17667.0,883350.0,883093.0,50.0,-1.3475763024295027
17668.0,883400.0,883143.0,50.0,-1.372140368062433
17669.0,883450.0,883193.0,50.0,-1.2238977902470027
17670.0,883500.0,883243.0,50.0,-0.9058450768507665
17671.0,883550.0,883293.0,50.0,-0.7090588776533014
17672.0,883600.0,883343.0,50.0,-0.6145483583740254
17673.0,883650.0,883393.0,50.0,-1.2349382199151413
17674.0,883700.0,883443.0,50.0,-1.9000417310463964
17675.0,883750.0,883493.0,50.0,-0.6583377754843557
17676.0,883800.0,883543.0,50.0,-1.1309448326110985
17677.0,883850.0,883593.0,50.0,-0.45248786033817423
17678.0,883900.0,883643.0,50.0,-1.3841069588717265
17679.0,883950.0,883693.0,50.0,-0.8674916402251369
17680.0,884000.0,883743.0,50.0,-1.2490085600564873
17681.0,884050.0,883793.0,50.0,-0.7448509844691232
17682.0,884100.0,883843.0,50.0,-0.7677412042462546
17683.0,884150.0,883893.0,50.0,-0.6907738483061627
17684.0,884200.0,883943.0,50.0,-0.7830766373742257
17685.0,884250.0,883993.0,50.0,-0.8456441991585686
17686.0,884300.0,884043.0,50.0,-0.7966132573197248
17687.0,884350.0,884093.0,50.0,-0.6720618867421115
17688.0,884400.0,884143.0,50.0,-0.8982728323232569
17689.0,884450.0,884193.0,50.0,-1.5188875652840954
17690.0,884500.0,884243.0,50.0,-0.45390154778420044
17691.0,884550.0,884293.0,50.0,-1.2183033679995532
17692.0,884600.0,884343.0,50.0,-0.777463672981066
17693.0,884650.0,884393.0,50.0,-1.0482849514021402
17694.0,884700.0,884443.0,50.0,-0.548242141711459
17695.0,884750.0,884493.0,50.0,-1.6264989886633503
17696.0,884800.0,884543.0,50.0,-0.8191095651147412
17697.0,884850.0,884593.0,50.0,-0.7962014957670098
17698.0,884900.0,884643.0,50.0,-2.6915692933689495
17699.0,884950.0,884693.0,50.0,-0.8965651906349255
17700.0,885000.0,884743.0,50.0,-0.6156622792655297
17701.0,885050.0,884793.0,50.0,-0.5194516283629438
17702.0,885100.0,884843.0,50.0,-0.7136264146158338
17703.0,885150.0,884893.0,50.0,-0.6227066156137027
17704.0,885200.0,884943.0,50.0,-1.106905458377332
17705.0,885250.0,884993.0,50.0,-1.8161385775867978
17706.0,885300.0,885043.0,50.0,-1.5697413303308971
17707.0,885350.0,885093.0,50.0,-1.622503393230541
17708.0,885400.0,885143.0,50.0,-0.42520520842891657
17709.0,885450.0,885193.0,50.0,-1.0405875259499737
17710.0,885500.0,885243.0,50.0,-0.7564357154872302
17711.0,885550.0,885293.0,50.0,-0.8316630212536037
17712.0,885600.0,885343.0,50.0,-0.9398839990035152
17713.0,885650.0,885393.0,50.0,-0.6239571741938927
17714.0,885700.0,885443.0,50.0,-0.7623536582071511
17715.0,885750.0,885493.0,50.0,-0.9628997788236499
17716.0,885800.0,885543.0,50.0,-1.3104417279433462
17717.0,885850.0,885593.0,50.0,-0.7601782481637765
17718.0,885900.0,885643.0,50.0,-0.8255354322637124
17719.0,885950.0,885693.0,50.0,-1.711656858007792
17720.0,886000.0,885743.0,50.0,-0.796208833417789
17721.0,886050.0,885793.0,50.0,-0.5764032827930157
17722.0,886100.0,885843.0,50.0,-0.7574810098762452
17723.0,886150.0,885893.0,50.0,-0.9283664515879366
17724.0,886200.0,885943.0,50.0,-0.5839568631878672
17725.0,886250.0,885993.0,50.0,-1.7343668685600881
17726.0,886300.0,886043.0,50.0,-0.894272280663085
17727.0,886350.0,886093.0,50.0,-1.6691333697027277
17728.0,886400.0,886143.0,50.0,-1.3051410000053043
17729.0,886450.0,886193.0,50.0,-1.7432752891960395
17730.0,886500.0,886243.0,50.0,-1.4883848256959733
17731.0,886550.0,886293.0,50.0,-1.0736563479184111
17732.0,886600.0,886343.0,50.0,-1.1132196475821652
17733.0,886650.0,886393.0,50.0,-1.4169325519364515
17734.0,886700.0,886443.0,50.0,-0.8072601057945831
17735.0,886750.0,886493.0,50.0,-1.1419043350217977
17736.0,886800.0,886543.0,50.0,-1.3403664316969337
17737.0,886850.0,886593.0,50.0,-0.726976518727857
17738.0,886900.0,886643.0,50.0,-0.7653437761049339
17739.0,886950.0,886693.0,50.0,-0.6973678749674044
17740.0,887000.0,886743.0,50.0,-0.8665566070675182
17741.0,887050.0,886793.0,50.0,-0.49002138008707624
17742.0,887100.0,886843.0,50.0,-1.0953952167350747
17743.0,887150.0,886893.0,50.0,-0.6156692337822329
17744.0,887200.0,886943.0,50.0,-0.6310022220214975
17745.0,887250.0,886993.0,50.0,-0.7354383017739217
17746.0,887300.0,887043.0,50.0,-0.7404000221301965
17747.0,887350.0,887093.0,50.0,-0.7254209850620856
17748.0,887400.0,887143.0,50.0,-0.8103243744865548
17749.0,887450.0,887193.0,50.0,-1.6348772188244334
17750.0,887500.0,887243.0,50.0,-1.3370914193067867
17751.0,887550.0,887293.0,50.0,-0.6887325787225029
17752.0,887600.0,887343.0,50.0,-0.755737534197499
17753.0,887650.0,887393.0,50.0,-0.673328232308437
17754.0,887700.0,887443.0,50.0,-1.0496707149042037
17755.0,887750.0,887493.0,50.0,-1.6193618751260614
17756.0,887800.0,887543.0,50.0,-0.7596526101723312
17757.0,887850.0,887593.0,50.0,-0.9243429675095153
17758.0,887900.0,887643.0,50.0,-1.2121315988746704
17759.0,887950.0,887693.0,50.0,-1.733217049192084
17760.0,888000.0,887743.0,50.0,-0.8597067584582175
17761.0,888050.0,887793.0,50.0,-1.526971347980973
17762.0,888100.0,887843.0,50.0,-1.22021370739955
17763.0,888150.0,887893.0,50.0,-1.8971693422983231
17764.0,888200.0,887943.0,50.0,-1.4613089963799049
17765.0,888250.0,887993.0,50.0,-1.0238140649041692
17766.0,888300.0,888043.0,50.0,-1.2172397536954738
17767.0,888350.0,888093.0,50.0,-1.1321378548994057
17768.0,888400.0,888143.0,50.0,-0.7651055974160119
17769.0,888450.0,888193.0,50.0,-1.1808464896712572
17770.0,888500.0,888243.0,50.0,-1.0761381408559463
17771.0,888550.0,888293.0,50.0,-0.8143847316201884
17772.0,888600.0,888343.0,50.0,-1.5481412947289672
17773.0,888650.0,888393.0,50.0,-1.1276188408233347
17774.0,888700.0,888443.0,50.0,-1.0571482038576245
17775.0,888750.0,888493.0,50.0,-0.8264946480387403
17776.0,888800.0,888543.0,50.0,-0.7450697165697099
17777.0,888850.0,888593.0,50.0,-1.2987860082710985
17778.0,888900.0,888643.0,50.0,-0.7920192421795744
17779.0,888950.0,888693.0,50.0,-1.2061390496862998
17780.0,889000.0,888743.0,50.0,-0.39926749194037026
17781.0,889050.0,888793.0,50.0,-0.9024799625183235
17782.0,889100.0,888843.0,50.0,-1.515682165367493
17783.0,889150.0,888893.0,50.0,-1.1798198842859573
17784.0,889200.0,888943.0,50.0,-1.3506661037560739
17785.0,889250.0,888993.0,50.0,-0.982907107051124
17786.0,889300.0,889043.0,50.0,-0.7032559752809671
17787.0,889350.0,889093.0,50.0,-2.0597240398516523
17788.0,889400.0,889143.0,50.0,-0.9918443531651082
17789.0,889450.0,889193.0,50.0,-0.6645721505841387
17790.0,889500.0,889243.0,50.0,-1.3669117842059098
17791.0,889550.0,889293.0,50.0,-0.4141586998423908
17792.0,889600.0,889343.0,50.0,-1.1480300340649061
17793.0,889650.0,889393.0,50.0,-1.3920679409004948
17794.0,889700.0,889443.0,50.0,-0.7279669147297859
17795.0,889750.0,889493.0,50.0,-0.8147745554219257
17796.0,889800.0,889543.0,50.0,-0.528961628303144
17797.0,889850.0,889593.0,50.0,-1.0679611897803067
17798.0,889900.0,889643.0,50.0,-1.0993599389971027
17799.0,889950.0,889693.0,50.0,-1.3665988206039397
17800.0,890000.0,889743.0,50.0,-1.1910451541713691
17801.0,890050.0,889793.0,50.0,-1.273563895402008
17802.0,890100.0,889843.0,50.0,-2.3996884555241653
17803.0,890150.0,889893.0,50.0,-2.0251270856288914
17804.0,890200.0,889943.0,50.0,-2.213571767940399
17805.0,890250.0,889993.0,50.0,-0.6334771043920555
17806.0,890300.0,890043.0,50.0,-0.8308065822873142
17807.0,890350.0,890093.0,50.0,-0.7819593056590041
17808.0,890400.0,890143.0,50.0,-3.4861799247961534
17809.0,890450.0,890193.0,50.0,-1.0223654695708828
17810.0,890500.0,890243.0,50.0,-0.9521793632627229
17811.0,890550.0,890293.0,50.0,-1.2484795349751487
17812.0,890600.0,890343.0,50.0,-1.4545033674561763
17813.0,890650.0,890393.0,50.0,-2.0684916294627747
17814.0,890700.0,890443.0,50.0,-0.7664601812908224
17815.0,890750.0,890493.0,50.0,-0.6856979714101077
17816.0,890800.0,890543.0,50.0,-1.3128746839783259
17817.0,890850.0,890593.0,50.0,-0.600947287182269
17818.0,890900.0,890643.0,50.0,-0.594999532291555
17819.0,890950.0,890693.0,50.0,-0.7727519096081747
17820.0,891000.0,890743.0,50.0,-1.1928160556981728
17821.0,891050.0,890793.0,50.0,-0.8486722604699833
17822.0,891100.0,890843.0,50.0,-0.7441156508492175
17823.0,891150.0,890893.0,50.0,-0.5123298298644726
17824.0,891200.0,890943.0,50.0,-1.373088405630428
17825.0,891250.0,890993.0,50.0,-1.1311154300816266
17826.0,891300.0,891043.0,50.0,-0.6616059045699063
17827.0,891350.0,891093.0,50.0,-0.824170055663639
17828.0,891400.0,891143.0,50.0,-0.689137373611758
17829.0,891450.0,891193.0,50.0,-0.9809961608727937
17830.0,891500.0,891243.0,50.0,-1.9203442581511418
17831.0,891550.0,891293.0,50.0,-0.6988041210249039
17832.0,891600.0,891343.0,50.0,-0.5267488141979098
17833.0,891650.0,891393.0,50.0,-0.5269121925281053
17834.0,891700.0,891443.0,50.0,-0.9748913864249573
17835.0,891750.0,891493.0,50.0,-0.8218176200061685
17836.0,891800.0,891543.0,50.0,-1.4555954972326157
17837.0,891850.0,891593.0,50.0,-1.476433670350841
17838.0,891900.0,891643.0,50.0,-1.4679653021411658
17839.0,891950.0,891693.0,50.0,-0.46580751014771765
17840.0,892000.0,891743.0,50.0,-0.5703813044368934
17841.0,892050.0,891793.0,50.0,-1.8287716526030526
17842.0,892100.0,891843.0,50.0,-1.1664731215728605
17843.0,892150.0,891893.0,50.0,-0.9142806317423964
17844.0,892200.0,891943.0,50.0,-0.8934516881224374
17845.0,892250.0,891993.0,50.0,-0.9059739156288655
17846.0,892300.0,892043.0,50.0,-0.925174765353696
17847.0,892350.0,892093.0,50.0,-0.4443048862007471
17848.0,892400.0,892143.0,50.0,-0.8394836802421788
17849.0,892450.0,892193.0,50.0,-0.9872412633711919
17850.0,892500.0,892243.0,50.0,-0.6492135910131676
17851.0,892550.0,892293.0,50.0,-2.212434168364215
17852.0,892600.0,892343.0,50.0,-2.420873411861099
17853.0,892650.0,892393.0,50.0,-0.9621241703833324
17854.0,892700.0,892443.0,50.0,-2.114416651950426
17855.0,892750.0,892493.0,50.0,-1.0750908137959587
17856.0,892800.0,892543.0,50.0,-1.3008220960513888
17857.0,892850.0,892593.0,50.0,-0.5725601620808214
17858.0,892900.0,892643.0,50.0,-1.1643162934720133
17859.0,892950.0,892693.0,50.0,-1.4150454276193298
17860.0,893000.0,892743.0,50.0,-0.5492957929276909
17861.0,893050.0,892793.0,50.0,-0.9613536604740477
17862.0,893100.0,892843.0,50.0,-1.0770044372833503
17863.0,893150.0,892893.0,50.0,-0.9386435859759464
17864.0,893200.0,892943.0,50.0,-1.761253986017825
17865.0,893250.0,892993.0,50.0,-0.583926196765665
17866.0,893300.0,893043.0,50.0,-2.4568043060380185
17867.0,893350.0,893093.0,50.0,-1.2066192153281041
17868.0,893400.0,893143.0,50.0,-0.5816923256752937
17869.0,893450.0,893193.0,50.0,-1.0509770718544802
17870.0,893500.0,893243.0,50.0,-0.576875372171287
17871.0,893550.0,893293.0,50.0,-0.8705687415317698
17872.0,893600.0,893343.0,50.0,-1.6912843301032918
17873.0,893650.0,893393.0,50.0,-1.4717482094541163
17874.0,893700.0,893443.0,50.0,-0.806829454687252
17875.0,893750.0,893493.0,50.0,-1.763509303918102
17876.0,893800.0,893543.0,50.0,-1.3659536163228256
17877.0,893850.0,893593.0,50.0,-0.6044459553257577
17878.0,893900.0,893643.0,50.0,-0.7718002134276042
17879.0,893950.0,893693.0,50.0,-0.682913051071363
17880.0,894000.0,893743.0,50.0,-1.6075908532282557
17881.0,894050.0,893793.0,50.0,-1.532798899497277
17882.0,894100.0,893843.0,50.0,-0.8828725854964469
17883.0,894150.0,893893.0,50.0,-0.8873684898771078
17884.0,894200.0,893943.0,50.0,-0.8572236570661373
17885.0,894250.0,893993.0,50.0,-0.924777196091484
17886.0,894300.0,894043.0,50.0,-1.261091564469772
17887.0,894350.0,894093.0,50.0,-1.063394284499677
17888.0,894400.0,894143.0,50.0,-0.7641720986079659
17889.0,894450.0,894193.0,50.0,-1.1285917798964384
17890.0,894500.0,894243.0,50.0,-1.3539328424052621
17891.0,894550.0,894293.0,50.0,-0.9397780096067903
17892.0,894600.0,894343.0,50.0,-1.2588299172046373
17893.0,894650.0,894393.0,50.0,-1.2360532679291554
17894.0,894700.0,894443.0,50.0,-0.5075174476675594
17895.0,894750.0,894493.0,50.0,-0.7809631819818091
17896.0,894800.0,894543.0,50.0,-1.4798906148522133
17897.0,894850.0,894593.0,50.0,-1.0289680058242383
17898.0,894900.0,894643.0,50.0,-1.3708548966292124
17899.0,894950.0,894693.0,50.0,-1.4741238385451207
17900.0,895000.0,894743.0,50.0,-0.8101259565687297
17901.0,895050.0,894793.0,50.0,-1.9373996171116632
17902.0,895100.0,894843.0,50.0,-0.909289098816329
17903.0,895150.0,894893.0,50.0,-0.9460021874232721
17904.0,895200.0,894943.0,50.0,-0.7274933887042994
17905.0,895250.0,894993.0,50.0,-0.7060599600358887
17906.0,895300.0,895043.0,50.0,-0.8871581389467696
17907.0,895350.0,895093.0,50.0,-0.8008298529596564
17908.0,895400.0,895143.0,50.0,-0.6540290115150588
17909.0,895450.0,895193.0,50.0,-1.5909172839963839
17910.0,895500.0,895243.0,50.0,-0.5473222364283242
17911.0,895550.0,895293.0,50.0,-0.8602067994815468
17912.0,895600.0,895343.0,50.0,-0.8988881971217769
17913.0,895650.0,895393.0,50.0,-2.2821244268523406
17914.0,895700.0,895443.0,50.0,-1.7178340863165589
17915.0,895750.0,895493.0,50.0,-0.9042261456635979
17916.0,895800.0,895543.0,50.0,-1.7216492759892712
17917.0,895850.0,895593.0,50.0,-0.891523347274539
17918.0,895900.0,895643.0,50.0,-1.0171238565095224
17919.0,895950.0,895693.0,50.0,-1.1720666929837724
17920.0,896000.0,895743.0,50.0,-0.5530477017509243
17921.0,896050.0,895793.0,50.0,-0.6935608763289133
17922.0,896100.0,895843.0,50.0,-1.0061853265985004
17923.0,896150.0,895893.0,50.0,-1.5770374804217662
17924.0,896200.0,895943.0,50.0,-0.9596510099108772
17925.0,896250.0,895993.0,50.0,-1.1221304313148075
17926.0,896300.0,896043.0,50.0,-0.8137362418301812
17927.0,896350.0,896093.0,50.0,-0.5701825906660047
17928.0,896400.0,896143.0,50.0,-0.6574426864778953
17929.0,896450.0,896193.0,50.0,-1.216197537531823
17930.0,896500.0,896243.0,50.0,-1.089094405980519
17931.0,896550.0,896293.0,50.0,-1.1735816418915332
17932.0,896600.0,896343.0,50.0,-0.9213858457447618
17933.0,896650.0,896393.0,50.0,-0.7798937353990274
17934.0,896700.0,896443.0,50.0,-0.5195989952179646
17935.0,896750.0,896493.0,50.0,-0.7855557275519751
17936.0,896800.0,896543.0,50.0,-0.9876471193847579
17937.0,896850.0,896593.0,50.0,-0.6852059819039955
17938.0,896900.0,896643.0,50.0,-0.6686741581393905
17939.0,896950.0,896693.0,50.0,-1.0876638952433582
17940.0,897000.0,896743.0,50.0,-1.0733271951882892
17941.0,897050.0,896793.0,50.0,-0.8586342155036576
17942.0,897100.0,896843.0,50.0,-0.7982864102201432
17943.0,897150.0,896893.0,50.0,-0.9124224133269994
17944.0,897200.0,896943.0,50.0,-0.8859282218255652
17945.0,897250.0,896993.0,50.0,-0.9191881080162192
17946.0,897300.0,897043.0,50.0,-1.1011573545844902
17947.0,897350.0,897093.0,50.0,-1.037074014064917
17948.0,897400.0,897143.0,50.0,-0.7791224417042403
17949.0,897450.0,897193.0,50.0,-0.7886324285373384
17950.0,897500.0,897243.0,50.0,-1.0201335661878734
17951.0,897550.0,897293.0,50.0,-1.7289735063459668
17952.0,897600.0,897343.0,50.0,-0.6863592788122372
17953.0,897650.0,897393.0,50.0,-0.9334916136823957
17954.0,897700.0,897443.0,50.0,-0.8640848045493107
17955.0,897750.0,897493.0,50.0,-1.1574053123188366
17956.0,897800.0,897543.0,50.0,-2.2211005269957016
17957.0,897850.0,897593.0,50.0,-1.0183739890819685
17958.0,897900.0,897643.0,50.0,-0.7641273889939109
17959.0,897950.0,897693.0,50.0,-1.1130333981363636
17960.0,898000.0,897743.0,50.0,-1.691102174943234
17961.0,898050.0,897793.0,50.0,-1.8540894267728454
17962.0,898100.0,897843.0,50.0,-1.176482133224188
17963.0,898150.0,897893.0,50.0,-1.1253128501273777
17964.0,898200.0,897943.0,50.0,-1.9614469093611244
17965.0,898250.0,897993.0,50.0,-1.9972382626594833
17966.0,898300.0,898043.0,50.0,-0.6163207354329095
17967.0,898350.0,898093.0,50.0,-1.0732049059548612
17968.0,898400.0,898143.0,50.0,-1.125312327707514
17969.0,898450.0,898193.0,50.0,-1.0565632469287833
17970.0,898500.0,898243.0,50.0,-1.1738394749515222
17971.0,898550.0,898293.0,50.0,-0.6431499376858237
17972.0,898600.0,898343.0,50.0,-0.6732434276272831
17973.0,898650.0,898393.0,50.0,-0.6025603462659817
17974.0,898700.0,898443.0,50.0,-0.8463400582508387
17975.0,898750.0,898493.0,50.0,-0.9451770599756986
17976.0,898800.0,898543.0,50.0,-1.558628892186049
17977.0,898850.0,898593.0,50.0,-1.283078427243256
17978.0,898900.0,898643.0,50.0,-0.9742012531073823
17979.0,898950.0,898693.0,50.0,-0.7085832323268125
17980.0,899000.0,898743.0,50.0,-0.8216131765822845
17981.0,899050.0,898793.0,50.0,-0.8794008603542266
17982.0,899100.0,898843.0,50.0,-1.0028861221472283
17983.0,899150.0,898893.0,50.0,-1.1197439175565733
17984.0,899200.0,898943.0,50.0,-1.4449175076419571
17985.0,899250.0,898993.0,50.0,-0.9132896425761596
17986.0,899300.0,899043.0,50.0,-0.6213515188632581
17987.0,899350.0,899093.0,50.0,-1.3044270864176544
17988.0,899400.0,899143.0,50.0,-0.548474874022576
17989.0,899450.0,899193.0,50.0,-1.7345629722878637
17990.0,899500.0,899243.0,50.0,-0.6365612742777244
17991.0,899550.0,899293.0,50.0,-0.6214379707721013
17992.0,899600.0,899343.0,50.0,-1.088249305324103
17993.0,899650.0,899393.0,50.0,-0.6781402662965775
17994.0,899700.0,899443.0,50.0,-0.880286516679604
17995.0,899750.0,899493.0,50.0,-0.5994318282278777
17996.0,899800.0,899543.0,50.0,-0.8531859648061149
17997.0,899850.0,899593.0,50.0,-0.909655197722495
17998.0,899900.0,899643.0,50.0,-0.9872963928329552
17999.0,899950.0,899693.0,50.0,-1.0004010202691027
18000.0,900000.0,899743.0,50.0,-1.1158138214574282
18001.0,900050.0,899793.0,50.0,-1.0088381152425574
18002.0,900100.0,899843.0,50.0,-0.8793535598713187
18003.0,900150.0,899893.0,50.0,-1.1733642928976031
18004.0,900200.0,899943.0,50.0,-1.1435103511160467
18005.0,900250.0,899993.0,50.0,-1.313904361007188
18006.0,900300.0,900043.0,50.0,-0.7629683537080759
18007.0,900350.0,900093.0,50.0,-1.0834938902207853
18008.0,900400.0,900143.0,50.0,-1.1910033180558983
18009.0,900450.0,900193.0,50.0,-1.134120669223903
18010.0,900500.0,900243.0,50.0,-1.1766330634239885
18011.0,900550.0,900293.0,50.0,-0.8670477764896456
18012.0,900600.0,900343.0,50.0,-0.955987327429291
18013.0,900650.0,900393.0,50.0,-1.0621623888893987
18014.0,900700.0,900443.0,50.0,-0.7234157294496625
18015.0,900750.0,900493.0,50.0,-1.0192681044623062
18016.0,900800.0,900543.0,50.0,-1.480530976354667
18017.0,900850.0,900593.0,50.0,-1.1874748334944092
18018.0,900900.0,900643.0,50.0,-0.7104432739946753
18019.0,900950.0,900693.0,50.0,-1.192142139235007
18020.0,901000.0,900743.0,50.0,-1.3412995005302562
18021.0,901050.0,900793.0,50.0,-0.9143292117912691
18022.0,901100.0,900843.0,50.0,-1.5513341095379911
18023.0,901150.0,900893.0,50.0,-1.1605944202797083
18024.0,901200.0,900943.0,50.0,-1.3245793157846237
18025.0,901250.0,900993.0,50.0,-1.0835641337484632
18026.0,901300.0,901043.0,50.0,-0.7073122699898371
18027.0,901350.0,901093.0,50.0,-1.269480863735096
18028.0,901400.0,901143.0,50.0,-1.5871140626109557
18029.0,901450.0,901193.0,50.0,-0.4830554025417165
18030.0,901500.0,901243.0,50.0,-0.7193395967957351
18031.0,901550.0,901293.0,50.0,-0.9342488143782504
18032.0,901600.0,901343.0,50.0,-0.9951554034602093
18033.0,901650.0,901393.0,50.0,-1.0046663959873225
18034.0,901700.0,901443.0,50.0,-1.0387128237263403
18035.0,901750.0,901493.0,50.0,-0.9248880769631987
18036.0,901800.0,901543.0,50.0,-0.6174180875323164
18037.0,901850.0,901593.0,50.0,-0.9234059898717807
18038.0,901900.0,901643.0,50.0,-1.4651511503422872
18039.0,901950.0,901693.0,50.0,-0.6051452468115956
18040.0,902000.0,901743.0,50.0,-1.0158662339442472
18041.0,902050.0,901793.0,50.0,-0.8382208213356249
18042.0,902100.0,901843.0,50.0,-0.6793675245988863
18043.0,902150.0,901893.0,50.0,-1.7424100927312423
18044.0,902200.0,901943.0,50.0,-1.3697637691830635
18045.0,902250.0,901993.0,50.0,-1.3555459524131
18046.0,902300.0,902043.0,50.0,-1.0104787082270708
18047.0,902350.0,902093.0,50.0,-0.5384215118610209
18048.0,902400.0,902143.0,50.0,-0.5709807014229128
18049.0,902450.0,902193.0,50.0,-0.5624238728006355
18050.0,902500.0,902243.0,50.0,-0.8192028543579695
18051.0,902550.0,902293.0,50.0,-1.2812745332540216
18052.0,902600.0,902343.0,50.0,-0.9210977116904621
18053.0,902650.0,902393.0,50.0,-1.2831856668935195
18054.0,902700.0,902443.0,50.0,-1.4655008920503436
18055.0,902750.0,902493.0,50.0,-0.6204827420417947
18056.0,902800.0,902543.0,50.0,-1.0226881296937698
18057.0,902850.0,902593.0,50.0,-1.2297577090372813
18058.0,902900.0,902643.0,50.0,-0.6227706094885417
18059.0,902950.0,902693.0,50.0,-0.7359123140314807
18060.0,903000.0,902743.0,50.0,-1.542627946198067
18061.0,903050.0,902793.0,50.0,-0.6624196089971439
18062.0,903100.0,902843.0,50.0,-1.501479492556278
18063.0,903150.0,902893.0,50.0,-0.77905902922407
18064.0,903200.0,902943.0,50.0,-1.5108638743319238
18065.0,903250.0,902993.0,50.0,-1.1957572477417409
18066.0,903300.0,903043.0,50.0,-1.2545116342511258
18067.0,903350.0,903093.0,50.0,-1.2441401547319102
18068.0,903400.0,903143.0,50.0,-1.4665715275225937
18069.0,903450.0,903193.0,50.0,-0.667307486503905
18070.0,903500.0,903243.0,50.0,-0.7819104369301344
18071.0,903550.0,903293.0,50.0,-1.4577163329175082
18072.0,903600.0,903343.0,50.0,-0.7268159998251216
18073.0,903650.0,903393.0,50.0,-0.6540808770610511
18074.0,903700.0,903443.0,50.0,-0.6500854849733383
18075.0,903750.0,903493.0,50.0,-0.5627237700983394
18076.0,903800.0,903543.0,50.0,-0.9397146112004109
18077.0,903850.0,903593.0,50.0,-0.7325429839273518
18078.0,903900.0,903643.0,50.0,-1.0455285249745252
18079.0,903950.0,903693.0,50.0,-0.9052067453352736
18080.0,904000.0,903743.0,50.0,-1.722612600273925
18081.0,904050.0,903793.0,50.0,-2.095729883803817
18082.0,904100.0,903843.0,50.0,-1.71467459267141
18083.0,904150.0,903893.0,50.0,-0.9534270510306568
18084.0,904200.0,903943.0,50.0,-0.7010374363101293
18085.0,904250.0,903993.0,50.0,-3.0062439345668213
18086.0,904300.0,904043.0,50.0,-0.6128787296827298
18087.0,904350.0,904093.0,50.0,-0.9857466171780835
18088.0,904400.0,904143.0,50.0,-0.37017333297541577
18089.0,904450.0,904193.0,50.0,-0.7264052138427028
18090.0,904500.0,904243.0,50.0,-0.7822020037430468
18091.0,904550.0,904293.0,50.0,-0.6019453426289644
18092.0,904600.0,904343.0,50.0,-1.5125737017636505
18093.0,904650.0,904393.0,50.0,-0.6881867270574122
18094.0,904700.0,904443.0,50.0,-1.522293432785952
18095.0,904750.0,904493.0,50.0,-1.3524731209588752
18096.0,904800.0,904543.0,50.0,-1.5570587428928155
18097.0,904850.0,904593.0,50.0,-0.3712294342552153
18098.0,904900.0,904643.0,50.0,-0.554160303421276
18099.0,904950.0,904693.0,50.0,-0.4953320331523827
18100.0,905000.0,904743.0,50.0,-1.1409605694741578
18101.0,905050.0,904793.0,50.0,-0.42727136326675913
18102.0,905100.0,904843.0,50.0,-0.6674624558176842
18103.0,905150.0,904893.0,50.0,-2.3189895056594914
18104.0,905200.0,904943.0,50.0,-0.5535977825961169
18105.0,905250.0,904993.0,50.0,-1.189101527143813
18106.0,905300.0,905043.0,50.0,-1.5103621556705809
18107.0,905350.0,905093.0,50.0,-0.7706224295525992
18108.0,905400.0,905143.0,50.0,-1.7762429538255424
18109.0,905450.0,905193.0,50.0,-0.7552160294272809
18110.0,905500.0,905243.0,50.0,-0.7285882657351929
18111.0,905550.0,905293.0,50.0,-0.5747683027087759
18112.0,905600.0,905343.0,50.0,-1.6927603918115577
18113.0,905650.0,905393.0,50.0,-1.4750337905573523
18114.0,905700.0,905443.0,50.0,-0.6721589298042095
18115.0,905750.0,905493.0,50.0,-1.2062257945509254
18116.0,905800.0,905543.0,50.0,-0.8238940680838815
18117.0,905850.0,905593.0,50.0,-1.4764903404377239
18118.0,905900.0,905643.0,50.0,-0.9083809029869895
18119.0,905950.0,905693.0,50.0,-0.6788049870766073
18120.0,906000.0,905743.0,50.0,-1.0732568601792467
18121.0,906050.0,905793.0,50.0,-1.8933253563888877
18122.0,906100.0,905843.0,50.0,-1.5214837270010462
18123.0,906150.0,905893.0,50.0,-1.1192659175142943
18124.0,906200.0,905943.0,50.0,-0.9513513087397956
18125.0,906250.0,905993.0,50.0,-1.6378709886742695
18126.0,906300.0,906043.0,50.0,-1.0640228721831428
18127.0,906350.0,906093.0,50.0,-1.131738232350545
18128.0,906400.0,906143.0,50.0,-0.89663864835657
18129.0,906450.0,906193.0,50.0,-0.9905997913137331
18130.0,906500.0,906243.0,50.0,-0.9888409156975062
18131.0,906550.0,906293.0,50.0,-1.9185234384253436
18132.0,906600.0,906343.0,50.0,-1.5095473378648032
18133.0,906650.0,906393.0,50.0,-0.7842104550426892
18134.0,906700.0,906443.0,50.0,-1.2485668369609177
18135.0,906750.0,906493.0,50.0,-0.8134041443007334
18136.0,906800.0,906543.0,50.0,-0.603209831615422
18137.0,906850.0,906593.0,50.0,-0.9212225350339954
18138.0,906900.0,906643.0,50.0,-0.840329503041431
18139.0,906950.0,906693.0,50.0,-1.4673629275378695
18140.0,907000.0,906743.0,50.0,-0.6951250778560354
18141.0,907050.0,906793.0,50.0,-0.6300774491384342
18142.0,907100.0,906843.0,50.0,-2.6762333566999765
18143.0,907150.0,906893.0,50.0,-1.3103952075780572
18144.0,907200.0,906943.0,50.0,-1.7454866712372663
18145.0,907250.0,906993.0,50.0,-1.1315998240433136
18146.0,907300.0,907043.0,50.0,-1.579619302692792
18147.0,907350.0,907093.0,50.0,-1.4209789823111605
18148.0,907400.0,907143.0,50.0,-1.1832087835326481
18149.0,907450.0,907193.0,50.0,-0.8336223656927665
18150.0,907500.0,907243.0,50.0,-1.0920023714421676
18151.0,907550.0,907293.0,50.0,-0.7664660177607181
18152.0,907600.0,907343.0,50.0,-0.3425069426849731
18153.0,907650.0,907393.0,50.0,-0.98701968920316
18154.0,907700.0,907443.0,50.0,-0.6573026205433524
18155.0,907750.0,907493.0,50.0,-1.073702041195059
18156.0,907800.0,907543.0,50.0,-1.1232944383989487
18157.0,907850.0,907593.0,50.0,-0.4992148088122508
18158.0,907900.0,907643.0,50.0,-0.5352837444579687
18159.0,907950.0,907693.0,50.0,-0.7576743412171008
18160.0,908000.0,907743.0,50.0,-0.7049432797319748
18161.0,908050.0,907793.0,50.0,-0.8962108996590583
18162.0,908100.0,907843.0,50.0,-1.8593193486074266
18163.0,908150.0,907893.0,50.0,-1.3675629391680302
18164.0,908200.0,907943.0,50.0,-1.181353862661663
18165.0,908250.0,907993.0,50.0,-1.1321249415907961
18166.0,908300.0,908043.0,50.0,-1.4035666492890797
18167.0,908350.0,908093.0,50.0,-0.767222963311543
18168.0,908400.0,908143.0,50.0,-0.8656579080763317
18169.0,908450.0,908193.0,50.0,-0.5353590551745279
18170.0,908500.0,908243.0,50.0,-0.8789175905407232
18171.0,908550.0,908293.0,50.0,-1.2191477505419135
18172.0,908600.0,908343.0,50.0,-0.5752127889114073
18173.0,908650.0,908393.0,50.0,-0.5913630158343338
18174.0,908700.0,908443.0,50.0,-0.4974378521487594
18175.0,908750.0,908493.0,50.0,-1.6555683251429916
18176.0,908800.0,908543.0,50.0,-1.1075231186978267
18177.0,908850.0,908593.0,50.0,-1.1612305199442894
18178.0,908900.0,908643.0,50.0,-0.9760310438315501
18179.0,908950.0,908693.0,50.0,-0.674832180572121
18180.0,909000.0,908743.0,50.0,-0.6864932323086016
18181.0,909050.0,908793.0,50.0,-0.5042437328862678
18182.0,909100.0,908843.0,50.0,-0.6589367605192962
18183.0,909150.0,908893.0,50.0,-0.9407388054084981
18184.0,909200.0,908943.0,50.0,-0.6618776972771121
18185.0,909250.0,908993.0,50.0,-0.7445765663558578
18186.0,909300.0,909043.0,50.0,-0.8079582625767626
18187.0,909350.0,909093.0,50.0,-1.148306330944086
18188.0,909400.0,909143.0,50.0,-1.002847435847764
18189.0,909450.0,909193.0,50.0,-0.9549030306965941
18190.0,909500.0,909243.0,50.0,-0.5612141435567753
18191.0,909550.0,909293.0,50.0,-0.6926373645377165
18192.0,909600.0,909343.0,50.0,-0.5417679065552421
18193.0,909650.0,909393.0,50.0,-0.6314645960111277
18194.0,909700.0,909443.0,50.0,-1.2740312178833917
18195.0,909750.0,909493.0,50.0,-0.9030580050955194
18196.0,909800.0,909543.0,50.0,-1.0360143874143934
18197.0,909850.0,909593.0,50.0,-0.4757206291588849
18198.0,909900.0,909643.0,50.0,-1.5310898906909307
18199.0,909950.0,909693.0,50.0,-0.29540229104157384
18200.0,910000.0,909743.0,50.0,-1.9156268525719125
18201.0,910050.0,909793.0,50.0,-0.8728041424717579
18202.0,910100.0,909843.0,50.0,-0.6278341754834323
18203.0,910150.0,909893.0,50.0,-0.5702090834689311
18204.0,910200.0,909943.0,50.0,-0.6229404896199006
18205.0,910250.0,909993.0,50.0,-0.6215273771400879
18206.0,910300.0,910043.0,50.0,-0.7524237407081692
18207.0,910350.0,910093.0,50.0,-0.6218239924649916
18208.0,910400.0,910143.0,50.0,-1.0858454810989973
18209.0,910450.0,910193.0,50.0,-0.6633062830210874
18210.0,910500.0,910243.0,50.0,-0.5004706240027575
18211.0,910550.0,910293.0,50.0,-0.7437550973263614
18212.0,910600.0,910343.0,50.0,-0.6516334063421945
18213.0,910650.0,910393.0,50.0,-0.6427535290397898
18214.0,910700.0,910443.0,50.0,-0.8748897324338165
18215.0,910750.0,910493.0,50.0,-0.5348112665379849
18216.0,910800.0,910543.0,50.0,-1.3640855894272848
18217.0,910850.0,910593.0,50.0,-0.6070886653830384
18218.0,910900.0,910643.0,50.0,-1.326220743447933
18219.0,910950.0,910693.0,50.0,-0.6115510441859742
18220.0,911000.0,910743.0,50.0,-1.784895926888456
18221.0,911050.0,910793.0,50.0,-1.5887446472090856
18222.0,911100.0,910843.0,50.0,-1.4623398801107927
18223.0,911150.0,910893.0,50.0,-0.8065825724548897
18224.0,911200.0,910943.0,50.0,-0.9053035788487919
18225.0,911250.0,910993.0,50.0,-0.9541384836014775
18226.0,911300.0,911043.0,50.0,-2.034274737966519
18227.0,911350.0,911093.0,50.0,-0.8395232891611528
18228.0,911400.0,911143.0,50.0,-0.755138254347283
18229.0,911450.0,911193.0,50.0,-0.7982283869717098
18230.0,911500.0,911243.0,50.0,-0.792517444700893
18231.0,911550.0,911293.0,50.0,-0.6736267674942308
18232.0,911600.0,911343.0,50.0,-0.7111322644092468
18233.0,911650.0,911393.0,50.0,-0.6093931366375652
18234.0,911700.0,911443.0,50.0,-2.0530822527604404
18235.0,911750.0,911493.0,50.0,-0.9049538430599041
18236.0,911800.0,911543.0,50.0,-0.5932975717893062
18237.0,911850.0,911593.0,50.0,-1.4336053242036984
18238.0,911900.0,911643.0,50.0,-1.8766417106226516
18239.0,911950.0,911693.0,50.0,-0.8065864978394268
18240.0,912000.0,911743.0,50.0,-1.497799991667908
18241.0,912050.0,911793.0,50.0,-0.8570380165804082
18242.0,912100.0,911843.0,50.0,-0.7320232650129923
18243.0,912150.0,911893.0,50.0,-1.1108306354502409
18244.0,912200.0,911943.0,50.0,-1.1084484270116586
18245.0,912250.0,911993.0,50.0,-1.1170212623684497
18246.0,912300.0,912043.0,50.0,-0.6837234993013432
18247.0,912350.0,912093.0,50.0,-0.46659416891636074
18248.0,912400.0,912143.0,50.0,-1.3054520033337016
18249.0,912450.0,912193.0,50.0,-0.6350933486937018
18250.0,912500.0,912243.0,50.0,-0.6922879750166772
18251.0,912550.0,912293.0,50.0,-1.4916740419577734
18252.0,912600.0,912343.0,50.0,-1.5248450976111774
18253.0,912650.0,912393.0,50.0,-1.0519032621948863
18254.0,912700.0,912443.0,50.0,-1.5220865654335705
18255.0,912750.0,912493.0,50.0,-0.5864811553696355
18256.0,912800.0,912543.0,50.0,-0.5994919742348176
18257.0,912850.0,912593.0,50.0,-0.8420784945975419
18258.0,912900.0,912643.0,50.0,-0.7403023048585979
18259.0,912950.0,912693.0,50.0,-0.6606090450857971
18260.0,913000.0,912743.0,50.0,-0.6460928482307134
18261.0,913050.0,912793.0,50.0,-0.8289768365154986
18262.0,913100.0,912843.0,50.0,-0.870535450116829
18263.0,913150.0,912893.0,50.0,-0.9287357927111471
18264.0,913200.0,912943.0,50.0,-1.8274457221811036
18265.0,913250.0,912993.0,50.0,-0.7687372844108001
18266.0,913300.0,913043.0,50.0,-0.7506901170918973
18267.0,913350.0,913093.0,50.0,-0.696776607200284
18268.0,913400.0,913143.0,50.0,-1.1893880750028194
18269.0,913450.0,913193.0,50.0,-1.632262259930661
18270.0,913500.0,913243.0,50.0,-0.9028312546418402
18271.0,913550.0,913293.0,50.0,-0.5761942654518424
18272.0,913600.0,913343.0,50.0,-0.4742124540993472
18273.0,913650.0,913393.0,50.0,-1.44563914366728
18274.0,913700.0,913443.0,50.0,-0.8636343145573908
18275.0,913750.0,913493.0,50.0,-0.9033017297589817
18276.0,913800.0,913543.0,50.0,-1.777115538471877
18277.0,913850.0,913593.0,50.0,-0.5985657204185455
18278.0,913900.0,913643.0,50.0,-0.8428838418639393
18279.0,913950.0,913693.0,50.0,-0.5355591092402753
18280.0,914000.0,913743.0,50.0,-0.7392491125344705
18281.0,914050.0,913793.0,50.0,-0.5617403188101615
18282.0,914100.0,913843.0,50.0,-0.6785056032312479
18283.0,914150.0,913893.0,50.0,-1.4712228728704477
18284.0,914200.0,913943.0,50.0,-0.9868381350509604
18285.0,914250.0,913993.0,50.0,-1.3683870909481295
18286.0,914300.0,914043.0,50.0,-0.8927674933405971
18287.0,914350.0,914093.0,50.0,-1.7047188508396176
18288.0,914400.0,914143.0,50.0,-1.1692252791436846
18289.0,914450.0,914193.0,50.0,-1.3720675065552137
18290.0,914500.0,914243.0,50.0,-1.2222684857300552
18291.0,914550.0,914293.0,50.0,-0.7311510263236342
18292.0,914600.0,914343.0,50.0,-0.41427853725815444
18293.0,914650.0,914393.0,50.0,-0.7012675593114717
18294.0,914700.0,914443.0,50.0,-1.2280011572277456
18295.0,914750.0,914493.0,50.0,-0.6578671299818895
18296.0,914800.0,914543.0,50.0,-0.8395062544818069
18297.0,914850.0,914593.0,50.0,-0.4820137551900276
18298.0,914900.0,914643.0,50.0,-1.527964329931708
18299.0,914950.0,914693.0,50.0,-1.1062402622116165
18300.0,915000.0,914743.0,50.0,-0.7040466078248202
18301.0,915050.0,914793.0,50.0,-0.7455922684424714
18302.0,915100.0,914843.0,50.0,-0.8558239312747977
18303.0,915150.0,914893.0,50.0,-0.8174516138212334
18304.0,915200.0,914943.0,50.0,-1.306614519065914
18305.0,915250.0,914993.0,50.0,-0.6289225890165094
18306.0,915300.0,915043.0,50.0,-0.8118115082624212
18307.0,915350.0,915093.0,50.0,-0.46536577973690474
18308.0,915400.0,915143.0,50.0,-0.47900463141865673
18309.0,915450.0,915193.0,50.0,-0.8211402536130954
18310.0,915500.0,915243.0,50.0,-1.5143799302262788
18311.0,915550.0,915293.0,50.0,-0.8344199838720713
18312.0,915600.0,915343.0,50.0,-1.8398033742411621
18313.0,915650.0,915393.0,50.0,-1.035557594599519
18314.0,915700.0,915443.0,50.0,-0.8320217444386211
18315.0,915750.0,915493.0,50.0,-1.234761354626743
18316.0,915800.0,915543.0,50.0,-1.824733084017359
18317.0,915850.0,915593.0,50.0,-1.174669526188509
18318.0,915900.0,915643.0,50.0,-1.558738545522795
18319.0,915950.0,915693.0,50.0,-0.9251055092355637
18320.0,916000.0,915743.0,50.0,-1.0130648766570787
18321.0,916050.0,915793.0,50.0,-0.7427258947047688
18322.0,916100.0,915843.0,50.0,-0.3924635851162906
18323.0,916150.0,915893.0,50.0,-0.4412403218412344
18324.0,916200.0,915943.0,50.0,-0.7215951822224472
18325.0,916250.0,915993.0,50.0,-0.8676967632118574
18326.0,916300.0,916043.0,50.0,-1.0110537672236655
18327.0,916350.0,916093.0,50.0,-0.9001707268297126
18328.0,916400.0,916143.0,50.0,-0.952799511000707
18329.0,916450.0,916193.0,50.0,-0.7035487051020698
18330.0,916500.0,916243.0,50.0,-1.0474289890156632
18331.0,916550.0,916293.0,50.0,-1.1934744442976861
18332.0,916600.0,916343.0,50.0,-0.5636790151313669
18333.0,916650.0,916393.0,50.0,-0.6754238283917144
18334.0,916700.0,916443.0,50.0,-1.028472645503467
18335.0,916750.0,916493.0,50.0,-0.8570165458651897
18336.0,916800.0,916543.0,50.0,-0.42166673619540207
18337.0,916850.0,916593.0,50.0,-1.131176250303478
18338.0,916900.0,916643.0,50.0,-1.1065836342887183
18339.0,916950.0,916693.0,50.0,-0.45766720272081446
18340.0,917000.0,916743.0,50.0,-0.6447880002859243
18341.0,917050.0,916793.0,50.0,-0.8755976219382009
18342.0,917100.0,916843.0,50.0,-0.8757946794015677
18343.0,917150.0,916893.0,50.0,-0.5354124790606547
18344.0,917200.0,916943.0,50.0,-0.6173535923672789
18345.0,917250.0,916993.0,50.0,-1.7923893136279423
18346.0,917300.0,917043.0,50.0,-0.7050446001188265
18347.0,917350.0,917093.0,50.0,-0.6097320607709839
18348.0,917400.0,917143.0,50.0,-0.8113975913232798
18349.0,917450.0,917193.0,50.0,-0.8643887906286204
18350.0,917500.0,917243.0,50.0,-0.8177154963604335
18351.0,917550.0,917293.0,50.0,-0.6210998400979115
18352.0,917600.0,917343.0,50.0,-1.139521185494185
18353.0,917650.0,917393.0,50.0,-0.6667222289887361
18354.0,917700.0,917443.0,50.0,-0.504611658161031
18355.0,917750.0,917493.0,50.0,-0.6985120477232007
18356.0,917800.0,917543.0,50.0,-0.694311007011876
18357.0,917850.0,917593.0,50.0,-0.7776718651755741
18358.0,917900.0,917643.0,50.0,-0.8535343125787601
18359.0,917950.0,917693.0,50.0,-1.0401479062511083
18360.0,918000.0,917743.0,50.0,-1.3467785786880442
18361.0,918050.0,917793.0,50.0,-0.43036817006978273
18362.0,918100.0,917843.0,50.0,-0.5132064890984016
18363.0,918150.0,917893.0,50.0,-1.1023133115102617
18364.0,918200.0,917943.0,50.0,-1.0729998106265795
18365.0,918250.0,917993.0,50.0,-1.095335877955931
18366.0,918300.0,918043.0,50.0,-0.6182201434628658
18367.0,918350.0,918093.0,50.0,-0.4087799342239364
18368.0,918400.0,918143.0,50.0,-0.6481709560096747
18369.0,918450.0,918193.0,50.0,-1.3744325252316378
18370.0,918500.0,918243.0,50.0,-0.4740425064818662
18371.0,918550.0,918293.0,50.0,-1.3017714126191837
18372.0,918600.0,918343.0,50.0,-0.8851380581698828
18373.0,918650.0,918393.0,50.0,-1.200889549519432
18374.0,918700.0,918443.0,50.0,-0.8223263292528517
18375.0,918750.0,918493.0,50.0,-1.2144971324438478
18376.0,918800.0,918543.0,50.0,-0.8179981220075573
18377.0,918850.0,918593.0,50.0,-0.9065766280686202
18378.0,918900.0,918643.0,50.0,-0.4759197689805429
18379.0,918950.0,918693.0,50.0,-1.2362438702481147
18380.0,919000.0,918743.0,50.0,-0.8430886098912276
18381.0,919050.0,918793.0,50.0,-0.7215814625016738
18382.0,919100.0,918843.0,50.0,-0.6712311853561546
18383.0,919150.0,918893.0,50.0,-0.7714814490454404
18384.0,919200.0,918943.0,50.0,-0.705728171765907
18385.0,919250.0,918993.0,50.0,-0.7087592751162017
18386.0,919300.0,919043.0,50.0,-0.656057828654068
18387.0,919350.0,919093.0,50.0,-0.9164011522238878
18388.0,919400.0,919143.0,50.0,-0.4836450979342276
18389.0,919450.0,919193.0,50.0,-0.673444893823237
18390.0,919500.0,919243.0,50.0,-0.47991404300898755
18391.0,919550.0,919293.0,50.0,-1.1926399842020863
18392.0,919600.0,919343.0,50.0,-0.6482720280000652
18393.0,919650.0,919393.0,50.0,-0.7586800295083105
18394.0,919700.0,919443.0,50.0,-1.0065026469377594
18395.0,919750.0,919493.0,50.0,-1.257373743814925
18396.0,919800.0,919543.0,50.0,-0.7770769573304515
18397.0,919850.0,919593.0,50.0,-2.2972937161871143
18398.0,919900.0,919643.0,50.0,-2.5651777336666126
18399.0,919950.0,919693.0,50.0,-0.533797367607617
18400.0,920000.0,919743.0,50.0,-1.2973716780106537
